0 0.7495826377295493 0.6581291759465479 0.09682804674457429 0.13140311804008908
1 0.4240400667779633 0.6247216035634744 0.07345575959933222 0.11358574610244988
1 0.508347245409015 0.6135857461024499 0.05843071786310518 0.08240534521158129
1 0.8113522537562604 0.623608017817372 0.06343906510851419 0.09799554565701558
1 0.8681135225375626 0.6291759465478841 0.05342237061769616 0.06458797327394208
1 0.08013355592654424 0.5634743875278396 0.05342237061769616 0.06681514476614699
1 0.17445742904841402 0.5512249443207127 0.041736227045075125 0.051224944320712694
1 0.22036727879799667 0.5300668151447662 0.0333889816360601 0.044543429844097995
1 0.2896494156928214 0.5244988864142539 0.028380634390651086 0.042316258351893093
0 0.27462437395659434 0.5144766146993318 0.021702838063439065 0.031180400890868595
1 0.337228714524207 0.5289532293986636 0.02337228714524207 0.028953229398663696
1 0.31719532554257096 0.510022271714922 0.02003338898163606 0.026726057906458794
1 0.4307178631051753 0.4766146993318485 0.01669449081803005 0.022271714922048998
1 0.31302170283806346 0.47216035634743875 0.011686143572621035 0.017817371937639197
1 0.3731218697829716 0.5144766146993318 0.018363939899833055 0.026726057906458794
1 0.3831385642737897 0.5044543429844098 0.018363939899833055 0.028953229398663696
1 0.5175292153589316 0.49331848552338525 0.01335559265442404 0.020044543429844096
0 0.5475792988313857 0.5167037861915367 0.02671118530884808 0.031180400890868595
0 0.7821368948247078 0.5178173719376392 0.028380634390651086 0.03340757238307349
0 0.8447412353923206 0.5200445434298441 0.03005008347245409 0.04677060133630289
0 0.6844741235392321 0.5267260579064588 0.03005008347245409 0.051224944320712694
1 0.03589315525876461 0.5612472160356348 0.035058430717863104 0.05345211581291759
1 0.044240400667779636 0.5378619153674833 0.038397328881469114 0.042316258351893093
1 0.1293823038397329 0.5300668151447662 0.028380634390651086 0.044543429844097995
1 0.10934891485809684 0.5478841870824053 0.035058430717863104 0.05345211581291759
1 0.11936560934891487 0.4743875278396436 0.021702838063439065 0.026726057906458794
1 0.13522537562604342 0.47995545657015587 0.01669449081803005 0.024498886414253896
1 0.15859766277128548 0.4821826280623608 0.01669449081803005 0.028953229398663696
1 0.24707846410684475 0.5044543429844098 0.01669449081803005 0.024498886414253896
1 0.2303839732888147 0.4688195991091314 0.01335559265442404 0.020044543429844096
1 0.24791318864774625 0.4621380846325167 0.011686143572621035 0.015590200445434297
