0 0.6845454545454546 0.33972602739726027 0.23454545454545456 0.3780821917808219
0 0.9481818181818181 0.3452054794520548 0.10363636363636364 0.2191780821917808
0 0.8563636363636363 0.3287671232876712 0.06909090909090909 0.136986301369863
0 0.38181818181818183 0.2821917808219178 0.04727272727272727 0.0821917808219178
0 0.3481818181818182 0.2876712328767123 0.034545454545454546 0.07671232876712329
0 0.27454545454545454 0.2452054794520548 0.13818181818181818 0.2054794520547945
0 0.20727272727272728 0.263013698630137 0.07636363636363637 0.1589041095890411
1 0.4718181818181818 0.263013698630137 0.12545454545454546 0.24657534246575344
1 0.8109090909090909 0.2589041095890411 0.02909090909090909 0.04657534246575343
0 0.5663636363636364 0.3273972602739726 0.06727272727272728 0.1726027397260274
0 0.02 0.24794520547945206 0.03636363636363636 0.07945205479452055
