0 0.3126984126984127 0.7500000000000001 0.13333333333333333 0.2
0 0.6611111111111111 0.5464285714285715 0.09365079365079365 0.1642857142857143
0 0.7396825396825397 0.6738095238095239 0.13015873015873017 0.2
0 0.8071428571428572 0.3190476190476191 0.05873015873015873 0.1
0 0.780952380952381 0.23333333333333336 0.06031746031746032 0.09523809523809525
0 0.6579365079365079 0.2690476190476191 0.046031746031746035 0.08571428571428572
0 0.6452380952380953 0.1904761904761905 0.046031746031746035 0.0761904761904762
0 0.1634920634920635 0.06547619047619048 0.01904761904761905 0.030952380952380953
1 0.07301587301587302 0.28095238095238095 0.04126984126984127 0.0761904761904762
1 0.09444444444444444 0.18809523809523812 0.03333333333333333 0.05714285714285715
1 0.16984126984126985 0.10357142857142858 0.01904761904761905 0.045238095238095244
1 0.21031746031746032 0.06666666666666668 0.01746031746031746 0.03333333333333334
1 0.08015873015873017 0.04166666666666667 0.020634920634920634 0.03571428571428572
1 0.03888888888888889 0.034523809523809526 0.026984126984126985 0.04047619047619048
1 0.4174603174603175 0.029761904761904764 0.01904761904761905 0.03571428571428572
1 0.3904761904761905 0.15357142857142858 0.031746031746031744 0.05
1 0.6349206349206349 0.029761904761904764 0.01904761904761905 0.030952380952380953
1 0.7301587301587301 0.15952380952380954 0.0380952380952381 0.08095238095238096
1 0.7666666666666667 0.09523809523809525 0.02857142857142857 0.06190476190476191
0 0.623015873015873 0.27380952380952384 0.04285714285714286 0.09047619047619049
1 0.3103174603174603 0.04166666666666667 0.011111111111111112 0.026190476190476195
