0 0.135 0.28488372093023256 0.06666666666666667 0.10930232558139535
0 0.3691666666666667 0.3058139534883721 0.028333333333333335 0.06744186046511627
0 0.395 0.3069767441860465 0.04 0.06976744186046512
0 0.42000000000000004 0.3383720930232558 0.05 0.09069767441860466
0 0.4741666666666667 0.3441860465116279 0.05166666666666667 0.09767441860465116
0 0.525 0.3581395348837209 0.060000000000000005 0.10697674418604651
0 0.6058333333333333 0.34186046511627904 0.06833333333333334 0.11162790697674418
0 0.665 0.3174418604651163 0.05 0.09069767441860466
0 0.7391666666666667 0.313953488372093 0.06166666666666667 0.10232558139534884
0 0.8316666666666667 0.34069767441860466 0.06666666666666667 0.1186046511627907
