0 0.5708661417322834 0.2584856396866841 0.16850393700787403 0.391644908616188
1 0.15984251968503937 0.2754569190600522 0.14330708661417324 0.31592689295039167
1 0.04566929133858268 0.16449086161879894 0.08818897637795275 0.20887728459530025
1 0.1590551181102362 0.1122715404699739 0.14173228346456693 0.1566579634464752
1 0.4086614173228346 0.08616187989556136 0.11496062992125984 0.1671018276762402
1 0.28346456692913385 0.47127937336814624 0.1921259842519685 0.33159268929503916
1 0.7921259842519685 0.47780678851174935 0.1858267716535433 0.3342036553524804
1 0.8944881889763779 0.2741514360313316 0.2110236220472441 0.29765013054830286
1 0.8322834645669291 0.13185378590078328 0.14330708661417324 0.22715404699738903
1 0.7307086614173228 0.13838120104438642 0.10078740157480315 0.2245430809399478
1 0.621259842519685 0.10052219321148825 0.11181102362204724 0.195822454308094
1 0.48976377952755906 0.12663185378590078 0.11968503937007874 0.22193211488250653
1 0.36299212598425196 0.8368146214099217 0.3543307086614173 0.3263707571801567
