0 0.26594202898550723 0.5762548262548263 0.15797101449275364 0.2335907335907336
0 0.7739130434782608 0.4816602316602317 0.11014492753623188 0.16023166023166024
0 0.6130434782608696 0.31177606177606176 0.057971014492753624 0.09073359073359073
0 0.5543478260869565 0.2644787644787645 0.04782608695652174 0.07335907335907337
0 0.5195652173913043 0.22393822393822393 0.050724637681159424 0.07722007722007722
0 0.3804347826086957 0.34266409266409265 0.05652173913043478 0.09073359073359073
0 0.372463768115942 0.4372586872586873 0.08115942028985507 0.12934362934362933
0 0.4036231884057971 0.24517374517374518 0.050724637681159424 0.08108108108108109
0 0.25217391304347825 0.29054054054054057 0.06086956521739131 0.08687258687258688
0 0.0746376811594203 0.4218146718146718 0.07971014492753624 0.10231660231660232
0 0.27318840579710146 0.23262548262548263 0.04782608695652174 0.0637065637065637
1 0.17318840579710146 0.16891891891891891 0.030434782608695653 0.052123552123552123
1 0.9449275362318841 0.21814671814671815 0.0463768115942029 0.0694980694980695
0 0.8427536231884059 0.21042471042471042 0.03333333333333333 0.04633204633204634
0 0.6442028985507247 0.06563706563706564 0.02463768115942029 0.04633204633204634
1 0.059420289855072465 0.1447876447876448 0.03768115942028986 0.05405405405405406
1 0.12753623188405797 0.14092664092664092 0.028985507246376812 0.03861003861003861
1 0.15579710144927536 0.1447876447876448 0.02753623188405797 0.03474903474903475
1 0.2217391304347826 0.11486486486486487 0.026086956521739132 0.03281853281853282
0 0.25434782608695655 0.11389961389961391 0.02753623188405797 0.04247104247104247
1 0.2753623188405797 0.06563706563706564 0.02318840579710145 0.03474903474903475
1 0.30289855072463767 0.06467181467181467 0.02318840579710145 0.02895752895752896
1 0.40797101449275364 0.166988416988417 0.030434782608695653 0.0444015444015444
0 0.45507246376811594 0.12548262548262548 0.026086956521739132 0.03861003861003861
1 0.4028985507246377 0.09652509652509653 0.026086956521739132 0.03861003861003861
