1 0.25363636363636366 0.4359673024523161 0.0890909090909091 0.1416893732970027
1 0.2990909090909091 0.3433242506811989 0.04181818181818182 0.05994550408719346
1 0.21 0.30517711171662126 0.034545454545454546 0.05449591280653951
0 0.37363636363636366 0.28065395095367845 0.02727272727272727 0.03814713896457766
1 0.41 0.3228882833787466 0.06363636363636363 0.10626702997275204
1 0.4618181818181818 0.30926430517711173 0.04 0.06267029972752043
0 0.6072727272727273 0.29291553133514986 0.02909090909090909 0.04632152588555858
0 0.6881818181818182 0.273841961852861 0.02727272727272727 0.04632152588555858
1 0.8563636363636363 0.32561307901907355 0.04727272727272727 0.07901907356948229
1 0.8709090909090909 0.25885558583106266 0.01818181818181818 0.0326975476839237
1 0.74 0.2847411444141689 0.02181818181818182 0.04087193460490463
0 0.7236363636363636 0.2847411444141689 0.01818181818181818 0.03542234332425068
