0 0.07196969696969698 0.552 0.04393939393939394 0.064
0 0.14469696969696969 0.542 0.04696969696969697 0.064
0 0.10757575757575757 0.511 0.03636363636363636 0.054
0 0.2015151515151515 0.5630000000000001 0.03939393939393939 0.066
0 0.2446969696969697 0.526 0.03484848484848485 0.064
0 0.3575757575757576 0.549 0.045454545454545456 0.07
0 0.4409090909090909 0.514 0.045454545454545456 0.07200000000000001
0 0.5280303030303031 0.545 0.04090909090909091 0.07
0 0.6022727272727273 0.532 0.04090909090909091 0.076
0 0.7098484848484848 0.529 0.04696969696969697 0.078
0 0.8166666666666667 0.531 0.048484848484848485 0.08600000000000001
0 0.925 0.519 0.05303030303030303 0.078
0 0.30757575757575756 0.528 0.03939393939393939 0.064
