0 0.305625 0.3714821763602251 0.04625 0.075046904315197
1 0.39375 0.38461538461538464 0.07 0.1425891181988743
1 0.1625 0.29831144465290804 0.09 0.14634146341463414
1 0.50625 0.400562851782364 0.0625 0.11444652908067542
1 0.521875 0.3574108818011257 0.04625 0.06566604127579738
1 0.596875 0.4174484052532833 0.03625 0.07317073170731707
1 0.576875 0.4071294559099437 0.02625 0.04878048780487805
1 0.661875 0.36866791744840527 0.05375 0.09943714821763602
1 0.82375 0.38649155722326456 0.1225 0.225140712945591
1 0.8425 0.3170731707317073 0.10250000000000001 0.13883677298311445
