0 0.479375 0.20444444444444446 0.065 0.14222222222222222
0 0.5828125000000001 0.2288888888888889 0.056875 0.12222222222222222
0 0.7212500000000001 0.24666666666666667 0.05625 0.11333333333333333
0 0.81 0.22555555555555556 0.04625 0.10888888888888888
0 0.8678125 0.25 0.041875 0.10222222222222223
0 0.9575 0.23333333333333334 0.043750000000000004 0.09555555555555556
0 0.36312500000000003 0.195 0.058750000000000004 0.13444444444444445
0 0.27468750000000003 0.18777777777777777 0.060625 0.12444444444444444
0 0.2203125 0.22611111111111112 0.076875 0.14777777777777779
0 0.0546875 0.18166666666666667 0.069375 0.15222222222222223
