0 0.535 0.5780780780780781 0.034 0.057057057057057055
1 0.649 0.5780780780780781 0.034 0.057057057057057055
1 0.496 0.7102102102102102 0.028 0.05105105105105105
0 0.495 0.6726726726726726 0.03 0.04804804804804805
1 0.47800000000000004 0.5195195195195195 0.024 0.04804804804804805
1 0.559 0.44594594594594594 0.022 0.04504504504504504
1 0.811 0.13513513513513514 0.018000000000000002 0.03003003003003003
1 0.6970000000000001 0.16066066066066065 0.014 0.02702702702702703
1 0.674 0.15915915915915915 0.016 0.03003003003003003
1 0.664 0.13663663663663664 0.016 0.02702702702702703
1 0.708 0.15015015015015015 0.012 0.024024024024024024
1 0.735 0.1966966966966967 0.014 0.02702702702702703
1 0.722 0.2012012012012012 0.012 0.024024024024024024
1 0.589 0.21171171171171171 0.014 0.02102102102102102
1 0.5760000000000001 0.2072072072072072 0.012 0.024024024024024024
1 0.562 0.2072072072072072 0.012 0.024024024024024024
1 0.523 0.2057057057057057 0.014 0.02702702702702703
1 0.509 0.21921921921921922 0.014 0.024024024024024024
1 0.483 0.24174174174174173 0.014 0.02102102102102102
1 0.486 0.21621621621621623 0.016 0.024024024024024024
1 0.456 0.17567567567567569 0.016 0.03303303303303303
1 0.467 0.16966966966966968 0.014 0.02702702702702703
0 0.41500000000000004 0.14864864864864866 0.022 0.03903903903903904
1 0.307 0.13963963963963963 0.01 0.02102102102102102
1 0.377 0.20270270270270271 0.014 0.02702702702702703
1 0.49 0.18018018018018017 0.016 0.024024024024024024
1 0.482 0.1891891891891892 0.012 0.024024024024024024
1 0.5740000000000001 0.13663663663663664 0.012 0.02102102102102102
1 0.5740000000000001 0.11861861861861862 0.012 0.02102102102102102
1 0.645 0.1906906906906907 0.014 0.02702702702702703
1 0.268 0.06006006006006006 0.016 0.03003003003003003
