0 0.1072463768115942 0.6963249516441006 0.04057971014492753 0.061895551257253385
0 0.17898550724637682 0.6963249516441006 0.0391304347826087 0.061895551257253385
0 0.23405797101449274 0.7011605415860735 0.036231884057971016 0.059961315280464215
0 0.2927536231884058 0.7098646034816247 0.03768115942028986 0.061895551257253385
0 0.35 0.7001934235976789 0.036231884057971016 0.061895551257253385
0 0.413768115942029 0.7040618955512573 0.036231884057971016 0.058027079303675046
0 0.4688405797101449 0.695357833655706 0.0391304347826087 0.059961315280464215
0 0.5304347826086957 0.6924564796905223 0.03768115942028986 0.058027079303675046
0 0.5811594202898551 0.688588007736944 0.03768115942028986 0.058027079303675046
0 0.6369565217391304 0.6895551257253385 0.036231884057971016 0.06382978723404255
0 0.7123188405797102 0.690522243713733 0.0391304347826087 0.061895551257253385
0 0.7760869565217391 0.6924564796905223 0.036231884057971016 0.061895551257253385
0 0.8427536231884059 0.6963249516441006 0.0391304347826087 0.061895551257253385
0 0.8869565217391304 0.5735009671179884 0.03188405797101449 0.05222437137330754
0 0.8369565217391305 0.5851063829787234 0.030434782608695653 0.04835589941972921
0 0.8050724637681159 0.5851063829787234 0.02753623188405797 0.04448742746615087
0 0.7768115942028986 0.574468085106383 0.028985507246376812 0.05415860735009671
0 0.7463768115942029 0.5773694390715667 0.026086956521739132 0.04835589941972921
0 0.7253623188405797 0.5715667311411993 0.03333333333333333 0.05609284332688588
0 0.6934782608695652 0.5870406189555126 0.030434782608695653 0.04835589941972921
0 0.658695652173913 0.5793036750483559 0.030434782608695653 0.04835589941972921
0 0.6326086956521739 0.5764023210831721 0.02753623188405797 0.04642166344294004
0 0.6072463768115942 0.5764023210831721 0.028985507246376812 0.05415860735009671
0 0.5760869565217391 0.5802707930367504 0.02753623188405797 0.05029013539651837
0 0.5492753623188406 0.5783365570599613 0.028985507246376812 0.05415860735009671
0 0.5152173913043478 0.5735009671179884 0.030434782608695653 0.05609284332688588
0 0.48695652173913045 0.5647969052224372 0.03188405797101449 0.05415860735009671
0 0.45869565217391306 0.5676982591876208 0.02753623188405797 0.05222437137330754
0 0.4318840579710145 0.574468085106383 0.028985507246376812 0.05415860735009671
0 0.4072463768115942 0.5705996131528046 0.026086956521739132 0.05415860735009671
0 0.3804347826086957 0.5773694390715667 0.030434782608695653 0.04835589941972921
0 0.31956521739130433 0.5918762088974855 0.03333333333333333 0.05415860735009671
0 0.07536231884057971 0.5793036750483559 0.02318840579710145 0.04835589941972921
0 0.09347826086956522 0.5725338491295938 0.03333333333333333 0.058027079303675046
0 0.1492753623188406 0.5831721470019342 0.03188405797101449 0.05222437137330754
0 0.1782608695652174 0.5783365570599613 0.028985507246376812 0.05415860735009671
0 0.21811594202898552 0.5918762088974855 0.03333333333333333 0.05415860735009671
0 0.2391304347826087 0.5715667311411993 0.028985507246376812 0.04835589941972921
0 0.26666666666666666 0.5918762088974855 0.03188405797101449 0.058027079303675046
0 0.2833333333333333 0.5676982591876208 0.030434782608695653 0.04835589941972921
0 0.31884057971014496 0.5551257253384912 0.028985507246376812 0.04642166344294004
0 0.358695652173913 0.558027079303675 0.02463768115942029 0.04448742746615087
