0 0.4246153846153846 0.3954183266932271 0.03692307692307692 0.06573705179282868
0 0.4753846153846154 0.4033864541832669 0.033846153846153845 0.05776892430278884
0 0.19076923076923077 0.40239043824701193 0.046153846153846156 0.06374501992031872
0 0.05076923076923077 0.351593625498008 0.033846153846153845 0.049800796812749
0 0.09692307692307692 0.3894422310756972 0.046153846153846156 0.061752988047808766
0 0.24615384615384617 0.35358565737051795 0.03692307692307692 0.045816733067729085
0 0.2907692307692308 0.3615537848605578 0.03076923076923077 0.049800796812749
0 0.39 0.33565737051792827 0.023076923076923078 0.029880478087649404
0 0.34384615384615386 0.3237051792828685 0.026153846153846153 0.037848605577689244
0 0.3169230769230769 0.3615537848605578 0.027692307692307693 0.049800796812749
0 0.40692307692307694 0.2539840637450199 0.026153846153846153 0.02589641434262948
