0 0.05272727272727273 0.2814207650273224 0.10181818181818182 0.3825136612021858
0 0.21 0.1830601092896175 0.13272727272727272 0.2185792349726776
0 0.3381818181818182 0.1557377049180328 0.15636363636363637 0.2459016393442623
0 0.5490909090909091 0.17896174863387979 0.14909090909090908 0.3087431693989071
0 0.6927272727272727 0.2827868852459016 0.17454545454545456 0.33060109289617484
0 0.7427272727272727 0.5382513661202186 0.18727272727272729 0.33879781420765026
0 0.9390909090909091 0.5327868852459017 0.12181818181818181 0.30601092896174864
0 0.9418181818181818 0.3633879781420765 0.11636363636363636 0.2677595628415301
0 0.8054545454545454 0.16939890710382513 0.16727272727272727 0.21311475409836064
0 0.9745454545454545 0.12021857923497267 0.05090909090909091 0.21311475409836064
1 0.19363636363636363 0.4644808743169399 0.1690909090909091 0.3879781420765027
