0 0.24705882352941178 0.39285714285714285 0.058823529411764705 0.10714285714285714
0 0.9 0.5267857142857143 0.058823529411764705 0.08928571428571427
0 0.8323529411764706 0.49107142857142855 0.052941176470588235 0.08928571428571427
0 0.4852941176470588 0.46875 0.041176470588235294 0.0625
0 0.42058823529411765 0.46428571428571425 0.041176470588235294 0.05357142857142857
0 0.3 0.4419642857142857 0.047058823529411764 0.09821428571428571
0 0.1588235294117647 0.4151785714285714 0.10588235294117647 0.11607142857142856
0 0.6882352941176471 0.5133928571428571 0.07058823529411765 0.11607142857142856
0 0.3764705882352941 0.4419642857142857 0.03529411764705882 0.08035714285714285
0 0.34411764705882353 0.45982142857142855 0.041176470588235294 0.08035714285714285
