0 0.18046875 0.34375 0.010937500000000001 0.0175
0 0.21953125 0.12125 0.010937500000000001 0.0175
0 0.20468750000000002 0.71 0.0125 0.025
0 0.7507812500000001 0.8675 0.0140625 0.02
0 0.7796875000000001 0.88875 0.0125 0.0175
0 0.8796875000000001 0.8475 0.015625 0.02
0 0.77265625 0.29125 0.010937500000000001 0.0225
0 0.60703125 0.1125 0.010937500000000001 0.02
0 0.91015625 0.25125000000000003 0.010937500000000001 0.0175
0 0.9031250000000001 0.2675 0.009375000000000001 0.015
0 0.22265625 0.77375 0.0140625 0.0225
0 0.8796875000000001 0.36 0.0125 0.02
0 0.7546875000000001 0.2975 0.0125 0.02
