0 0.06705298013245033 0.4699140401146132 0.07119205298013245 0.16045845272206302
0 0.21937086092715233 0.505730659025788 0.06456953642384106 0.1461318051575931
0 0.2740066225165563 0.4684813753581662 0.061258278145695365 0.1346704871060172
0 0.3617549668874172 0.47277936962750716 0.054635761589403975 0.1318051575931232
0 0.4718543046357616 0.4799426934097421 0.06622516556291391 0.1346704871060172
0 0.5769867549668874 0.5071633237822349 0.05132450331125828 0.12034383954154727
0 0.7036423841059603 0.5257879656160458 0.04966887417218543 0.10601719197707736
0 0.7922185430463576 0.501432664756447 0.04470198675496689 0.10888252148997134
0 0.8451986754966887 0.5300859598853868 0.041390728476821195 0.10315186246418338
0 0.9329470198675497 0.5114613180515759 0.04470198675496689 0.10601719197707736
