0 0.13230769230769232 0.5104166666666666 0.046153846153846156 0.21527777777777776
1 0.7915384615384615 0.4756944444444444 0.047692307692307694 0.22916666666666666
1 0.8446153846153847 0.5208333333333333 0.03692307692307692 0.18055555555555555
1 0.49153846153846154 0.7847222222222222 0.02 0.09722222222222221
1 0.47692307692307695 0.7222222222222222 0.01846153846153846 0.08333333333333333
1 0.44461538461538463 0.6875 0.01846153846153846 0.08333333333333333
1 0.3953846153846154 0.7881944444444444 0.01846153846153846 0.10416666666666666
1 0.5638461538461539 0.7326388888888888 0.016923076923076923 0.09027777777777778
1 0.5961538461538461 0.8020833333333333 0.016923076923076923 0.07638888888888888
1 0.6292307692307693 0.8506944444444444 0.015384615384615385 0.0625
