0 0.08636363636363636 0.3641791044776119 0.07818181818181819 0.1492537313432836
0 0.19363636363636363 0.31343283582089554 0.07090909090909091 0.10746268656716418
0 0.19363636363636363 0.42388059701492536 0.06727272727272728 0.11343283582089553
0 0.2872727272727273 0.3791044776119403 0.06181818181818182 0.13134328358208955
0 0.25545454545454543 0.3746268656716418 0.038181818181818185 0.09850746268656717
0 0.32545454545454544 0.408955223880597 0.03636363636363636 0.08955223880597014
0 0.3463636363636364 0.4 0.04181818181818182 0.11343283582089553
0 0.39545454545454545 0.42686567164179107 0.05272727272727273 0.11343283582089553
0 0.44272727272727275 0.44477611940298506 0.04181818181818182 0.08955223880597014
0 0.6 0.41194029850746267 0.04363636363636364 0.0955223880597015
0 0.6254545454545455 0.3567164179104478 0.05090909090909091 0.09850746268656717
0 0.6718181818181819 0.3597014925373134 0.04181818181818182 0.1044776119402985
0 0.7236363636363636 0.382089552238806 0.04727272727272727 0.10149253731343284
0 0.7609090909090909 0.3761194029850746 0.04181818181818182 0.08358208955223881
0 0.8445454545454546 0.43582089552238806 0.04909090909090909 0.08955223880597014
0 0.8836363636363637 0.41492537313432837 0.04727272727272727 0.08358208955223881
0 0.9336363636363636 0.43134328358208956 0.04181818181818182 0.09253731343283582
1 0.5345454545454545 0.4014925373134328 0.06181818181818182 0.11044776119402985
1 0.02181818181818182 0.4328358208955224 0.04 0.10149253731343284
