0 0.4032033426183844 0.36607142857142855 0.02924791086350975 0.0496031746031746
0 0.17618384401114207 0.3849206349206349 0.03203342618384401 0.047619047619047616
0 0.282033426183844 0.36607142857142855 0.023676880222841225 0.041666666666666664
0 0.0967966573816156 0.1845238095238095 0.01532033426183844 0.023809523809523808
0 0.07799442896935933 0.19345238095238093 0.011142061281337047 0.013888888888888888
0 0.04944289693593315 0.19543650793650794 0.009749303621169917 0.017857142857142856
0 0.034122562674094706 0.19146825396825395 0.009749303621169917 0.017857142857142856
0 0.19637883008356546 0.1736111111111111 0.011142061281337047 0.021825396825396824
0 0.15807799442896936 0.5367063492063492 0.0988857938718663 0.14484126984126983
1 0.5264623955431755 0.3601190476190476 0.036211699164345405 0.057539682539682536
1 0.5153203342618384 0.6299603174603174 0.1532033426183844 0.22817460317460317
1 0.6434540389972145 0.5099206349206349 0.04456824512534819 0.07936507936507936
1 0.5285515320334262 0.4950396825396825 0.054317548746518104 0.08134920634920634
1 0.41225626740947074 0.5902777777777778 0.06685236768802229 0.125
1 0.2520891364902507 0.3859126984126984 0.03064066852367688 0.04563492063492063
1 0.04596100278551532 0.4593253968253968 0.05013927576601671 0.06547619047619047
1 0.03690807799442897 0.5515873015873015 0.07103064066852367 0.14285714285714285
1 0.06128133704735376 0.4087301587301587 0.033426183844011144 0.051587301587301584
1 0.03690807799442897 0.36706349206349204 0.037604456824512536 0.06349206349206349
1 0.08008356545961003 0.38095238095238093 0.03203342618384401 0.047619047619047616
1 0.10654596100278552 0.3551587301587301 0.02924791086350975 0.03571428571428571
1 0.7214484679665738 0.5347222222222222 0.116991643454039 0.18055555555555555
1 0.8767409470752089 0.5615079365079365 0.11281337047353761 0.16269841269841268
1 0.48467966573816157 0.23412698412698413 0.027855153203342618 0.047619047619047616
1 0.3816155988857939 0.3759920634920635 0.025069637883008356 0.041666666666666664
