0 0.853125 0.5409090909090909 0.13125 0.21363636363636362
0 0.15781250000000002 0.7306818181818181 0.1 0.12954545454545455
0 0.5125000000000001 0.2534090909090909 0.021875000000000002 0.038636363636363635
0 0.42500000000000004 0.32386363636363635 0.021875000000000002 0.038636363636363635
0 0.40703125 0.3125 0.0171875 0.03409090909090909
0 0.32890625 0.4886363636363636 0.029687500000000002 0.049999999999999996
0 0.20078125000000002 0.3886363636363636 0.029687500000000002 0.045454545454545456
1 0.56640625 0.825 0.1421875 0.22727272727272727
1 0.3953125 0.6761363636363636 0.11875000000000001 0.15227272727272725
0 0.63203125 0.19999999999999998 0.0140625 0.022727272727272728
0 0.49140625000000004 0.2954545454545454 0.0171875 0.02727272727272727
1 0.48984375 0.43068181818181817 0.0234375 0.029545454545454545
0 0.5859375 0.1909090909090909 0.018750000000000003 0.02727272727272727
1 0.09296875 0.6636363636363636 0.0703125 0.10909090909090909
1 0.0390625 0.6375 0.0625 0.10227272727272727
1 0.025 0.6954545454545454 0.046875 0.15
1 0.40703125 0.8852272727272726 0.20468750000000002 0.22954545454545452
