0 0.07821782178217822 0.39116094986807387 0.0594059405940594 0.08839050131926121
0 0.15841584158415842 0.37730870712401055 0.04554455445544554 0.07915567282321899
0 0.2202970297029703 0.37467018469656993 0.040594059405940595 0.06860158311345646
0 0.2801980198019802 0.38984168865435354 0.03762376237623762 0.059366754617414245
0 0.35495049504950493 0.4023746701846966 0.034653465346534656 0.055408970976253295
0 0.4400990099009901 0.3713720316622691 0.03663366336633663 0.05672823218997361
0 0.5089108910891089 0.38258575197889183 0.033663366336633666 0.055408970976253295
0 0.5648514851485149 0.37994722955145116 0.034653465346534656 0.05804749340369393
0 0.648019801980198 0.35817941952506593 0.032673267326732675 0.05672823218997361
0 0.6683168316831684 0.3944591029023747 0.031683168316831684 0.06068601583113456
0 0.7143564356435643 0.3812664907651715 0.03861386138613861 0.06596306068601583
0 0.7965346534653466 0.39775725593667544 0.0504950495049505 0.08575197889182058
0 0.8985148514851485 0.34036939313984166 0.05247524752475247 0.08443271767810026
0 0.9465346534653466 0.3779683377308707 0.04356435643564356 0.05408970976253298
