0 0.935 0.465 0.03 0.03666666666666667
0 0.45125 0.49000000000000005 0.0175 0.03333333333333333
0 0.44125000000000003 0.48000000000000004 0.0175 0.02666666666666667
0 0.385 0.49000000000000005 0.02 0.03333333333333333
0 0.07875 0.4966666666666667 0.0175 0.02666666666666667
0 0.025 0.5 0.025 0.03333333333333333
0 0.095 0.5066666666666667 0.015 0.02666666666666667
0 0.3425 0.4916666666666667 0.02 0.030000000000000002
0 0.2125 0.5 0.02 0.03333333333333333
0 0.23125 0.51 0.0225 0.03333333333333333
1 0.52 0.49833333333333335 0.015 0.030000000000000002
