0 0.19 0.11095890410958904 0.12181818181818181 0.21643835616438356
0 0.39454545454545453 0.2684931506849315 0.08 0.136986301369863
0 0.48727272727272725 0.28493150684931506 0.05454545454545454 0.08767123287671233
0 0.5754545454545454 0.34657534246575344 0.038181818181818185 0.057534246575342465
0 0.6090909090909091 0.3712328767123288 0.03272727272727273 0.052054794520547946
0 0.6354545454545455 0.38082191780821917 0.023636363636363636 0.038356164383561646
0 0.6845454545454546 0.3821917808219178 0.023636363636363636 0.0410958904109589
0 0.7145454545454546 0.3904109589041096 0.025454545454545455 0.03561643835616438
0 0.7536363636363637 0.40273972602739727 0.023636363636363636 0.038356164383561646
0 0.7936363636363636 0.4054794520547945 0.016363636363636365 0.038356164383561646
