0 0.3765294771968854 0.35409252669039143 0.05672969966629588 0.099644128113879
0 0.5556173526140156 0.2846975088967971 0.047830923248053395 0.0889679715302491
0 0.7758620689655172 0.39501779359430605 0.04560622914349277 0.07829181494661921
0 0.7018909899888766 0.6619217081850534 0.042269187986651836 0.07473309608540925
0 0.6379310344827586 0.6690391459074733 0.034482758620689655 0.06405693950177936
0 0.6017797552836485 0.697508896797153 0.03114571746384872 0.05338078291814946
0 0.5634037819799778 0.6165480427046263 0.04338153503893215 0.08007117437722419
0 0.5 0.6548042704626335 0.041156840934371525 0.06405693950177936
0 0.4688542825361513 0.6690391459074733 0.034482758620689655 0.05693950177935943
0 0.3375973303670745 0.6797153024911031 0.041156840934371525 0.05693950177935943
