0 0.426875 0.31860902255639095 0.07625 0.14473684210526316
0 0.466875 0.3515037593984962 0.043750000000000004 0.09774436090225563
0 0.598125 0.33458646616541354 0.08875 0.16917293233082706
0 0.693125 0.38533834586466165 0.03625 0.06015037593984962
0 0.65 0.3881578947368421 0.035 0.05451127819548872
0 0.73375 0.375 0.0475 0.07330827067669173
0 0.7825 0.35620300751879697 0.05 0.10338345864661654
0 0.896875 0.3900375939849624 0.03625 0.06578947368421052
0 0.9237500000000001 0.381578947368421 0.0275 0.06766917293233082
0 0.9550000000000001 0.37969924812030076 0.0475 0.07894736842105263
0 0.32625 0.3580827067669173 0.045 0.11090225563909774
0 0.35875 0.3787593984962406 0.0275 0.05451127819548872
0 0.381875 0.37593984962406013 0.02125 0.04887218045112782
0 0.288125 0.35526315789473684 0.02875 0.05639097744360902
0 0.24625 0.30169172932330823 0.0675 0.11842105263157894
0 0.214375 0.3505639097744361 0.03375 0.05075187969924812
0 0.154375 0.35620300751879697 0.06125 0.11090225563909774
0 0.109375 0.37687969924812026 0.04125 0.05827067669172932
0 0.05625 0.325187969924812 0.0575 0.11278195488721804
0 0.03 0.3825187969924812 0.025 0.03571428571428571
1 0.838125 0.36278195488721804 0.06875 0.13157894736842105
