1 0.14692307692307693 0.29726027397260274 0.02 0.03561643835616438
1 0.22384615384615383 0.2821917808219178 0.02923076923076923 0.049315068493150684
1 0.2630769230769231 0.29315068493150687 0.027692307692307693 0.0547945205479452
1 0.29846153846153844 0.3082191780821918 0.024615384615384615 0.052054794520547946
1 0.21307692307692308 0.3041095890410959 0.016923076923076923 0.043835616438356165
1 0.3346153846153846 0.30273972602739724 0.03230769230769231 0.06301369863013699
1 0.3769230769230769 0.2958904109589041 0.027692307692307693 0.07123287671232877
1 0.41923076923076924 0.3150684931506849 0.03230769230769231 0.07123287671232877
1 0.4815384615384615 0.2684931506849315 0.033846153846153845 0.07123287671232877
1 0.7184615384615385 0.3178082191780822 0.043076923076923075 0.10410958904109589
1 0.8015384615384615 0.27123287671232876 0.055384615384615386 0.10410958904109589
0 0.5815384615384616 0.25616438356164384 0.04923076923076923 0.11232876712328767
