0 0.28 0.3203592814371258 0.2 0.19760479041916168
0 0.458 0.26497005988023953 0.18 0.17065868263473055
0 0.682 0.3068862275449102 0.196 0.18263473053892218
0 0.808 0.22155688622754494 0.176 0.19760479041916168
0 0.906 0.22005988023952097 0.116 0.15269461077844312
0 0.9580000000000001 0.19161676646706588 0.084 0.14970059880239522
0 0.734 0.058383233532934134 0.1 0.08083832335329341
0 0.836 0.08832335329341318 0.10400000000000001 0.08682634730538923
0 0.718 0.1317365269461078 0.116 0.0658682634730539
0 0.676 0.17664670658682635 0.12 0.08982035928143713
0 0.5760000000000001 0.20508982035928144 0.152 0.15269461077844312
0 0.434 0.1347305389221557 0.14 0.10778443113772455
0 0.21 0.2125748502994012 0.17200000000000001 0.16167664670658682
0 0.056 0.30538922155688625 0.10400000000000001 0.18562874251497008
0 0.042 0.16167664670658682 0.076 0.09580838323353294
0 0.128 0.2155688622754491 0.10400000000000001 0.15568862275449102
0 0.256 0.14820359281437126 0.12 0.11077844311377247
0 0.314 0.12125748502994013 0.084 0.09880239520958084
0 0.378 0.0688622754491018 0.092 0.08383233532934133
0 0.646 0.10479041916167665 0.068 0.04790419161676647
0 0.538 0.059880239520958084 0.084 0.04790419161676647
0 0.47600000000000003 0.05389221556886228 0.07200000000000001 0.05389221556886228
0 0.116 0.11676646706586827 0.112 0.059880239520958084
0 0.194 0.10179640718562875 0.076 0.05389221556886228
0 0.052000000000000005 0.10029940119760479 0.096 0.056886227544910184
1 0.278 0.0344311377245509 0.052000000000000005 0.05089820359281438
1 0.182 0.04640718562874252 0.06 0.038922155688622756
1 0.094 0.059880239520958084 0.052000000000000005 0.04790419161676647
