0 0.5163636363636364 0.23629242819843344 0.06545454545454546 0.1174934725848564
0 0.32272727272727275 0.2963446475195822 0.06727272727272728 0.1174934725848564
0 0.2927272727272727 0.07963446475195822 0.025454545454545455 0.04960835509138381
0 0.18363636363636363 0.02349869451697128 0.025454545454545455 0.03655352480417755
0 0.6254545454545455 0.26109660574412535 0.03636363636363636 0.08877284595300261
0 0.6554545454545454 0.27154046997389036 0.02727272727272727 0.05221932114882506
0 0.7554545454545455 0.27154046997389036 0.038181818181818185 0.0783289817232376
0 0.8009090909090909 0.2584856396866841 0.04909090909090909 0.11488250652741515
0 0.8327272727272728 0.283289817232376 0.014545454545454545 0.028720626631853787
0 0.3572727272727273 0.10443864229765012 0.016363636363636365 0.03133159268929504
0 0.41818181818181815 0.1422976501305483 0.014545454545454545 0.028720626631853787
1 0.8681818181818182 0.2845953002610966 0.02727272727272727 0.04177545691906005
