1 0.16 0.3416666666666667 0.075 0.10333333333333335
1 0.04875 0.45333333333333337 0.0375 0.04666666666666667
1 0.24375 0.5133333333333334 0.0475 0.08
1 0.29625 0.555 0.0675 0.09666666666666668
1 0.24875 0.445 0.0375 0.05
1 0.27 0.4733333333333334 0.03 0.04
1 0.28750000000000003 0.4216666666666667 0.03 0.043333333333333335
1 0.36375 0.44333333333333336 0.0475 0.08666666666666667
1 0.4 0.44 0.03 0.05333333333333334
1 0.40125 0.405 0.0275 0.03666666666666667
1 0.45375 0.4083333333333334 0.0325 0.05
1 0.4325 0.49500000000000005 0.04 0.06333333333333334
1 0.48875 0.505 0.0425 0.07
1 0.55 0.4416666666666667 0.035 0.05666666666666667
1 0.50875 0.42000000000000004 0.0275 0.04666666666666667
1 0.525 0.4066666666666667 0.02 0.04
1 0.48625 0.38333333333333336 0.0225 0.04
1 0.55625 0.375 0.0175 0.03666666666666667
1 0.57375 0.4033333333333334 0.0175 0.04
1 0.61375 0.3766666666666667 0.0275 0.04666666666666667
1 0.64 0.43500000000000005 0.025 0.05
1 0.6125 0.46 0.04 0.060000000000000005
1 0.66625 0.4033333333333334 0.0275 0.04666666666666667
1 0.7175 0.4266666666666667 0.03 0.04666666666666667
1 0.7262500000000001 0.39666666666666667 0.0225 0.04
1 0.70875 0.37333333333333335 0.0275 0.04666666666666667
1 0.78 0.3983333333333334 0.045 0.07
1 0.8375 0.39 0.04 0.06666666666666667
1 0.77 0.5083333333333334 0.065 0.09000000000000001
1 0.77125 0.64 0.10250000000000001 0.16666666666666669
1 0.55625 0.6133333333333334 0.0825 0.12666666666666668
1 0.9550000000000001 0.615 0.09 0.2366666666666667
1 0.9225 0.5266666666666667 0.06 0.11333333333333334
1 0.885 0.4766666666666667 0.055 0.08666666666666667
1 0.93625 0.4416666666666667 0.0425 0.07
1 0.9125 0.375 0.035 0.07
