1 0.8238357843137255 0.604983660130719 0.09987745098039215 0.14869281045751634
1 0.8633578431372549 0.3394607843137255 0.08823529411764705 0.12745098039215685
1 0.782781862745098 0.46915849673202614 0.05392156862745098 0.09354575163398693
1 0.7622549019607843 0.3868464052287582 0.04840686274509804 0.06699346405228758
1 0.6807598039215687 0.3255718954248366 0.03370098039215686 0.04820261437908497
1 0.6727941176470588 0.4007352941176471 0.03431372549019608 0.04493464052287582
1 0.6447610294117647 0.380514705882353 0.03216911764705882 0.04779411764705883
1 0.6392463235294118 0.3429330065359477 0.02542892156862745 0.03880718954248366
1 0.6147365196078431 0.37540849673202614 0.02542892156862745 0.049836601307189546
1 0.49463848039215685 0.38439542483660133 0.053002450980392156 0.08986928104575163
1 0.48943014705882354 0.3321078431372549 0.036458333333333336 0.05065359477124183
1 0.4643075980392157 0.5716911764705882 0.10018382352941177 0.13766339869281047
1 0.45909926470588236 0.3574346405228758 0.022365196078431373 0.040032679738562095
1 0.40870098039215685 0.31903594771241833 0.04105392156862745 0.06699346405228758
1 0.33547794117647056 0.3386437908496732 0.0545343137254902 0.09150326797385622
1 0.27650122549019607 0.46854575163398693 0.10386029411764705 0.16013071895424838
1 0.20435049019607843 0.3241421568627451 0.07169117647058823 0.11233660130718955
1 0.2386642156862745 0.3604983660130719 0.02696078431372549 0.04779411764705883
1 0.12821691176470587 0.3359885620915033 0.035845588235294115 0.046977124183006536
1 0.10983455882352941 0.3490604575163399 0.024816176470588234 0.03880718954248366
1 0.07352941176470588 0.3713235294117647 0.04779411764705882 0.07189542483660132
1 0.0272671568627451 0.32107843137254904 0.03615196078431372 0.04493464052287582
