1 0.3466605392156863 0.37888071895424835 0.13756127450980393 0.24223856209150327
1 0.4502144607843137 0.4366830065359477 0.09650735294117647 0.16830065359477125
1 0.6885723039215687 0.4395424836601307 0.0934436274509804 0.16830065359477125
1 0.5670955882352942 0.6462418300653595 0.1881127450980392 0.24918300653594772
1 0.5185355392156863 0.3400735294117647 0.06709558823529412 0.09272875816993464
1 0.5128676470588235 0.3061683006535948 0.051470588235294115 0.0763888888888889
1 0.46767769607843135 0.2763480392156863 0.04503676470588235 0.060866013071895424
1 0.4453125 0.2479575163398693 0.02542892156862745 0.04575163398692811
1 0.4027267156862745 0.2826797385620915 0.043198529411764705 0.07189542483660132
1 0.4252450980392157 0.34354575163398693 0.04779411764705882 0.08986928104575163
1 0.25765931372549017 0.23223039215686275 0.03431372549019608 0.056781045751633986
1 0.2349877450980392 0.23345588235294118 0.03370098039215686 0.05269607843137255
1 0.10508578431372549 0.23815359477124184 0.044117647058823525 0.06454248366013073
1 0.03477328431372549 0.28022875816993464 0.045649509803921566 0.07107843137254902
