1 0.2514910536779324 0.16817359855334538 0.019880715705765405 0.0325497287522604
1 0.23558648111332006 0.4132007233273056 0.049701789264413515 0.13924050632911392
1 0.36481113320079517 0.45840867992766726 0.05566600397614314 0.13200723327305605
1 0.6366799204771371 0.23417721518987342 0.028827037773359838 0.048824593128390596
1 0.584990059642147 0.244122965641953 0.022862823061630216 0.05063291139240506
1 0.48359840954274347 0.21699819168173598 0.016898608349900594 0.039783001808318265
1 0.43886679920477134 0.2522603978300181 0.020874751491053677 0.05605786618444846
1 0.43737574552683894 0.20162748643761302 0.019880715705765405 0.034358047016274866
1 0.4652087475149105 0.22965641952983723 0.025844930417495027 0.05786618444846293
1 0.4055666003976143 0.1980108499095841 0.015904572564612324 0.0379746835443038
1 0.5859840954274353 0.10578661844484628 0.012922465208747513 0.03074141048824593
1 0.606858846918489 0.10036166365280288 0.010934393638170973 0.027124773960216998
1 0.6312127236580516 0.11934900542495479 0.015904572564612324 0.028933092224231464
1 0.6570576540755466 0.12115732368896925 0.017892644135188866 0.0325497287522604
