1 0.03601496725912067 0.3666121112929624 0.03086997193638915 0.05564648117839607
1 0.254911131898971 0.27986906710310966 0.021515434985968196 0.03927986906710311
1 0.2885874649204864 0.2610474631751228 0.01777362020579981 0.04091653027823241
1 0.30028063610851263 0.25941080196399346 0.0205799812909261 0.04091653027823241
1 0.3246024321796071 0.27577741407528644 0.0205799812909261 0.03764320785597382
1 0.3437792329279701 0.2692307692307692 0.019644527595884004 0.03764320785597382
1 0.3157156220767072 0.22176759410801966 0.01777362020579981 0.03436988543371522
1 0.34284377923292797 0.22422258592471359 0.015902712815715623 0.029459901800327332
1 0.37043966323666977 0.22831423895253683 0.01683816651075772 0.03436988543371522
1 0.3695042095416277 0.20540098199672668 0.018709073900841908 0.03109656301145663
1 0.3830682881197381 0.19967266775777415 0.015902712815715623 0.029459901800327332
1 0.41347053320860616 0.2225859247135843 0.01683816651075772 0.03927986906710311
1 0.4069223573433115 0.2782324058919804 0.02806361085126286 0.05237315875613748
1 0.4401309635173059 0.22504091653027825 0.01777362020579981 0.04746317512274959
1 0.4307764265668849 0.18985270049099837 0.01777362020579981 0.03273322422258593
1 0.41206735266604305 0.17266775777414076 0.015902712815715623 0.03109656301145663
1 0.45088868101029 0.18821603927986907 0.01683816651075772 0.03273322422258593
1 0.4686623012160898 0.18576104746317512 0.018709073900841908 0.03764320785597382
1 0.4518241347053321 0.14893617021276598 0.01683816651075772 0.02618657937806874
1 0.4724041159962582 0.14484451718494273 0.014967259120673527 0.03109656301145663
1 0.4831618334892423 0.15875613747954173 0.015902712815715623 0.029459901800327332
1 0.4733395696913003 0.23322422258592473 0.0205799812909261 0.044189852700491
1 0.4915809167446211 0.2004909983633388 0.01777362020579981 0.04091653027823241
1 0.5121608980355472 0.16202945990180034 0.015902712815715623 0.029459901800327332
1 0.4845650140318054 0.1309328968903437 0.011225444340505146 0.02291325695581015
1 0.5341440598690365 0.14157119476268412 0.013096351730589336 0.027823240589198037
1 0.5551917680074836 0.15220949263502456 0.015902712815715623 0.03273322422258593
1 0.569223573433115 0.1595744680851064 0.01777362020579981 0.04091653027823241
1 0.5603367633302152 0.11211129296235679 0.013096351730589336 0.027823240589198037
1 0.5884003741814781 0.11947626841243864 0.013096351730589336 0.02291325695581015
1 0.5846585594013096 0.13747954173486088 0.013096351730589336 0.029459901800327332
1 0.6108512628624884 0.1563011456628478 0.018709073900841908 0.03436988543371522
1 0.6071094480823199 0.13502454991816695 0.014967259120673527 0.027823240589198037
1 0.5916744621141253 0.09983633387888707 0.01403180542563143 0.029459901800327332
1 0.6178671655753041 0.11620294599018004 0.01216089803554724 0.02618657937806874
1 0.6389148737137512 0.11129296235679215 0.013096351730589336 0.029459901800327332
1 0.6492048643592142 0.11620294599018004 0.013096351730589336 0.02618657937806874
1 0.6749298409728719 0.11620294599018004 0.01403180542563143 0.029459901800327332
1 0.6987839101964453 0.09819967266775778 0.01683816651075772 0.03273322422258593
1 0.4822263797942002 0.3060556464811784 0.02712815715622077 0.058919803600654665
1 0.5318054256314313 0.20785597381342064 0.023386342376052385 0.03927986906710311
1 0.539756782039289 0.30114566284779054 0.026192703461178673 0.058919803600654665
1 0.5659494855004678 0.2528641571194763 0.022450888681010292 0.044189852700491
1 0.607577174929841 0.2520458265139116 0.023386342376052385 0.04909983633387889
1 0.5996258185219832 0.33387888707037644 0.029934518241347054 0.06546644844517185
1 0.6800748362956034 0.3240589198036007 0.029934518241347054 0.058919803600654665
1 0.6580916744621141 0.2692307692307692 0.023386342376052385 0.04746317512274959
1 0.6216089803554724 0.20867430441898527 0.023386342376052385 0.04746317512274959
1 0.656688493919551 0.2037643207855974 0.026192703461178673 0.04746317512274959
1 0.6506080449017774 0.17430441898527005 0.01777362020579981 0.04091653027823241
1 0.6833489242282507 0.1563011456628478 0.019644527595884004 0.03764320785597382
1 0.6931711880261927 0.17757774140752866 0.0205799812909261 0.04091653027823241
1 0.6987839101964453 0.21358428805237317 0.02432179607109448 0.05073649754500818
1 0.7231057062675398 0.26759410801963995 0.031805425631431246 0.060556464811783964
1 0.7488306828811974 0.23567921440261866 0.02712815715622077 0.058919803600654665
1 0.784845650140318 0.2905073649754501 0.026192703461178673 0.06382978723404256
1 0.813844714686623 0.22176759410801966 0.026192703461178673 0.05400981996726678
1 0.7315247895229187 0.2004909983633388 0.018709073900841908 0.044189852700491
1 0.7118802619270346 0.13666121112929625 0.01683816651075772 0.03764320785597382
1 0.7310570626753976 0.15711947626841244 0.019644527595884004 0.03600654664484452
1 0.7343311506080449 0.12193126022913257 0.014967259120673527 0.027823240589198037
1 0.7511693171188026 0.11702127659574468 0.014967259120673527 0.027823240589198037
1 0.7492984097287184 0.14893617021276598 0.01683816651075772 0.03927986906710311
1 0.7609915809167447 0.16202945990180034 0.01777362020579981 0.03600654664484452
1 0.7670720299345183 0.12847790507364976 0.013096351730589336 0.03109656301145663
1 0.7829747427502338 0.11538461538461539 0.013096351730589336 0.03109656301145663
1 0.7965388213283443 0.13502454991816695 0.01216089803554724 0.03109656301145663
1 0.7965388213283443 0.17594108019639934 0.019644527595884004 0.03764320785597382
1 0.813844714686623 0.1661211129296236 0.01683816651075772 0.03764320785597382
1 0.8260056127221702 0.13338788870703766 0.01683816651075772 0.03436988543371522
1 0.8124415341440598 0.12520458265139117 0.015902712815715623 0.03436988543371522
1 0.8437792329279701 0.18821603927986907 0.0205799812909261 0.0425531914893617
1 0.8713751169317119 0.2225859247135843 0.019644527595884004 0.03927986906710311
1 0.9186155285313377 0.281505728314239 0.02806361085126286 0.05564648117839607
1 0.8905519176800748 0.18903436988543373 0.01683816651075772 0.03764320785597382
1 0.8699719363891487 0.16693944353518822 0.018709073900841908 0.03600654664484452
1 0.8554724041159962 0.15711947626841244 0.01403180542563143 0.03273322422258593
1 0.8610851262862489 0.13502454991816695 0.01403180542563143 0.027823240589198037
1 0.8676333021515436 0.12438625204582653 0.01403180542563143 0.02618657937806874
1 0.8877455565949486 0.15057283142389527 0.014967259120673527 0.02618657937806874
1 0.8971000935453696 0.12929623567921442 0.011225444340505146 0.02618657937806874
1 0.9232927970065482 0.2004909983633388 0.013096351730589336 0.04091653027823241
1 0.9275023386342376 0.17184942716857612 0.01216089803554724 0.02291325695581015
1 0.9265668849391955 0.15548281505728315 0.01028999064546305 0.02291325695581015
