1 0.024413145539906103 0.3777219430485762 0.028169014084507043 0.05527638190954774
1 0.25821596244131456 0.28475711892797323 0.02253521126760563 0.03350083752093802
1 0.29953051643192485 0.2537688442211055 0.020657276995305163 0.04187604690117253
1 0.31220657276995306 0.22445561139028475 0.014084507042253521 0.03350083752093802
1 0.3244131455399061 0.271356783919598 0.019718309859154928 0.04020100502512563
1 0.34131455399061034 0.27721943048576214 0.0215962441314554 0.038525963149078725
1 0.34413145539906104 0.23283082077051925 0.019718309859154928 0.03685092127303183
1 0.3708920187793427 0.23450586264656617 0.020657276995305163 0.02680067001675042
1 0.3845070422535211 0.2018425460636516 0.0215962441314554 0.02847571189279732
1 0.41032863849765255 0.17420435510887772 0.015023474178403756 0.02345058626465662
1 0.4267605633802817 0.17587939698492464 0.019718309859154928 0.02680067001675042
1 0.42629107981220654 0.2102177554438861 0.016901408450704224 0.031825795644891124
1 0.4380281690140845 0.2403685092127303 0.01784037558685446 0.035175879396984924
1 0.46056338028169014 0.23534338358458962 0.019718309859154928 0.038525963149078725
1 0.4676056338028169 0.19765494137353434 0.018779342723004695 0.03350083752093802
1 0.48544600938967136 0.2102177554438861 0.018779342723004695 0.031825795644891124
1 0.45586854460093895 0.18760469011725295 0.019718309859154928 0.03015075376884422
1 0.4488262910798122 0.14321608040201006 0.015023474178403756 0.02512562814070352
1 0.4765258215962441 0.16415410385259632 0.01784037558685446 0.03350083752093802
1 0.4863849765258216 0.13316582914572864 0.013145539906103286 0.021775544388609715
1 0.5018779342723004 0.1490787269681742 0.014084507042253521 0.02345058626465662
1 0.5253521126760563 0.1474036850921273 0.01596244131455399 0.03015075376884422
1 0.5338028169014084 0.13400335008375208 0.014084507042253521 0.03350083752093802
1 0.5563380281690141 0.11390284757118928 0.014084507042253521 0.02345058626465662
1 0.5633802816901409 0.13149078726968175 0.013145539906103286 0.02512562814070352
1 0.592018779342723 0.09547738693467336 0.012206572769953052 0.02345058626465662
1 0.5901408450704225 0.13316582914572864 0.01596244131455399 0.035175879396984924
1 0.615962441314554 0.10887772194304858 0.015023474178403756 0.02345058626465662
1 0.6460093896713615 0.10217755443886098 0.013145539906103286 0.02680067001675042
1 0.6408450704225352 0.11809045226130653 0.014084507042253521 0.02512562814070352
1 0.672300469483568 0.11641541038525963 0.016901408450704224 0.021775544388609715
1 0.7 0.09463986599664992 0.014084507042253521 0.035175879396984924
1 0.6873239436619718 0.1474036850921273 0.018779342723004695 0.03685092127303183
1 0.6131455399061033 0.14237855946398661 0.020657276995305163 0.03350083752093802
1 0.5671361502347417 0.17755443886097153 0.020657276995305163 0.04020100502512563
1 0.5413145539906103 0.19932998324958123 0.019718309859154928 0.04020100502512563
1 0.3985915492957746 0.2948073701842546 0.023474178403755867 0.04355108877721943
1 0.4793427230046948 0.30234505862646566 0.027230046948356807 0.048576214405360134
1 0.5436619718309859 0.2914572864321608 0.02629107981220657 0.05360134003350084
1 0.5652582159624413 0.23785594639865998 0.020657276995305163 0.03685092127303183
1 0.628169014084507 0.19262981574539365 0.018779342723004695 0.03350083752093802
1 0.6535211267605634 0.17420435510887772 0.016901408450704224 0.03685092127303183
1 0.6657276995305165 0.2085427135678392 0.020657276995305163 0.038525963149078725
1 0.611737089201878 0.2613065326633166 0.0215962441314554 0.03685092127303183
1 0.6046948356807511 0.330820770519263 0.03004694835680751 0.051926298157453935
1 0.6605633802816901 0.2646566164154104 0.023474178403755867 0.03685092127303183
1 0.6971830985915493 0.21775544388609716 0.019718309859154928 0.03685092127303183
1 0.7098591549295774 0.13819095477386936 0.016901408450704224 0.038525963149078725
1 0.7323943661971831 0.12144053601340034 0.013145539906103286 0.031825795644891124
1 0.7539906103286385 0.11474036850921274 0.013145539906103286 0.02512562814070352
1 0.7638497652582159 0.12814070351758794 0.014084507042253521 0.035175879396984924
1 0.780281690140845 0.11557788944723618 0.013145539906103286 0.03350083752093802
1 0.7962441314553991 0.12897822445561138 0.015023474178403756 0.02680067001675042
1 0.8248826291079812 0.11976549413735343 0.014084507042253521 0.02847571189279732
1 0.8328638497652582 0.13651591289782244 0.015023474178403756 0.031825795644891124
1 0.8666666666666667 0.12479061976549415 0.015023474178403756 0.02512562814070352
1 0.8661971830985915 0.14824120603015076 0.01784037558685446 0.031825795644891124
1 0.896244131455399 0.12479061976549415 0.012206572769953052 0.02847571189279732
1 0.8924882629107981 0.1658291457286432 0.019718309859154928 0.03015075376884422
1 0.9300469483568075 0.1541038525963149 0.012206572769953052 0.02680067001675042
1 0.9323943661971831 0.17504187604690116 0.013145539906103286 0.02512562814070352
1 0.9262910798122066 0.2018425460636516 0.01596244131455399 0.038525963149078725
1 0.8915492957746479 0.20100502512562815 0.01784037558685446 0.04020100502512563
1 0.8469483568075117 0.19262981574539365 0.020657276995305163 0.04020100502512563
1 0.855868544600939 0.1574539363484087 0.01596244131455399 0.03685092127303183
1 0.819718309859155 0.1624790619765494 0.015023474178403756 0.03350083752093802
1 0.8028169014084506 0.17587939698492464 0.020657276995305163 0.03685092127303183
1 0.7694835680751173 0.16750418760469013 0.019718309859154928 0.02680067001675042
1 0.7333333333333333 0.19514237855946398 0.018779342723004695 0.035175879396984924
1 0.7319248826291079 0.16164154103852596 0.01596244131455399 0.02847571189279732
1 0.748356807511737 0.1440536013400335 0.015023474178403756 0.03015075376884422
1 0.7497652582159624 0.2403685092127303 0.0215962441314554 0.05527638190954774
1 0.8178403755868544 0.2236180904522613 0.020657276995305163 0.048576214405360134
1 0.8676056338028169 0.23115577889447236 0.020657276995305163 0.04020100502512563
1 0.9220657276995305 0.28726968174204354 0.024413145539906103 0.04522613065326633
1 0.7863849765258216 0.29313232830820773 0.023474178403755867 0.05025125628140704
1 0.7309859154929578 0.2780569514237856 0.02535211267605634 0.05360134003350084
1 0.6816901408450704 0.32830820770519265 0.03192488262910798 0.05360134003350084
