1 0.22093023255813954 0.32629107981220656 0.21262458471760798 0.38497652582159625
1 0.07973421926910298 0.1784037558685446 0.12624584717607973 0.22535211267605634
1 0.27906976744186046 0.06807511737089202 0.08305647840531562 0.1267605633802817
1 0.446843853820598 0.16079812206572772 0.10299003322259137 0.19483568075117372
1 0.4584717607973422 0.035211267605633804 0.0664451827242525 0.06572769953051644
1 0.6038205980066446 0.06807511737089202 0.07475083056478406 0.11737089201877934
1 0.675249169435216 0.2852112676056338 0.1877076411960133 0.2887323943661972
1 0.803156146179402 0.14906103286384978 0.07142857142857142 0.1572769953051643
1 0.7558139534883721 0.029342723004694836 0.04318936877076412 0.0539906103286385
1 0.8205980066445183 0.03169014084507042 0.03986710963455149 0.05868544600938967
1 0.898671096345515 0.08333333333333333 0.04983388704318937 0.09154929577464789
1 0.9501661129568106 0.11854460093896714 0.06976744186046512 0.13380281690140847
1 0.9609634551495017 0.05046948356807512 0.051495016611295685 0.08215962441314555
