1 0.1382890365448505 0.5319303338171263 0.040697674418604654 0.07982583454281568
1 0.23089700996677742 0.341799709724238 0.016611295681063124 0.036284470246734396
1 0.2537375415282392 0.3889695210449927 0.02408637873754153 0.040638606676342524
1 0.2898671096345515 0.3664731494920174 0.019933554817275746 0.04499274310595065
1 0.2857142857142857 0.3149492017416546 0.018272425249169437 0.03483309143686502
1 0.34011627906976744 0.35921625544267055 0.022425249169435217 0.05079825834542816
1 0.35714285714285715 0.33381712626995647 0.016611295681063124 0.03773584905660377
1 0.38205980066445183 0.3490566037735849 0.019933554817275746 0.04499274310595065
1 0.3550664451827243 0.3011611030478955 0.01744186046511628 0.030478955007256895
1 0.39285714285714285 0.26342525399129174 0.014950166112956811 0.033381712626995644
1 0.4111295681063123 0.274310595065312 0.013289036544850499 0.02902757619738752
1 0.4132059800664452 0.33599419448476053 0.020764119601328904 0.04499274310595065
1 0.40988372093023256 0.3033381712626996 0.015780730897009966 0.026124818577648767
1 0.43687707641196016 0.31567489114658925 0.018272425249169437 0.033381712626995644
1 0.4451827242524917 0.3367198838896952 0.02159468438538206 0.040638606676342524
1 0.438953488372093 0.2844702467343977 0.014119601328903655 0.03193033381712627
1 0.4285714285714286 0.2597968069666183 0.013289036544850499 0.02902757619738752
1 0.4622093023255814 0.27213352685050796 0.015780730897009966 0.036284470246734396
1 0.4680232558139535 0.31204644412191584 0.01744186046511628 0.02902757619738752
1 0.4692691029900332 0.2416545718432511 0.016611295681063124 0.027576197387518143
1 0.49958471760797346 0.2656023222060958 0.014119601328903655 0.02902757619738752
1 0.5303156146179402 0.27866473149492016 0.01910299003322259 0.03193033381712627
1 0.5261627906976745 0.25036284470246734 0.01744186046511628 0.030478955007256895
1 0.550249169435216 0.24600870827285923 0.015780730897009966 0.030478955007256895
1 0.561046511627907 0.2830188679245283 0.015780730897009966 0.03483309143686502
1 0.5780730897009967 0.26705370101596515 0.018272425249169437 0.03193033381712627
1 0.571843853820598 0.22060957910014514 0.012458471760797342 0.026124818577648767
1 0.6104651162790697 0.251088534107402 0.014950166112956811 0.02902757619738752
1 0.6004983388704319 0.23294629898403482 0.011627906976744186 0.02467343976777939
1 0.6154485049833888 0.2111756168359942 0.013289036544850499 0.027576197387518143
1 0.632890365448505 0.21335268505079827 0.011627906976744186 0.023222060957910014
1 0.6432724252491695 0.251088534107402 0.014119601328903655 0.02902757619738752
1 0.6773255813953488 0.2104499274310595 0.012458471760797342 0.02902757619738752
1 0.6818936877076412 0.2358490566037736 0.014950166112956811 0.027576197387518143
1 0.6918604651162791 0.22423802612481858 0.016611295681063124 0.030478955007256895
1 0.5049833887043189 0.33236574746008707 0.018272425249169437 0.040638606676342524
1 0.48629568106312293 0.40783744557329465 0.030730897009966777 0.06386066763425254
1 0.5411129568106312 0.4404934687953556 0.0340531561461794 0.062409288824383166
1 0.6092192691029901 0.45500725689404936 0.032392026578073094 0.06821480406386067
1 0.5448504983388704 0.3606676342525399 0.024916943521594685 0.05079825834542816
1 0.6092192691029901 0.33381712626995647 0.025747508305647843 0.04644412191582003
1 0.6266611295681064 0.3722786647314949 0.030730897009966777 0.05079825834542816
1 0.6449335548172758 0.4709724238026125 0.032392026578073094 0.06821480406386067
1 0.7167774086378738 0.5174165457184325 0.044850498338870434 0.07982583454281568
1 0.6644518272425249 0.3795355587808418 0.024916943521594685 0.059506531204644414
1 0.6515780730897011 0.3454281567489115 0.022425249169435217 0.04354136429608128
1 0.6407807308970099 0.306966618287373 0.01744186046511628 0.0420899854862119
1 0.6777408637873754 0.2772133526850508 0.016611295681063124 0.03773584905660377
1 0.7005813953488372 0.29390420899854863 0.01910299003322259 0.03918722786647315
1 0.712624584717608 0.24963715529753266 0.018272425249169437 0.03773584905660377
1 0.6964285714285714 0.36429608127721336 0.02408637873754153 0.05224963715529753
1 0.7296511627906976 0.4056603773584906 0.030730897009966777 0.05079825834542816
1 0.7861295681063123 0.4390420899854862 0.029069767441860465 0.06531204644412192
1 0.845514950166113 0.5101596516690856 0.03488372093023256 0.07111756168359942
1 0.8504983388704319 0.4695210449927431 0.03156146179401993 0.059506531204644414
1 0.8210132890365449 0.36574746008708275 0.02408637873754153 0.055152394775036286
1 0.7441860465116279 0.2409288824383164 0.014950166112956811 0.02902757619738752
1 0.7495847176079734 0.2351233671988389 0.01079734219269103 0.02902757619738752
1 0.7537375415282392 0.2692307692307692 0.01910299003322259 0.0420899854862119
1 0.7865448504983389 0.28374455732946297 0.016611295681063124 0.03918722786647315
1 0.7944352159468439 0.2641509433962264 0.014119601328903655 0.03193033381712627
1 0.7774086378737541 0.2677793904208999 0.014950166112956811 0.033381712626995644
1 0.7936046511627907 0.2416545718432511 0.01744186046511628 0.030478955007256895
1 0.8185215946843855 0.24528301886792453 0.015780730897009966 0.03773584905660377
1 0.829734219269103 0.2793904208998549 0.018272425249169437 0.033381712626995644
1 0.8193521594684385 0.3127721335268505 0.01744186046511628 0.033381712626995644
1 0.8359634551495017 0.34252539912917274 0.01910299003322259 0.04644412191582003
1 0.8542358803986712 0.33454281567489114 0.01910299003322259 0.036284470246734396
1 0.864202657807309 0.27866473149492016 0.01744186046511628 0.03773584905660377
1 0.8525747508305648 0.2597968069666183 0.014119601328903655 0.02902757619738752
1 0.8891196013289037 0.2576197387518142 0.014119601328903655 0.030478955007256895
1 0.9028239202657807 0.2815674891146589 0.014950166112956811 0.03193033381712627
1 0.8783222591362126 0.33889695210449927 0.015780730897009966 0.04499274310595065
1 0.9015780730897011 0.32728592162554426 0.01744186046511628 0.03918722786647315
1 0.8662790697674418 0.4107402031930334 0.02823920265780731 0.06095791001451379
1 0.9210963455149502 0.4593613933236575 0.03322259136212625 0.07111756168359942
1 0.9327242524916943 0.37663280116110304 0.02159468438538206 0.05079825834542816
1 0.9219269102990033 0.32365747460087085 0.018272425249169437 0.03773584905660377
1 0.9422757475083057 0.3098693759071118 0.015780730897009966 0.03918722786647315
1 0.9485049833887044 0.2895500725689405 0.014950166112956811 0.02467343976777939
