1 0.88909426987061 0.3590381426202322 0.025878003696857672 0.06799336650082918
1 0.9149722735674677 0.2603648424543947 0.018484288354898334 0.04643449419568823
1 0.9228280961182994 0.29933665008291876 0.021256931608133085 0.05472636815920398
1 0.9237523105360443 0.20149253731343283 0.012014787430683918 0.03482587064676617
1 0.927449168207024 0.15754560530679934 0.00831792975970425 0.023217247097844115
1 0.8927911275415896 0.17081260364842454 0.014787430683918669 0.03648424543946932
1 0.8812384473197782 0.20398009950248758 0.013863216266173753 0.04311774461028192
1 0.8622920517560074 0.2570480928689884 0.018484288354898334 0.04311774461028192
1 0.8322550831792976 0.30845771144278605 0.021256931608133085 0.05970149253731343
1 0.8026802218114603 0.40630182421227196 0.034195933456561925 0.06633499170812604
1 0.8359519408502772 0.12271973466003316 0.010166358595194085 0.026533996683250415
1 0.8341035120147874 0.142620232172471 0.013863216266173753 0.029850746268656716
1 0.8498151571164511 0.16832504145936983 0.015711645101663587 0.03814262023217247
1 0.8636783733826248 0.12935323383084577 0.00831792975970425 0.026533996683250415
1 0.86090573012939 0.14759535655058043 0.010166358595194085 0.026533996683250415
1 0.8294824399260629 0.20149253731343283 0.015711645101663587 0.04145936981757877
1 0.8109981515711645 0.23548922056384744 0.015711645101663587 0.03648424543946932
1 0.8142329020332717 0.16169154228855723 0.012939001848428836 0.028192371475953566
1 0.788354898336414 0.269485903814262 0.02033271719038817 0.05140961857379768
1 0.7523105360443623 0.3275290215588723 0.025878003696857672 0.06135986733001658
1 0.7195009242144177 0.25787728026533996 0.02310536044362292 0.05472636815920398
1 0.6917744916820703 0.33416252072968494 0.026802218114602587 0.06135986733001658
1 0.7273567467652495 0.19485903814262023 0.0166358595194085 0.04145936981757877
1 0.7319778188539741 0.175787728026534 0.014787430683918669 0.029850746268656716
1 0.7564695009242144 0.21393034825870647 0.01756007393715342 0.04643449419568823
1 0.7754158964879853 0.1998341625207297 0.0166358595194085 0.04145936981757877
1 0.771256931608133 0.1285240464344942 0.012014787430683918 0.028192371475953566
1 0.7791127541589649 0.1558872305140962 0.014787430683918669 0.03648424543946932
1 0.7014787430683919 0.10281923714759536 0.011090573012939002 0.023217247097844115
1 0.6765249537892791 0.1044776119402985 0.011090573012939002 0.026533996683250415
1 0.7356746765249538 0.12271973466003316 0.012939001848428836 0.026533996683250415
1 0.756007393715342 0.14427860696517414 0.012939001848428836 0.029850746268656716
1 0.6686691312384473 0.16749585406301826 0.013863216266173753 0.03980099502487562
1 0.6954713493530499 0.18325041459369817 0.01756007393715342 0.04145936981757877
1 0.5965804066543438 0.1011608623548922 0.00831792975970425 0.01658374792703151
1 0.5868761552680222 0.11525704809286899 0.009242144177449167 0.01824212271973466
1 0.5674676524953789 0.10779436152570482 0.009242144177449167 0.01990049751243781
1 0.6233826247689463 0.0978441127694859 0.00831792975970425 0.01990049751243781
1 0.6312384473197782 0.11028192371475953 0.009242144177449167 0.02155887230514096
1 0.6187615526802218 0.1492537313432836 0.012014787430683918 0.029850746268656716
1 0.649260628465804 0.13432835820895522 0.012014787430683918 0.023217247097844115
1 0.5817929759704251 0.1691542288557214 0.015711645101663587 0.03316749585406302
1 0.5328096118299446 0.13266998341625208 0.012014787430683918 0.026533996683250415
1 0.5499075785582255 0.17910447761194032 0.014787430683918669 0.03316749585406302
1 0.588724584103512 0.1417910447761194 0.012939001848428836 0.028192371475953566
1 0.5194085027726433 0.15091210613598674 0.012939001848428836 0.026533996683250415
1 0.5138632162661737 0.17827529021558872 0.014787430683918669 0.03150912106135987
1 0.5378927911275416 0.1890547263681592 0.0166358595194085 0.03648424543946932
1 0.48290203327171904 0.16666666666666666 0.012014787430683918 0.028192371475953566
1 0.45794824399260625 0.1824212271973466 0.015711645101663587 0.03316749585406302
1 0.47504621072088726 0.18490878938640132 0.0166358595194085 0.03814262023217247
1 0.49722735674676527 0.1932006633499171 0.0166358595194085 0.04145936981757877
1 0.444547134935305 0.22139303482587067 0.0166358595194085 0.03814262023217247
1 0.4745841035120148 0.22885572139303484 0.019408502772643253 0.04643449419568823
1 0.43253234750462105 0.1724709784411277 0.009242144177449167 0.023217247097844115
1 0.42375231053604434 0.17744610281923714 0.012014787430683918 0.026533996683250415
1 0.4066543438077634 0.19237147595356552 0.012939001848428836 0.026533996683250415
1 0.3678373382624769 0.19485903814262023 0.012939001848428836 0.028192371475953566
1 0.3789279112754159 0.21393034825870647 0.012939001848428836 0.03648424543946932
1 0.3974121996303142 0.22553897180762852 0.014787430683918669 0.029850746268656716
1 0.27310536044362294 0.2537313432835821 0.010166358595194085 0.026533996683250415
1 0.2828096118299445 0.25538971807628524 0.012939001848428836 0.03316749585406302
1 0.29944547134935307 0.2678275290215589 0.014787430683918669 0.03482587064676617
1 0.3438077634011091 0.2703150912106136 0.012939001848428836 0.03648424543946932
1 0.3752310536044362 0.28192371475953565 0.0166358595194085 0.03980099502487562
1 0.11136783733826247 0.5480928689883914 0.05268022181146026 0.11111111111111112
1 0.5064695009242144 0.296849087893864 0.022181146025878003 0.04975124378109453
1 0.5568391866913124 0.263681592039801 0.015711645101663587 0.03980099502487562
1 0.5651571164510166 0.3043117744610282 0.02310536044362292 0.05140961857379768
1 0.6076709796672828 0.3200663349917081 0.024953789279112754 0.05306799336650083
1 0.6317005545286506 0.20315091210613598 0.013863216266173753 0.03482587064676617
1 0.6261552680221811 0.25538971807628524 0.019408502772643253 0.04643449419568823
1 0.6598890942698706 0.21890547263681592 0.0166358595194085 0.04311774461028192
1 0.47504621072088726 0.14593698175787728 0.009242144177449167 0.01990049751243781
1 0.511090573012939 0.1252072968490879 0.0073937153419593345 0.01824212271973466
