1 0.15583333333333335 0.7440633245382585 0.03166666666666667 0.0633245382585752
1 0.08916666666666667 0.8350923482849604 0.045000000000000005 0.06596306068601583
1 0.2625 0.841688654353562 0.05166666666666667 0.07387862796833773
1 0.31 0.7453825857519789 0.03333333333333333 0.06068601583113456
1 0.4416666666666667 0.8021108179419525 0.03333333333333333 0.05804749340369393
1 0.455 0.9155672823218997 0.03666666666666667 0.0633245382585752
1 0.4841666666666667 0.5870712401055409 0.028333333333333335 0.06068601583113456
1 0.6216666666666667 0.8192612137203166 0.03666666666666667 0.06596306068601583
1 0.6558333333333334 0.9221635883905013 0.04833333333333334 0.07651715039577836
1 0.7891666666666667 0.8654353562005277 0.045000000000000005 0.07387862796833773
1 0.8975000000000001 0.7849604221635884 0.03833333333333334 0.06596306068601583
1 0.9683333333333334 0.8693931398416886 0.04666666666666667 0.07651715039577836
