1 0.21135940409683426 0.35323383084577115 0.037243947858473 0.08623548922056384
1 0.3370577281191806 0.2802653399668325 0.0148975791433892 0.029850746268656716
1 0.31797020484171323 0.27611940298507465 0.017690875232774673 0.03150912106135987
1 0.2993482309124767 0.24792703150912107 0.013966480446927373 0.03150912106135987
1 0.3300744878957169 0.21807628524046435 0.012104283054003724 0.03150912106135987
1 0.3472998137802607 0.21890547263681592 0.01303538175046555 0.026533996683250415
1 0.35195530726256985 0.23880597014925373 0.01303538175046555 0.026533996683250415
1 0.3808193668528864 0.22719734660033167 0.0186219739292365 0.03316749585406302
1 0.4292364990689013 0.2810945273631841 0.020484171322160148 0.04809286898839138
1 0.3845437616387337 0.1998341625207297 0.01675977653631285 0.024875621890547265
1 0.4259776536312849 0.22222222222222224 0.015828677839851025 0.03316749585406302
1 0.45623836126629425 0.21890547263681592 0.01675977653631285 0.029850746268656716
1 0.44320297951582865 0.1998341625207297 0.0148975791433892 0.028192371475953566
1 0.4278398510242086 0.18076285240464346 0.015828677839851025 0.029850746268656716
1 0.45251396648044695 0.1691542288557214 0.01303538175046555 0.026533996683250415
1 0.46368715083798884 0.19651741293532338 0.01303538175046555 0.028192371475953566
1 0.5013966480446927 0.19485903814262023 0.015828677839851025 0.03150912106135987
1 0.5251396648044693 0.20480928689883915 0.01303538175046555 0.028192371475953566
1 0.4781191806331471 0.16998341625207297 0.013966480446927373 0.024875621890547265
1 0.473463687150838 0.1492537313432836 0.012104283054003724 0.023217247097844115
1 0.4515828677839851 0.14759535655058043 0.01303538175046555 0.01990049751243781
1 0.4860335195530726 0.1318407960199005 0.0111731843575419 0.02155887230514096
1 0.5041899441340782 0.17827529021558872 0.013966480446927373 0.028192371475953566
1 0.5432960893854749 0.16334991708126037 0.012104283054003724 0.03150912106135987
1 0.5567970204841713 0.1517412935323383 0.01303538175046555 0.024875621890547265
1 0.5311918063314711 0.14676616915422885 0.013966480446927373 0.028192371475953566
1 0.5391061452513967 0.13764510779436154 0.01675977653631285 0.026533996683250415
1 0.5605214152700186 0.11691542288557215 0.00931098696461825 0.02155887230514096
1 0.5768156424581006 0.17744610281923714 0.013966480446927373 0.03316749585406302
1 0.6238361266294227 0.14676616915422885 0.01303538175046555 0.028192371475953566
1 0.6159217877094972 0.11111111111111112 0.012104283054003724 0.023217247097844115
1 0.5963687150837989 0.10696517412935323 0.010242085661080074 0.024875621890547265
1 0.6485102420856611 0.11276948590381426 0.010242085661080074 0.026533996683250415
1 0.6685288640595903 0.11940298507462686 0.0148975791433892 0.029850746268656716
1 0.6871508379888268 0.1044776119402985 0.01303538175046555 0.029850746268656716
1 0.5814711359404097 0.13598673300165837 0.012104283054003724 0.023217247097844115
1 0.5698324022346368 0.15008291873963517 0.00931098696461825 0.02155887230514096
1 0.4995344506517691 0.2960199004975124 0.023277467411545624 0.03814262023217247
1 0.5484171322160148 0.3034825870646766 0.0260707635009311 0.05306799336650083
1 0.5712290502793296 0.23963515754560533 0.017690875232774673 0.04145936981757877
1 0.6075418994413407 0.33913764510779437 0.027001862197392923 0.05140961857379768
1 0.6103351955307262 0.2562189054726368 0.019553072625698324 0.03814262023217247
1 0.611266294227188 0.21393034825870647 0.017690875232774673 0.03648424543946932
1 0.6694599627560521 0.20480928689883915 0.0223463687150838 0.03814262023217247
1 0.6587523277467412 0.2603648424543947 0.017690875232774673 0.03980099502487562
1 0.6722532588454376 0.3407960199004975 0.027932960893854747 0.06467661691542288
1 0.7192737430167597 0.2935323383084577 0.023277467411545624 0.05638474295190713
1 0.7667597765363129 0.2877280265339967 0.021415270018621972 0.04477611940298508
1 0.7034450651769087 0.2197346600331675 0.021415270018621972 0.04477611940298508
1 0.702048417132216 0.1799336650082919 0.01675977653631285 0.03814262023217247
1 0.6829608938547486 0.16086235489220566 0.017690875232774673 0.03648424543946932
1 0.7211359404096834 0.1384742951907131 0.012104283054003724 0.03150912106135987
1 0.7253258845437617 0.1733001658374793 0.0148975791433892 0.03150912106135987
1 0.7397579143389199 0.20480928689883915 0.015828677839851025 0.03814262023217247
1 0.7579143389199255 0.18325041459369817 0.01303538175046555 0.03150912106135987
1 0.7513966480446927 0.1318407960199005 0.01303538175046555 0.03150912106135987
1 0.7397579143389199 0.1252072968490879 0.012104283054003724 0.03150912106135987
1 0.7509310986964618 0.10696517412935323 0.012104283054003724 0.02155887230514096
1 0.7676908752327747 0.13349917081260365 0.012104283054003724 0.03150912106135987
1 0.8007448789571695 0.1799336650082919 0.01675977653631285 0.03482587064676617
1 0.8007448789571695 0.1384742951907131 0.0111731843575419 0.03150912106135987
1 0.8119180633147114 0.1318407960199005 0.0111731843575419 0.028192371475953566
1 0.8305400372439479 0.14427860696517414 0.01303538175046555 0.03316749585406302
1 0.8240223463687151 0.16998341625207297 0.01303538175046555 0.028192371475953566
1 0.8449720670391061 0.18988391376451078 0.015828677839851025 0.04477611940298508
1 0.8715083798882681 0.23797678275290216 0.01675977653631285 0.04145936981757877
1 0.8547486033519553 0.15920398009950248 0.01303538175046555 0.03316749585406302
1 0.8691806331471136 0.148424543946932 0.013966480446927373 0.03150912106135987
1 0.9008379888268156 0.13598673300165837 0.010242085661080074 0.029850746268656716
1 0.8971135940409684 0.16832504145936983 0.010242085661080074 0.02155887230514096
1 0.9022346368715084 0.22719734660033167 0.01303538175046555 0.03648424543946932
1 0.9203910614525139 0.28192371475953565 0.019553072625698324 0.05306799336650083
1 0.9175977653631285 0.20398009950248758 0.015828677839851025 0.04311774461028192
1 0.9301675977653632 0.1583747927031509 0.01303538175046555 0.03150912106135987
