1 0.28250000000000003 0.2531380753138075 0.0325 0.07531380753138074
1 0.36625 0.2635983263598326 0.035 0.06694560669456066
1 0.1125 0.41945606694560666 0.06 0.09832635983263598
1 0.139375 0.47698744769874474 0.058750000000000004 0.11297071129707112
1 0.24625 0.4832635983263598 0.0825 0.13389121338912133
1 0.3175 0.4822175732217573 0.0625 0.09832635983263598
1 0.36125 0.6161087866108786 0.1075 0.1903765690376569
1 0.40125 0.4497907949790795 0.0475 0.08786610878661087
1 0.47250000000000003 0.5324267782426778 0.0575 0.13598326359832635
1 0.47125 0.4811715481171548 0.05 0.09205020920502091
1 0.5231250000000001 0.4445606694560669 0.04875 0.08577405857740585
1 0.6118750000000001 0.5198744769874477 0.07125000000000001 0.11506276150627615
1 0.595 0.4707112970711297 0.06 0.08786610878661087
1 0.61875 0.4267782426778242 0.045 0.07531380753138074
1 0.683125 0.44246861924686187 0.03125 0.06903765690376569
1 0.686875 0.6014644351464434 0.09375 0.16527196652719664
1 0.76625 0.5230125523012552 0.07 0.12552301255230125
1 0.834375 0.46861924686192463 0.03125 0.06694560669456066
1 0.86 0.49999999999999994 0.0475 0.10460251046025104
1 0.9081250000000001 0.5439330543933054 0.08375 0.1631799163179916
1 0.91125 0.4487447698744769 0.035 0.06903765690376569
1 0.969375 0.5010460251046025 0.04875 0.09832635983263598
1 0.98875 0.44351464435146437 0.0225 0.046025104602510455
