1 0.37958061889250816 0.6434782608695653 0.09955211726384365 0.20217391304347826
1 0.2227198697068404 0.5340579710144927 0.05252442996742671 0.08623188405797101
1 0.16510586319218243 0.4885869565217391 0.05252442996742671 0.10253623188405797
1 0.11461726384364822 0.4847826086956522 0.042752442996742676 0.08768115942028985
1 0.0749185667752443 0.4668478260869565 0.04193811074918567 0.08369565217391305
1 0.049979641693811076 0.4585144927536232 0.02748371335504886 0.06485507246376812
1 0.021885179153094462 0.42246376811594205 0.021783387622149836 0.04492753623188406
1 0.12265879478827361 0.3992753623188406 0.020969055374592836 0.0463768115942029
1 0.1714169381107492 0.4173913043478261 0.028908794788273618 0.05507246376811594
1 0.20938517915309446 0.4411231884057971 0.028705211726384367 0.05471014492753623
1 0.25071254071661236 0.44221014492753624 0.031555374592833876 0.05253623188405797
1 0.2883754071661238 0.4329710144927536 0.03236970684039088 0.05652173913043478
1 0.32939739413680785 0.47844202898550725 0.042752442996742676 0.06992753623188405
1 0.3729641693811075 0.44981884057971017 0.028908794788273618 0.06485507246376812
1 0.41368078175895767 0.46920289855072467 0.04560260586319218 0.06884057971014493
1 0.4909405537459284 0.46793478260869564 0.04987785016286645 0.08152173913043478
1 0.4617263843648209 0.4192028985507246 0.033794788273615636 0.06884057971014493
1 0.49613192182410426 0.3967391304347826 0.01954397394136808 0.051449275362318844
1 0.35677931596091206 0.3173913043478261 0.03440553745928339 0.06231884057971015
1 0.5631107491856677 0.3923913043478261 0.020358306188925084 0.04492753623188406
1 0.5848941368078177 0.42789855072463767 0.035830618892508145 0.07101449275362319
1 0.6488192182410424 0.4597826086956522 0.05130293159609121 0.08985507246376812
1 0.6277483713355049 0.41992753623188406 0.031555374592833876 0.060144927536231886
1 0.6245928338762216 0.3717391304347826 0.012622149837133551 0.02391304347826087
1 0.6621539087947883 0.3666666666666667 0.013232899022801304 0.036231884057971016
1 0.6459690553745928 0.39293478260869563 0.020358306188925084 0.051086956521739134
1 0.6832247557003258 0.44981884057971017 0.03175895765472313 0.06992753623188405
1 0.6961522801302932 0.41159420289855075 0.023819218241042345 0.041304347826086954
1 0.6937092833876222 0.3617753623188406 0.013232899022801304 0.03152173913043478
1 0.7137622149837134 0.3673913043478261 0.016693811074918567 0.02753623188405797
1 0.7176302931596091 0.3393115942028986 0.016286644951140065 0.02644927536231884
1 0.762214983713355 0.3105072463768116 0.015472312703583062 0.036231884057971016
1 0.8004885993485342 0.3755434782608696 0.020358306188925084 0.03369565217391304
1 0.7959079804560261 0.348731884057971 0.016897394136807818 0.01992753623188406
1 0.7782980456026058 0.3855072463768116 0.021172638436482087 0.034057971014492754
1 0.7464372964169381 0.4105072463768116 0.021783387622149836 0.043478260869565216
1 0.7291327361563519 0.39420289855072466 0.016897394136807818 0.036231884057971016
1 0.7611970684039089 0.4380434782608696 0.03298045602605863 0.058695652173913045
1 0.7903094462540717 0.4298913043478261 0.021172638436482087 0.03731884057971015
1 0.832349348534202 0.4210144927536232 0.023819218241042345 0.04492753623188406
1 0.8499592833876222 0.35543478260869565 0.015472312703583062 0.041304347826086954
1 0.8773412052117264 0.3706521739130435 0.01974755700325733 0.036231884057971016
1 0.8871131921824105 0.35489130434782606 0.01974755700325733 0.0322463768115942
1 0.9278298045602607 0.3467391304347826 0.016897394136807818 0.02391304347826087
1 0.9524633550488599 0.3686594202898551 0.018118892508143324 0.04021739130434783
1 0.9731270358306189 0.3592391304347826 0.01465798045602606 0.03152173913043478
1 0.9917548859934854 0.3943840579710145 0.015268729641693811 0.03876811594202899
1 0.9881921824104235 0.45416666666666666 0.02239413680781759 0.06630434782608696
1 0.9348534201954398 0.6028985507246377 0.08835504885993485 0.16086956521739132
1 0.8994299674267101 0.5016304347826087 0.05700325732899023 0.09384057971014492
1 0.883957654723127 0.43532608695652175 0.030130293159609123 0.05615942028985507
1 0.8625814332247558 0.4298913043478261 0.025244299674267102 0.059782608695652176
1 0.948900651465798 0.40797101449275364 0.02239413680781759 0.04855072463768116
1 0.7421620521172638 0.5704710144927536 0.08082247557003258 0.15108695652173912
1 0.6429153094462541 0.6740942028985507 0.11237785016286646 0.21340579710144927
