1 0.18888888888888888 0.6534810126582279 0.08888888888888889 0.18037974683544303
1 0.20222222222222222 0.5015822784810127 0.07555555555555556 0.16139240506329114
1 0.4111111111111111 0.6170886075949367 0.1111111111111111 0.17721518987341772
1 0.4177777777777778 0.47151898734177217 0.08 0.12658227848101267
1 0.4444444444444444 0.40822784810126583 0.057777777777777775 0.10126582278481013
1 0.44333333333333336 0.34651898734177217 0.051111111111111114 0.09177215189873418
1 0.4722222222222222 0.26424050632911394 0.051111111111111114 0.09177215189873418
1 0.33111111111111113 0.34968354430379744 0.06222222222222222 0.0981012658227848
1 0.25333333333333335 0.40822784810126583 0.07111111111111111 0.09493670886075949
1 0.09444444444444444 0.49367088607594933 0.07333333333333333 0.11392405063291139
1 0.04111111111111111 0.23734177215189872 0.05555555555555555 0.0759493670886076
1 0.024444444444444446 0.3291139240506329 0.044444444444444446 0.12025316455696203
1 0.15222222222222223 0.3575949367088608 0.05555555555555555 0.09493670886075949
1 0.18777777777777777 0.2262658227848101 0.05555555555555555 0.08544303797468354
1 0.31222222222222223 0.2420886075949367 0.04666666666666667 0.08544303797468354
1 0.35 0.1629746835443038 0.042222222222222223 0.060126582278481014
1 0.5911111111111111 0.495253164556962 0.09333333333333334 0.14240506329113925
1 0.6133333333333333 0.4161392405063291 0.06666666666666667 0.10443037974683544
1 0.5811111111111111 0.3639240506329114 0.06 0.10759493670886076
1 0.7044444444444444 0.36075949367088606 0.06222222222222222 0.10126582278481013
1 0.7466666666666667 0.4240506329113924 0.06666666666666667 0.12025316455696203
1 0.7877777777777778 0.48575949367088606 0.06888888888888889 0.12974683544303797
1 0.72 0.6598101265822784 0.10666666666666666 0.18670886075949367
1 0.8944444444444445 0.6392405063291139 0.10444444444444445 0.17721518987341772
1 0.8922222222222222 0.4272151898734177 0.05555555555555555 0.10759493670886076
1 0.9788888888888889 0.3670886075949367 0.042222222222222223 0.09493670886075949
1 0.8511111111111112 0.37658227848101267 0.05333333333333333 0.10759493670886076
1 0.8188888888888889 0.23575949367088608 0.04666666666666667 0.07278481012658228
1 0.9366666666666666 0.2737341772151899 0.042222222222222223 0.07911392405063292
1 0.8977777777777778 0.18987341772151897 0.04 0.08227848101265822
1 0.8622222222222222 0.125 0.04 0.06645569620253164
1 0.7533333333333333 0.10759493670886076 0.04 0.06329113924050633
1 0.14555555555555555 0.12025316455696203 0.051111111111111114 0.0759493670886076
1 0.20333333333333334 0.1439873417721519 0.04666666666666667 0.07278481012658228
1 0.19111111111111112 0.058544303797468354 0.035555555555555556 0.060126582278481014
1 0.13111111111111112 0.0189873417721519 0.03111111111111111 0.03164556962025317
1 0.2477777777777778 0.09335443037974683 0.03777777777777778 0.07911392405063292
1 0.2688888888888889 0.05063291139240506 0.03111111111111111 0.056962025316455694
1 0.38 0.05221518987341772 0.03111111111111111 0.07278481012658228
1 0.3977777777777778 0.030063291139240507 0.03111111111111111 0.04746835443037974
1 0.4822222222222222 0.12183544303797468 0.04888888888888889 0.07911392405063292
1 0.37 0.11867088607594936 0.03777777777777778 0.060126582278481014
1 0.4722222222222222 0.060126582278481014 0.042222222222222223 0.056962025316455694
1 0.47333333333333333 0.028481012658227847 0.04 0.05063291139240506
1 0.5755555555555556 0.1060126582278481 0.04 0.06645569620253164
1 0.5588888888888889 0.17246835443037975 0.051111111111111114 0.06645569620253164
1 0.5833333333333334 0.25158227848101267 0.051111111111111114 0.09177215189873418
1 0.6688888888888889 0.16930379746835442 0.04 0.07278481012658228
1 0.6677777777777778 0.1060126582278481 0.03333333333333333 0.060126582278481014
1 0.6422222222222222 0.04746835443037974 0.03111111111111111 0.056962025316455694
1 0.5655555555555556 0.030063291139240507 0.03333333333333333 0.04746835443037974
1 0.5555555555555556 0.07911392405063292 0.03111111111111111 0.05063291139240506
1 0.7355555555555555 0.0680379746835443 0.035555555555555556 0.05379746835443038
