1 0.1 0.8078078078078078 0.156 0.25225225225225223
1 0.166 0.5765765765765766 0.084 0.13213213213213212
1 0.271 0.3408408408408408 0.082 0.12912912912912913
1 0.261 0.6366366366366366 0.122 0.1921921921921922
1 0.34600000000000003 0.5195195195195195 0.06 0.12612612612612611
1 0.502 0.5735735735735735 0.084 0.12612612612612611
1 0.598 0.596096096096096 0.092 0.16516516516516516
1 0.724 0.7012012012012012 0.108 0.2012012012012012
1 0.799 0.5630630630630631 0.098 0.15315315315315314
1 0.675 0.3153153153153153 0.07 0.10810810810810811
