1 0.056666666666666664 0.273 0.030666666666666665 0.05
1 0.08666666666666667 0.329 0.032 0.05
1 0.106 0.3 0.025333333333333333 0.048
1 0.11399999999999999 0.268 0.025333333333333333 0.04
1 0.128 0.375 0.032 0.062
1 0.14533333333333334 0.34700000000000003 0.026666666666666665 0.038
1 0.14933333333333332 0.309 0.021333333333333333 0.038
1 0.176 0.278 0.024 0.04
1 0.18 0.38 0.03733333333333333 0.076
1 0.20733333333333331 0.34400000000000003 0.028 0.044
1 0.22733333333333333 0.374 0.03333333333333333 0.056
1 0.21266666666666667 0.302 0.025333333333333333 0.04
1 0.22799999999999998 0.272 0.024 0.04
1 0.2573333333333333 0.281 0.018666666666666665 0.042
1 0.26666666666666666 0.40700000000000003 0.03733333333333333 0.066
1 0.264 0.34 0.024 0.052000000000000005
1 0.2753333333333333 0.307 0.025333333333333333 0.042
1 0.3 0.291 0.018666666666666665 0.034
1 0.30533333333333335 0.378 0.026666666666666665 0.06
1 0.3393333333333333 0.41200000000000003 0.036 0.064
1 0.32666666666666666 0.352 0.026666666666666665 0.052000000000000005
1 0.33599999999999997 0.31 0.021333333333333333 0.036000000000000004
1 0.35133333333333333 0.289 0.02 0.038
1 0.38266666666666665 0.378 0.026666666666666665 0.056
1 0.386 0.341 0.022666666666666665 0.038
1 0.38 0.315 0.021333333333333333 0.034
1 0.4046666666666667 0.29 0.025333333333333333 0.036000000000000004
1 0.42466666666666664 0.41300000000000003 0.03866666666666667 0.078
1 0.438 0.338 0.028 0.048
1 0.44 0.31 0.024 0.032
1 0.45799999999999996 0.306 0.017333333333333333 0.04
1 0.47333333333333333 0.368 0.029333333333333333 0.064
1 0.51 0.399 0.04133333333333333 0.078
1 0.5113333333333333 0.331 0.025333333333333333 0.042
1 0.48666666666666664 0.316 0.024 0.04
1 0.502 0.28600000000000003 0.017333333333333333 0.032
1 0.5459999999999999 0.305 0.02 0.038
1 0.5619999999999999 0.3 0.022666666666666665 0.036000000000000004
1 0.5833333333333333 0.34900000000000003 0.025333333333333333 0.05
1 0.5646666666666667 0.41500000000000004 0.03333333333333333 0.062
1 0.5833333333333333 0.467 0.03866666666666667 0.07
1 0.6206666666666667 0.402 0.030666666666666665 0.06
1 0.602 0.318 0.02 0.04
1 0.59 0.311 0.02 0.03
1 0.6406666666666666 0.309 0.02 0.042
1 0.6486666666666666 0.372 0.022666666666666665 0.044
1 0.69 0.441 0.04133333333333333 0.082
1 0.6833333333333333 0.375 0.030666666666666665 0.05
1 0.6639999999999999 0.326 0.024 0.044
1 0.6733333333333333 0.28700000000000003 0.018666666666666665 0.034
1 0.7053333333333333 0.32 0.021333333333333333 0.04
1 0.7233333333333333 0.34 0.025333333333333333 0.044
1 0.7213333333333333 0.293 0.021333333333333333 0.038
1 0.7553333333333333 0.309 0.025333333333333333 0.038
1 0.754 0.383 0.03333333333333333 0.062
1 0.7899999999999999 0.342 0.028 0.056
1 0.8026666666666666 0.422 0.04 0.068
1 0.774 0.265 0.022666666666666665 0.038
1 0.814 0.303 0.022666666666666665 0.042
1 0.826 0.257 0.025333333333333333 0.042
1 0.8193333333333334 0.356 0.03333333333333333 0.056
1 0.878 0.40800000000000003 0.036 0.064
1 0.9 0.371 0.029333333333333333 0.058
1 0.874 0.309 0.025333333333333333 0.046
1 0.938 0.277 0.028 0.05
1 0.9446666666666667 0.402 0.04133333333333333 0.07200000000000001
