1 0.2322253000923361 0.23987034035656402 0.023084025854108955 0.04538087520259319
1 0.2585410895660203 0.21880064829821716 0.020313942751615882 0.0486223662884927
1 0.27654662973222527 0.2098865478119935 0.02123730378578024 0.04700162074554295
1 0.2987072945521699 0.25202593192868716 0.026777469990766387 0.050243111831442464
1 0.3190212373037858 0.2139384116693679 0.02493074792243767 0.04538087520259319
1 0.3481071098799631 0.20826580226904376 0.020313942751615882 0.050243111831442464
1 0.3573407202216066 0.1871961102106969 0.0221606648199446 0.04376012965964343
1 0.3693444136657433 0.2098865478119935 0.0221606648199446 0.050243111831442464
1 0.40489381348107106 0.17179902755267423 0.026777469990766387 0.04538087520259319
1 0.4464450600184672 0.20178282009724471 0.028624192059095104 0.05348460291734197
1 0.5507848568790397 0.2034035656401945 0.028624192059095104 0.06645056726094004
1 0.6001846722068328 0.24716369529983792 0.02585410895660203 0.05348460291734197
1 0.615881809787627 0.2358184764991896 0.0221606648199446 0.05348460291734197
1 0.6412742382271468 0.23500810372771475 0.02493074792243767 0.05186385737439222
1 0.6352723915050784 0.2139384116693679 0.024007386888273315 0.04538087520259319
