0 0.36901408450704226 0.2742616033755274 0.10140845070422536 0.18565400843881855
0 0.2 0.10548523206751054 0.09577464788732395 0.1940928270042194
0 0.04084507042253521 0.2932489451476793 0.07605633802816902 0.19831223628691982
0 0.4535211267605634 0.15189873417721517 0.08450704225352113 0.1940928270042194
0 0.5746478873239437 0.3143459915611814 0.10704225352112677 0.19831223628691982
0 0.643661971830986 0.12025316455696201 0.09295774647887324 0.19831223628691982
0 0.8084507042253521 0.2869198312236287 0.10140845070422536 0.21940928270042193
0 0.9704225352112676 0.3755274261603375 0.05915492957746479 0.1940928270042194
1 0.8323943661971831 0.13924050632911392 0.09295774647887324 0.16033755274261602
1 0.17605633802816903 0.32700421940928265 0.09295774647887324 0.18987341772151897
