1 0.3925964546402503 0.212430426716141 0.017726798748696558 0.0352504638218924
1 0.41345151199165797 0.22448979591836735 0.017726798748696558 0.03339517625231911
1 0.6235662148070907 0.13821892393320964 0.016684045881126174 0.04267161410018553
1 0.6402502606882169 0.14471243042671614 0.016684045881126174 0.03339517625231911
1 0.6506777893639207 0.12708719851576994 0.014598540145985401 0.02411873840445269
1 0.7575599582898853 0.13543599257884972 0.011470281543274244 0.022263450834879406
1 0.7695516162669448 0.15120593692022263 0.014598540145985401 0.03153988868274583
1 0.8248175182481752 0.25788497217068646 0.02502606882168926 0.05194805194805195
1 0.8915537017726799 0.2523191094619666 0.018769551616266946 0.04452690166975881
1 0.9009384775808134 0.2300556586270872 0.018769551616266946 0.04081632653061225
1 0.9244004171011471 0.2532467532467533 0.021897810218978103 0.04267161410018553
