1 0.094 0.29936305732484075 0.052000000000000005 0.08280254777070065
1 0.328 0.39012738853503187 0.052000000000000005 0.0732484076433121
1 0.299 0.7070063694267517 0.09 0.14012738853503184
1 0.544 0.6815286624203822 0.1 0.14012738853503184
1 0.937 0.6162420382165605 0.082 0.1178343949044586
1 0.853 0.46178343949044587 0.07 0.10191082802547771
1 0.729 0.39012738853503187 0.046 0.07961783439490447
1 0.602 0.36783439490445863 0.048 0.07961783439490447
1 0.604 0.2484076433121019 0.028 0.038216560509554146
1 0.533 0.25477707006369427 0.03 0.0445859872611465
1 0.482 0.2802547770700637 0.036000000000000004 0.050955414012738856
1 0.47400000000000003 0.39171974522292996 0.06 0.09554140127388536
1 0.41200000000000003 0.28821656050955413 0.028 0.054140127388535034
1 0.401 0.16719745222929938 0.026000000000000002 0.04140127388535032
1 0.463 0.18471337579617836 0.026000000000000002 0.0445859872611465
1 0.704 0.2929936305732484 0.028 0.050955414012738856
1 0.8290000000000001 0.2070063694267516 0.018000000000000002 0.025477707006369428
1 0.967 0.17515923566878983 0.018000000000000002 0.03184713375796178
1 0.964 0.21496815286624205 0.024 0.04140127388535032
