1 0.08540076335877862 0.667621776504298 0.08492366412213741 0.1461318051575931
1 0.10973282442748092 0.5322349570200573 0.07251908396946564 0.12177650429799426
1 0.07061068702290076 0.49498567335243554 0.06297709923664122 0.08452722063037249
1 0.21946564885496184 0.4684813753581662 0.04389312977099236 0.07163323782234957
1 0.2776717557251908 0.4835243553008596 0.04580152671755725 0.07306590257879655
1 0.3258587786259542 0.5830945558739254 0.0715648854961832 0.10888252148997134
1 0.3501908396946565 0.752865329512894 0.08206106870229007 0.12177650429799426
1 0.4556297709923664 0.4785100286532951 0.05057251908396947 0.07449856733524356
1 0.4847328244274809 0.5143266475644699 0.051526717557251904 0.07736389684813753
1 0.5677480916030534 0.5888252148997134 0.0648854961832061 0.10601719197707736
1 0.7037213740458015 0.7091690544412608 0.0982824427480916 0.18911174785100285
1 0.6474236641221374 0.5064469914040114 0.05248091603053435 0.09025787965616046
1 0.7509541984732824 0.5644699140401146 0.0648854961832061 0.12034383954154727
1 0.8301526717557252 0.583810888252149 0.07061068702290076 0.12177650429799426
1 0.8506679389312977 0.8044412607449857 0.10973282442748092 0.12750716332378223
1 0.7848282442748091 0.2621776504297994 0.05820610687022901 0.08022922636103151
