1 0.8989563567362429 0.4797979797979798 0.027514231499051234 0.07407407407407407
1 0.9155597722960152 0.36363636363636365 0.018975332068311195 0.05387205387205387
1 0.896584440227704 0.19023569023569023 0.017077798861480076 0.0404040404040404
1 0.8918406072106262 0.22138047138047137 0.015180265654648957 0.045454545454545456
1 0.9108159392789374 0.18855218855218855 0.015180265654648957 0.0404040404040404
1 0.9345351043643264 0.2365319865319865 0.017077798861480076 0.04208754208754208
1 0.9321631878557874 0.2769360269360269 0.018026565464895637 0.04882154882154882
1 0.8747628083491461 0.2887205387205387 0.017077798861480076 0.045454545454545456
1 0.8472485768500949 0.319023569023569 0.022770398481973434 0.04882154882154882
1 0.8159392789373814 0.2904040404040404 0.020872865275142316 0.05218855218855219
1 0.8315939278937382 0.24915824915824913 0.018026565464895637 0.043771043771043766
1 0.8543643263757116 0.21885521885521886 0.016129032258064516 0.037037037037037035
1 0.860056925996205 0.17676767676767677 0.016129032258064516 0.0404040404040404
1 0.8704933586337761 0.17929292929292928 0.014231499051233398 0.03872053872053872
1 0.8111954459203036 0.16077441077441076 0.013282732447817837 0.03535353535353535
1 0.8173624288425048 0.19107744107744107 0.016129032258064516 0.03872053872053872
1 0.8363377609108159 0.16582491582491582 0.014231499051233398 0.03198653198653199
1 0.7903225806451613 0.2079124579124579 0.017077798861480076 0.04208754208754208
1 0.7813092979127135 0.17592592592592593 0.014231499051233398 0.03872053872053872
1 0.7590132827324478 0.15151515151515152 0.015180265654648957 0.037037037037037035
1 0.7395635673624289 0.18265993265993266 0.014231499051233398 0.03535353535353535
1 0.7011385199240987 0.17087542087542087 0.013282732447817837 0.028619528619528618
1 0.6660341555977229 0.1776094276094276 0.017077798861480076 0.03872053872053872
1 0.6665085388994307 0.218013468013468 0.018026565464895637 0.045454545454545456
1 0.7210626185958254 0.23148148148148148 0.018975332068311195 0.05218855218855219
1 0.6356736242884251 0.24747474747474746 0.022770398481973434 0.050505050505050504
1 0.655123339658444 0.2828282828282828 0.021821631878557877 0.050505050505050504
1 0.6247628083491461 0.3021885521885522 0.025616698292220113 0.06902356902356901
1 0.571157495256167 0.29208754208754206 0.024667931688804556 0.062289562289562284
1 0.5697343453510436 0.2558922558922559 0.019924098671726755 0.050505050505050504
1 0.6840607210626186 0.33754208754208753 0.028462998102466795 0.06902356902356901
1 0.7073055028462998 0.19949494949494948 0.018026565464895637 0.03535353535353535
1 0.6257115749525617 0.13552188552188552 0.012333965844402278 0.028619528619528618
1 0.594876660341556 0.15151515151515152 0.015180265654648957 0.0303030303030303
1 0.5673624288425048 0.06986531986531987 0.009487666034155597 0.025252525252525252
1 0.5531309297912713 0.16919191919191917 0.011385199240986717 0.025252525252525252
1 0.5602466793168881 0.17845117845117844 0.012333965844402278 0.03367003367003367
1 0.5374762808349146 0.11784511784511784 0.008538899430740038 0.0202020202020202
1 0.5469639468690702 0.13973063973063973 0.012333965844402278 0.02356902356902357
1 0.5123339658444023 0.1447811447811448 0.011385199240986717 0.026936026936026935
1 0.5189753320683113 0.16666666666666666 0.013282732447817837 0.03367003367003367
1 0.49003795066413663 0.14225589225589225 0.010436432637571158 0.025252525252525252
1 0.49335863377609107 0.16414141414141414 0.013282732447817837 0.03198653198653199
1 0.4715370018975332 0.14057239057239057 0.013282732447817837 0.021885521885521883
1 0.4506641366223909 0.14814814814814814 0.013282732447817837 0.026936026936026935
1 0.4340607210626186 0.17676767676767677 0.014231499051233398 0.0303030303030303
1 0.45208728652751423 0.17087542087542087 0.014231499051233398 0.03198653198653199
1 0.47343453510436434 0.17592592592592593 0.015180265654648957 0.03535353535353535
1 0.4146110056925996 0.20959595959595959 0.013282732447817837 0.03535353535353535
1 0.4511385199240987 0.2255892255892256 0.014231499051233398 0.0404040404040404
1 0.4810246679316888 0.23063973063973062 0.017077798861480076 0.043771043771043766
1 0.4985768500948767 0.3055555555555555 0.025616698292220113 0.05555555555555555
1 0.31309297912713474 0.2365319865319865 0.015180265654648957 0.03535353535353535
1 0.34819734345351044 0.1919191919191919 0.015180265654648957 0.0303030303030303
1 0.19971537001897532 0.4393939393939394 0.03700189753320683 0.0808080808080808
1 0.5540796963946869 0.11952861952861953 0.011385199240986717 0.02356902356902357
