1 0.868 0.4743202416918429 0.028 0.054380664652567974
1 0.754 0.5936555891238671 0.068 0.11782477341389729
1 0.683 0.5513595166163142 0.05 0.08157099697885196
1 0.654 0.5483383685800605 0.04 0.0634441087613293
1 0.647 0.5060422960725075 0.038 0.0634441087613293
1 0.614 0.5151057401812689 0.036000000000000004 0.0513595166163142
1 0.625 0.49244712990936557 0.026000000000000002 0.04833836858006042
1 0.586 0.49395770392749244 0.024 0.045317220543806644
1 0.5660000000000001 0.49395770392749244 0.024 0.045317220543806644
1 0.497 0.6540785498489426 0.066 0.11178247734138973
1 0.506 0.5981873111782477 0.056 0.09667673716012085
1 0.455 0.5634441087613293 0.046 0.0634441087613293
1 0.47900000000000004 0.5347432024169184 0.042 0.06646525679758308
1 0.418 0.5 0.024 0.03323262839879154
1 0.394 0.5090634441087614 0.024 0.03323262839879154
1 0.394 0.4879154078549849 0.02 0.03323262839879154
1 0.35100000000000003 0.5166163141993958 0.034 0.04833836858006042
1 0.31 0.5634441087613293 0.04 0.06948640483383686
1 0.26 0.5921450151057401 0.032 0.06646525679758308
1 0.23500000000000001 0.595166163141994 0.058 0.08459214501510574
1 0.194 0.6163141993957704 0.06 0.08459214501510574
1 0.182 0.6555891238670695 0.084 0.1148036253776435
1 0.07 0.5725075528700906 0.044 0.08761329305135952
1 0.098 0.5830815709969789 0.044 0.06646525679758308
1 0.14200000000000002 0.5740181268882175 0.04 0.054380664652567974
1 0.182 0.5453172205438066 0.04 0.0513595166163142
1 0.229 0.5422960725075529 0.038 0.0513595166163142
1 0.261 0.5287009063444109 0.026000000000000002 0.04833836858006042
1 0.272 0.5226586102719033 0.02 0.04229607250755287
1 0.312 0.49697885196374625 0.024 0.03323262839879154
