1 0.978844169246646 0.2992633517495396 0.029927760577915373 0.0718232044198895
1 0.9762641898864808 0.2265193370165746 0.024767801857585137 0.06261510128913444
1 0.8555211558307533 0.2992633517495396 0.028895768833849325 0.06813996316758748
1 0.8477812177502579 0.2532228360957643 0.0196078431372549 0.03130755064456722
1 0.8560371517027863 0.2117863720073665 0.01547987616099071 0.03314917127071823
1 0.8266253869969039 0.22191528545119707 0.02063983488132095 0.0423572744014733
1 0.8018575851393188 0.24217311233885822 0.018575851393188854 0.04972375690607735
1 0.7213622291021671 0.2688766114180479 0.02063983488132095 0.04419889502762431
1 0.6248710010319917 0.10957642725598526 0.017543859649122806 0.034990791896869246
1 0.5773993808049536 0.11694290976058933 0.017543859649122806 0.03130755064456722
1 0.6160990712074302 0.15285451197053407 0.02063983488132095 0.02578268876611418
1 0.674406604747162 0.19244935543278086 0.021671826625386994 0.034990791896869246
1 0.43240454076367385 0.22375690607734808 0.016511867905056758 0.034990791896869246
1 0.46955624355005154 0.22467771639042358 0.02063983488132095 0.03683241252302026
