1 0.25749063670411987 0.3524451939291737 0.0449438202247191 0.08431703204047217
1 0.27762172284644193 0.209106239460371 0.015917602996254682 0.03372681281618887
1 0.324438202247191 0.1829679595278246 0.015917602996254682 0.03541315345699831
1 0.3586142322097378 0.18465430016863404 0.016853932584269662 0.03541315345699831
1 0.39419475655430714 0.1475548060708263 0.011235955056179775 0.028667790893760536
1 0.300561797752809 0.22006745362563238 0.013108614232209739 0.03204047217537943
1 0.3113295880149813 0.24030354131534568 0.012172284644194757 0.028667790893760536
1 0.3071161048689139 0.260539629005059 0.02059925093632959 0.03204047217537943
1 0.3553370786516854 0.23946037099494097 0.019662921348314606 0.04047217537942664
1 0.3955992509363296 0.23102866779089376 0.017790262172284646 0.03709949409780776
1 0.41151685393258425 0.24789207419898818 0.015917602996254682 0.04047217537942664
1 0.38249063670411987 0.1821247892074199 0.027153558052434457 0.03035413153456998
1 0.3970037453183521 0.20067453625632375 0.026217228464419477 0.03709949409780776
1 0.41760299625468167 0.193929173693086 0.016853932584269662 0.03372681281618887
1 0.45786516853932585 0.20236087689713322 0.013108614232209739 0.03035413153456998
1 0.44756554307116103 0.1829679595278246 0.0149812734082397 0.03204047217537943
1 0.4222846441947566 0.15008431703204048 0.013108614232209739 0.026981450252951095
1 0.4405430711610487 0.1475548060708263 0.015917602996254682 0.028667790893760536
1 0.4662921348314607 0.14502529510961212 0.0149812734082397 0.03372681281618887
1 0.4756554307116105 0.12478920741989881 0.009363295880149813 0.026981450252951095
1 0.49250936329588013 0.1087689713322091 0.011235955056179775 0.021922428330522763
1 0.4737827715355805 0.18381112984822934 0.013108614232209739 0.03372681281618887
1 0.49297752808988765 0.1399662731871838 0.014044943820224719 0.03372681281618887
1 0.5135767790262172 0.11382799325463742 0.010299625468164795 0.021922428330522763
1 0.5416666666666666 0.11804384485666104 0.012172284644194757 0.026981450252951095
1 0.5299625468164794 0.1551433389544688 0.016853932584269662 0.03035413153456998
1 0.5088951310861424 0.18043844856661045 0.015917602996254682 0.03035413153456998
1 0.5697565543071161 0.10118043844856661 0.010299625468164795 0.026981450252951095
1 0.5632022471910112 0.14418212478920742 0.015917602996254682 0.025295109612141653
1 0.5552434456928839 0.18043844856661045 0.024344569288389514 0.04047217537942664
1 0.5566479400749064 0.23018549747048903 0.019662921348314606 0.03541315345699831
1 0.5875468164794008 0.1559865092748735 0.015917602996254682 0.03204047217537943
1 0.6006554307116105 0.10792580101180438 0.017790262172284646 0.03035413153456998
1 0.625936329588015 0.12225969645868465 0.023408239700374533 0.03204047217537943
1 0.6282771535580525 0.09865092748735244 0.013108614232209739 0.01854974704890388
1 0.6399812734082397 0.096964586846543 0.010299625468164795 0.021922428330522763
1 0.6474719101123596 0.10033726812816188 0.012172284644194757 0.01854974704890388
1 0.649812734082397 0.12984822934232715 0.016853932584269662 0.026981450252951095
1 0.6203183520599251 0.15008431703204048 0.015917602996254682 0.03035413153456998
1 0.6170411985018727 0.24536256323777403 0.024344569288389514 0.04890387858347386
1 0.6170411985018727 0.2099494097807757 0.02059925093632959 0.03541315345699831
1 0.6512172284644194 0.2293423271500843 0.02153558052434457 0.04047217537942664
1 0.6605805243445693 0.17959527824620572 0.012172284644194757 0.03541315345699831
1 0.6788389513108615 0.09949409780775716 0.011235955056179775 0.026981450252951095
1 0.6718164794007491 0.11720067453625632 0.014044943820224719 0.025295109612141653
1 0.7078651685393258 0.10370994940978077 0.011235955056179775 0.028667790893760536
1 0.704119850187266 0.13490725126475547 0.016853932584269662 0.023608768971332208
1 0.6970973782771536 0.16020236087689713 0.014044943820224719 0.03709949409780776
1 0.7134831460674157 0.17200674536256322 0.018726591760299626 0.03035413153456998
1 0.6816479400749064 0.25295109612141653 0.018726591760299626 0.05396290050590219
1 0.6582397003745318 0.33811129848229343 0.028089887640449437 0.07588532883642496
1 0.7364232209737828 0.37099494097807756 0.03277153558052435 0.06745362563237774
1 0.7153558052434457 0.2327150084317032 0.018726591760299626 0.043844856661045525
1 0.7420411985018727 0.17622259696458684 0.014044943820224719 0.042158516020236084
1 0.7336142322097379 0.16526138279932545 0.019662921348314606 0.043844856661045525
1 0.7275280898876405 0.1391231028667791 0.013108614232209739 0.03204047217537943
1 0.7565543071161048 0.12478920741989881 0.0149812734082397 0.026981450252951095
1 0.7640449438202247 0.1281618887015177 0.0149812734082397 0.026981450252951095
1 0.7780898876404494 0.12984822934232715 0.013108614232209739 0.026981450252951095
1 0.8000936329588015 0.12310286677908937 0.014044943820224719 0.026981450252951095
1 0.7860486891385768 0.15851602023608768 0.015917602996254682 0.026981450252951095
1 0.7940074906367042 0.19983136593591905 0.016853932584269662 0.0387858347386172
1 0.7593632958801498 0.2411467116357504 0.02247191011235955 0.043844856661045525
1 0.7944756554307116 0.2807757166947723 0.023408239700374533 0.05227655986509275
1 0.8155430711610487 0.25042158516020235 0.016853932584269662 0.04890387858347386
1 0.8089887640449438 0.18887015177065766 0.013108614232209739 0.03372681281618887
1 0.8174157303370787 0.12478920741989881 0.013108614232209739 0.026981450252951095
1 0.8436329588014981 0.14333895446880268 0.013108614232209739 0.026981450252951095
1 0.8319288389513109 0.14418212478920742 0.010299625468164795 0.025295109612141653
1 0.852996254681648 0.19730185497470487 0.02059925093632959 0.04047217537942664
1 0.8323970037453183 0.22344013490725126 0.016853932584269662 0.042158516020236084
1 0.8609550561797753 0.17622259696458684 0.02153558052434457 0.0387858347386172
1 0.8675093632958801 0.15345699831365936 0.010299625468164795 0.026981450252951095
1 0.903558052434457 0.14586846543001686 0.011235955056179775 0.025295109612141653
1 0.9058988764044944 0.17369308600337266 0.014044943820224719 0.03035413153456998
1 0.8993445692883896 0.19645868465430016 0.015917602996254682 0.042158516020236084
1 0.8852996254681648 0.22259696458684652 0.017790262172284646 0.03709949409780776
1 0.9344569288389514 0.15261382799325462 0.013108614232209739 0.028667790893760536
1 0.927434456928839 0.2015177065767285 0.015917602996254682 0.0387858347386172
1 0.9433520599250936 0.18718381112984822 0.014044943820224719 0.03372681281618887
1 0.9508426966292135 0.2259696458684654 0.014044943820224719 0.043844856661045525
1 0.9185393258426966 0.24789207419898818 0.02059925093632959 0.050590219224283306
1 0.9161985018726592 0.3145025295109612 0.03089887640449438 0.05227655986509275
1 0.8202247191011236 0.17032040472175378 0.0149812734082397 0.03709949409780776
1 0.6058052434456929 0.10202360876897133 0.00749063670411985 0.01854974704890388
