1 0.10186757215619695 0.4060402684563758 0.06451612903225806 0.1476510067114094
1 0.02631578947368421 0.2550335570469799 0.04923599320882852 0.12080536912751677
1 0.10865874363327674 0.22483221476510068 0.050933786078098474 0.10738255033557047
1 0.21561969439728354 0.25838926174496646 0.05432937181663837 0.11409395973154363
1 0.2852292020373514 0.44295302013422816 0.06451612903225806 0.12080536912751677
1 0.33276740237691 0.27013422818791943 0.044142614601018676 0.11073825503355704
1 0.39643463497453313 0.2651006711409396 0.04584040747028863 0.11409395973154363
1 0.42105263157894735 0.45302013422818793 0.06112054329371817 0.1476510067114094
1 0.48217317487266553 0.2600671140939597 0.04753820033955857 0.1040268456375839
1 0.567062818336163 0.41778523489932884 0.050933786078098474 0.13087248322147652
1 0.5831918505942275 0.31040268456375836 0.04584040747028863 0.09731543624161074
1 0.567062818336163 0.25167785234899326 0.03735144312393888 0.087248322147651
1 0.6723259762308998 0.2919463087248322 0.044142614601018676 0.09395973154362416
1 0.7368421052631579 0.2802013422818792 0.044142614601018676 0.09731543624161074
1 0.7775891341256367 0.30201342281879195 0.03735144312393888 0.10738255033557047
1 0.7190152801358234 0.42785234899328856 0.04584040747028863 0.09731543624161074
1 0.8166383701188454 0.46140939597315433 0.044142614601018676 0.1040268456375839
1 0.8845500848896435 0.31711409395973156 0.04753820033955857 0.1040268456375839
1 0.8870967741935484 0.4848993288590604 0.04923599320882852 0.1174496644295302
1 0.9278438030560272 0.2953020134228188 0.03565365025466893 0.08053691275167785
1 0.9804753820033956 0.44966442953020136 0.03904923599320883 0.10067114093959731
