1 0.27195767195767195 0.40926275992438566 0.07195767195767196 0.1228733459357278
1 0.39312169312169315 0.5321361058601134 0.07301587301587302 0.13799621928166353
1 0.3100529100529101 0.20793950850661627 0.025396825396825397 0.04914933837429112
1 0.4084656084656085 0.2674858223062382 0.027513227513227514 0.05860113421550095
1 0.4248677248677249 0.21266540642722118 0.01798941798941799 0.035916824196597356
1 0.4756613756613757 0.22967863894139887 0.020105820105820106 0.03213610586011342
1 0.4957671957671958 0.22022684310018903 0.020105820105820106 0.035916824196597356
1 0.58994708994709 0.2608695652173913 0.028571428571428574 0.04158790170132325
1 0.6232804232804233 0.2448015122873346 0.027513227513227514 0.05860113421550095
1 0.5603174603174603 0.07939508506616258 0.015873015873015876 0.026465028355387523
1 0.5973544973544974 0.11625708884688091 0.015873015873015876 0.02835538752362949
1 0.6137566137566138 0.11531190926275993 0.014814814814814815 0.030245746691871456
1 0.6285714285714286 0.12003780718336485 0.014814814814814815 0.02835538752362949
1 0.6751322751322751 0.10869565217391304 0.016931216931216932 0.02835538752362949
