1 0.1663157894736842 0.1895734597156398 0.1705263157894737 0.2685624012638231
1 0.3531578947368421 0.12480252764612954 0.04526315789473684 0.07898894154818326
1 0.3910526315789474 0.12006319115323855 0.03894736842105263 0.06635071090047394
1 0.4452631578947368 0.11374407582938388 0.03789473684210526 0.0631911532385466
1 0.5326315789473685 0.07740916271721959 0.03368421052631579 0.05687203791469194
1 0.5757894736842105 0.07345971563981042 0.03368421052631579 0.04897314375987362
1 0.5947368421052631 0.04660347551342812 0.029473684210526315 0.042654028436018954
1 0.6305263157894737 0.07582938388625593 0.029473684210526315 0.04739336492890995
1 0.6584210526315789 0.12243285939968404 0.03263157894736842 0.0679304897314376
1 0.6010526315789474 0.19036334913112163 0.06315789473684211 0.08056872037914692
1 0.7489473684210526 0.2093206951026856 0.05789473684210526 0.09636650868878358
1 0.7557894736842105 0.14218009478672985 0.05263157894736842 0.06635071090047394
1 0.7521052631578947 0.09320695102685624 0.034736842105263156 0.06635071090047394
1 0.7073684210526315 0.060821484992101105 0.029473684210526315 0.052132701421800945
1 0.6647368421052632 0.0655608214849921 0.02631578947368421 0.03317535545023697
1 0.7989473684210526 0.04976303317535545 0.029473684210526315 0.06477093206951026
1 0.8447368421052631 0.04186413902053712 0.030526315789473683 0.04897314375987362
1 0.8752631578947369 0.07740916271721959 0.03263157894736842 0.05687203791469194
1 0.8605263157894737 0.14218009478672985 0.0431578947368421 0.08846761453396525
1 0.9105263157894736 0.1579778830963665 0.04 0.0631911532385466
1 0.9136842105263158 0.29541864139020535 0.06315789473684211 0.11058451816745656
1 0.9589473684210527 0.21879936808846762 0.05473684210526315 0.10268562401263823
1 0.9473684210526315 0.10821484992101106 0.04 0.061611374407582936
1 0.9305263157894736 0.061611374407582936 0.03368421052631579 0.053712480252764615
1 0.9852631578947368 0.060821484992101105 0.029473684210526315 0.06477093206951026
