1 0.2682291666666667 0.17912581699346405 0.043198529411764705 0.06413398692810458
1 0.5917585784313726 0.35089869281045755 0.02542892156862745 0.04493464052287582
1 0.6346507352941176 0.3770424836601307 0.024816176470588234 0.04084967320261438
1 0.6594669117647058 0.3678513071895425 0.026041666666666668 0.046977124183006536
1 0.6959252450980392 0.3698937908496732 0.03216911764705882 0.044526143790849675
1 0.7267156862745098 0.38133169934640526 0.03370098039215686 0.039624183006535946
1 0.780484068627451 0.3923611111111111 0.036458333333333336 0.05759803921568628
1 0.8144914215686274 0.4013480392156863 0.0389093137254902 0.04779411764705883
1 0.8633578431372549 0.4089052287581699 0.030637254901960783 0.05473856209150327
1 0.9276960784313726 0.4152369281045752 0.044117647058823525 0.05759803921568628
1 0.9744178921568627 0.45465686274509803 0.0389093137254902 0.05065359477124183
1 0.9670649509803921 0.5191993464052288 0.06587009803921569 0.09068627450980392
1 0.9545036764705882 0.610702614379085 0.0860906862745098 0.09967320261437909
1 0.7991727941176471 0.5996732026143791 0.09037990196078431 0.14133986928104575
1 0.8474264705882353 0.5870098039215687 0.07475490196078431 0.13071895424836602
1 0.7150735294117647 0.6323529411764706 0.09987745098039215 0.11764705882352941
1 0.616421568627451 0.6482843137254902 0.10784313725490197 0.1593137254901961
1 0.5330882352941176 0.7998366013071896 0.1292892156862745 0.19362745098039216
1 0.3684129901960784 0.6484885620915033 0.08363970588235294 0.13357843137254902
1 0.29963235294117646 0.6004901960784313 0.0778186274509804 0.12336601307189543
1 0.20021446078431374 0.610498366013072 0.07751225490196079 0.10743464052287582
1 0.19224877450980393 0.5537173202614379 0.0664828431372549 0.08374183006535948
1 0.16237745098039216 0.5163398692810458 0.06066176470588235 0.07679738562091504
1 0.1485906862745098 0.4724264705882353 0.0508578431372549 0.06495098039215687
1 0.11948529411764705 0.4609885620915033 0.04350490196078431 0.06985294117647059
1 0.07506127450980392 0.4387254901960784 0.05024509803921569 0.08088235294117647
1 0.051470588235294115 0.4121732026143791 0.04656862745098039 0.06781045751633988
