1 0.155 0.2900390625 0.2275 0.361328125
1 0.30312500000000003 0.3525390625 0.06625 0.126953125
1 0.356875 0.3310546875 0.01375 0.025390625
1 0.33625 0.337890625 0.0125 0.02734375
1 0.358125 0.3603515625 0.01875 0.029296875
1 0.3875 0.3369140625 0.0175 0.037109375
1 0.409375 0.3623046875 0.02125 0.048828125
1 0.434375 0.392578125 0.02125 0.03515625
1 0.445625 0.3623046875 0.01625 0.029296875
1 0.46 0.3466796875 0.015 0.029296875
1 0.4925 0.4150390625 0.03 0.052734375
1 0.52625 0.435546875 0.0375 0.05859375
1 0.5375 0.365234375 0.015 0.02734375
1 0.51125 0.3681640625 0.0175 0.025390625
1 0.494375 0.3544921875 0.01375 0.021484375
1 0.569375 0.3681640625 0.01375 0.029296875
1 0.57625 0.4111328125 0.02 0.033203125
1 0.615 0.427734375 0.0375 0.07421875
1 0.605 0.3759765625 0.0175 0.037109375
1 0.639375 0.4013671875 0.01625 0.037109375
1 0.675 0.4208984375 0.0175 0.029296875
1 0.833125 0.3681640625 0.02375 0.044921875
