1 0.137 0.7852852852852853 0.094 0.14714714714714713
1 0.263 0.42342342342342343 0.054 0.07807807807807808
1 0.394 0.6576576576576576 0.07200000000000001 0.13213213213213212
1 0.552 0.8768768768768769 0.14400000000000002 0.22822822822822822
1 0.604 0.6336336336336337 0.076 0.13813813813813813
1 0.653 0.5990990990990991 0.054 0.08708708708708708
1 0.6 0.509009009009009 0.028 0.04504504504504504
1 0.65 0.46546546546546547 0.02 0.04204204204204204
1 0.683 0.47897897897897895 0.026000000000000002 0.05105105105105105
1 0.747 0.4804804804804805 0.026000000000000002 0.04804804804804805
1 0.752 0.5720720720720721 0.048 0.06906906906906907
1 0.772 0.6846846846846847 0.076 0.13213213213213212
1 0.781 0.49399399399399396 0.03 0.04504504504504504
1 0.799 0.45045045045045046 0.026000000000000002 0.04204204204204204
1 0.873 0.4624624624624625 0.03 0.04204204204204204
1 0.923 0.46396396396396394 0.03 0.05105105105105105
1 0.937 0.8663663663663663 0.126 0.2552552552552553
1 0.907 0.5930930930930931 0.058 0.0990990990990991
1 0.9480000000000001 0.566066066066066 0.052000000000000005 0.08108108108108109
1 0.927 0.5405405405405406 0.042 0.06606606606606606
