1 0.12545454545454546 0.5942408376963351 0.07272727272727272 0.12041884816753927
1 0.07636363636363637 0.5235602094240838 0.05454545454545454 0.07853403141361257
1 0.06909090909090909 0.468586387434555 0.04727272727272727 0.06806282722513089
1 0.17363636363636364 0.46335078534031415 0.038181818181818185 0.05759162303664922
1 0.24636363636363637 0.5039267015706806 0.056363636363636366 0.07068062827225131
1 0.22727272727272727 0.47513089005235604 0.05090909090909091 0.06544502617801047
1 0.2990909090909091 0.6636125654450262 0.09636363636363636 0.14397905759162305
1 0.33636363636363636 0.5798429319371728 0.06545454545454546 0.10732984293193717
1 0.4827272727272727 0.6321989528795812 0.0890909090909091 0.1492146596858639
1 0.43636363636363634 0.47251308900523564 0.04 0.0549738219895288
1 0.39454545454545453 0.4410994764397906 0.03272727272727273 0.0549738219895288
1 0.4718181818181818 0.4476439790575916 0.02727272727272727 0.04712041884816754
1 0.5181818181818182 0.49214659685863876 0.04363636363636364 0.06806282722513089
1 0.5418181818181819 0.4672774869109948 0.03272727272727273 0.04973821989528796
1 0.6218181818181818 0.524869109947644 0.06545454545454546 0.08115183246073299
1 0.6154545454545455 0.4790575916230367 0.038181818181818185 0.05235602094240838
1 0.5972727272727273 0.4397905759162304 0.03090909090909091 0.041884816753926704
1 0.6827272727272727 0.4267015706806283 0.03090909090909091 0.05759162303664922
1 0.6990909090909091 0.4672774869109948 0.038181818181818185 0.0549738219895288
1 0.7536363636363637 0.5235602094240838 0.045454545454545456 0.05759162303664922
1 0.7609090909090909 0.4476439790575916 0.034545454545454546 0.05759162303664922
1 0.8136363636363636 0.4659685863874346 0.034545454545454546 0.05759162303664922
1 0.8918181818181818 0.46465968586387435 0.038181818181818185 0.06544502617801047
1 0.83 0.6073298429319373 0.1 0.12565445026178013
1 0.9781818181818182 0.5732984293193718 0.04363636363636364 0.1099476439790576
1 0.9827272727272727 0.4842931937172775 0.034545454545454546 0.07329842931937174
