1 0.0443213296398892 0.33963815789473684 0.018467220683287166 0.03782894736842105
1 0.06325023084025853 0.33634868421052627 0.013850415512465374 0.03125
1 0.08264081255771007 0.31661184210526316 0.010156971375807941 0.02796052631578947
1 0.18559556786703602 0.365953947368421 0.0221606648199446 0.05098684210526316
1 0.20452446906740535 0.4037828947368421 0.034164358264081256 0.06743421052631579
1 0.23453370267774698 0.365953947368421 0.029547553093259463 0.06743421052631579
1 0.18005540166204986 0.48026315789473684 0.04801477377654663 0.08552631578947367
1 0.25115420129270544 0.3289473684210526 0.027700831024930747 0.05921052631578947
1 0.3462603878116343 0.2820723684210526 0.029547553093259463 0.05098684210526316
1 0.3993536472760849 0.20148026315789472 0.02123730378578024 0.04769736842105263
1 0.4247460757156048 0.17269736842105263 0.020313942751615882 0.042763157894736836
1 0.4492151431209603 0.3133223684210526 0.032317636195752536 0.07401315789473684
1 0.5032317636195752 0.07648026315789473 0.0110803324099723 0.02796052631578947
1 0.5401662049861495 0.18585526315789472 0.020313942751615882 0.039473684210526314
1 0.6795937211449676 0.11348684210526315 0.018467220683287166 0.042763157894736836
1 0.7202216066481995 0.1282894736842105 0.01662049861495845 0.046052631578947366
1 0.7391505078485687 0.09375 0.017543859649122806 0.042763157894736836
1 0.7931671283471837 0.23930921052631576 0.03693444136657433 0.07730263157894736
1 0.7996306555863343 0.3388157894736842 0.055401662049861494 0.11513157894736842
