1 0.145 0.553030303030303 0.06428571428571428 0.10606060606060606
1 0.1957142857142857 0.5238095238095238 0.04857142857142857 0.08225108225108226
1 0.24285714285714285 0.5054112554112554 0.045714285714285714 0.07142857142857142
1 0.26857142857142857 0.4837662337662338 0.04 0.0670995670995671
1 0.6064285714285714 0.4880952380952381 0.03571428571428571 0.06277056277056277
1 0.63 0.5 0.04 0.06493506493506493
1 0.69 0.5140692640692641 0.05142857142857143 0.09307359307359307
1 0.7221428571428572 0.5422077922077922 0.055714285714285716 0.09307359307359307
1 0.77 0.5616883116883117 0.08 0.13203463203463203
1 0.8671428571428571 0.6212121212121212 0.10857142857142857 0.16883116883116883
