1 0.05581318317323617 0.5486437613019891 0.08181517058628686 0.09764918625678119
1 0.15336204041073204 0.5245931283905968 0.06889698575687314 0.08354430379746836
1 0.10317986088108645 0.3446654611211573 0.07916528651871481 0.09764918625678119
1 0.04985094402119907 0.31609403254972873 0.06459092414706857 0.07450271247739602
1 0.01987413050679033 0.35063291139240504 0.03776084796290163 0.07920433996383364
1 0.22374958595561445 0.33309222423146473 0.07386551838357072 0.10054249547920434
1 0.27625041404438555 0.4989150090415913 0.06823451473998013 0.08065099457504521
1 0.3332229214971845 0.37938517179023507 0.06624710168930109 0.08245931283905968
1 0.35442199403776087 0.3274864376130199 0.060947333554157004 0.07341772151898734
1 0.40592911560119244 0.32151898734177214 0.05134150380920835 0.06148282097649186
1 0.44137131500496857 0.35768535262206147 0.055978800927459424 0.0650994575045208
1 0.4229877442861875 0.5285714285714286 0.059622391520370986 0.06907775768535263
1 0.5039748261013581 0.49276672694394213 0.057966213978138455 0.07631103074141049
1 0.49983438224577675 0.32368896925858953 0.051672739317654856 0.07739602169981917
1 0.545213646902948 0.36130198915009043 0.047035442199403775 0.06220614828209765
1 0.6033454786353097 0.4802893309222423 0.055978800927459424 0.06943942133815552
1 0.6737330241801921 0.46329113924050636 0.05697250745279894 0.07956600361663653
1 0.5899304405432263 0.3150090415913201 0.0423981450811527 0.06437613019891501
1 0.6523683338853925 0.34177215189873417 0.04604173567406426 0.0593128390596745
1 0.7063597217621729 0.3240506329113924 0.04339185160649222 0.06654611211573237
1 0.7499171911228883 0.44773960216998193 0.05697250745279894 0.0701627486437613
1 0.7482610135806559 0.35280289330922243 0.0423981450811527 0.043037974683544304
1 0.8145081152699569 0.4475587703435805 0.04769791321629679 0.05822784810126582
1 0.8424975157336867 0.3350813743218807 0.03941702550513415 0.05244122965641953
1 0.9602517389864194 0.3647377938517179 0.05233521033454786 0.06907775768535263
