1 0.1075 0.68796992481203 0.145 0.21804511278195488
1 0.22125 0.6334586466165413 0.0525 0.09398496240601503
1 0.26875 0.6015037593984962 0.0825 0.11278195488721804
1 0.5025000000000001 0.674812030075188 0.11 0.17669172932330826
1 0.5975 0.6466165413533834 0.07 0.11278195488721804
1 0.515 0.4548872180451128 0.04 0.06015037593984962
1 0.74875 0.7199248120300752 0.1625 0.25187969924812026
1 0.6875 0.6578947368421052 0.095 0.15037593984962405
1 0.8025 0.6203007518796992 0.05 0.08270676691729323
1 0.8475 0.5977443609022556 0.065 0.09022556390977443
1 0.95875 0.6240601503759398 0.0825 0.21052631578947367
