1 0.312 0.5845195729537366 0.04 0.04448398576512455
1 0.39066666666666666 0.5667259786476868 0.034666666666666665 0.055160142348754444
1 0.4066666666666667 0.5088967971530249 0.029333333333333333 0.0498220640569395
1 0.42266666666666663 0.5747330960854092 0.024 0.042704626334519574
1 0.44866666666666666 0.5791814946619217 0.028 0.051601423487544484
1 0.48333333333333334 0.5604982206405693 0.02 0.03558718861209964
1 0.4993333333333333 0.5542704626334519 0.014666666666666666 0.03380782918149466
1 0.5373333333333333 0.5373665480427046 0.034666666666666665 0.05693950177935943
1 0.5466666666666666 0.5649466192170818 0.024 0.051601423487544484
1 0.5633333333333334 0.5613879003558718 0.022666666666666665 0.037366548042704624
1 0.5726666666666667 0.5587188612099644 0.02 0.028469750889679714
1 0.6066666666666667 0.5569395017793594 0.026666666666666665 0.046263345195729534
1 0.66 0.5631672597864769 0.026666666666666665 0.037366548042704624
1 0.6839999999999999 0.5533807829181494 0.034666666666666665 0.046263345195729534
1 0.7206666666666667 0.5667259786476868 0.025333333333333333 0.04448398576512455
1 0.766 0.5640569395017794 0.017333333333333333 0.03202846975088968
1 0.7939999999999999 0.5622775800711743 0.022666666666666665 0.03202846975088968
1 0.834 0.5676156583629893 0.025333333333333333 0.042704626334519574
1 0.854 0.5756227758007118 0.025333333333333333 0.055160142348754444
1 0.8766666666666666 0.5774021352313167 0.028 0.051601423487544484
1 0.878 0.552491103202847 0.022666666666666665 0.030249110320284697
1 0.9273333333333333 0.5969750889679715 0.044 0.06583629893238434
1 0.966 0.6085409252669038 0.05466666666666666 0.06405693950177936
1 0.9133333333333333 0.5444839857651246 0.024 0.03202846975088968
1 0.9373333333333334 0.545373665480427 0.021333333333333333 0.030249110320284697
