1 0.0405 0.4722222222222222 0.035 0.052552552552552555
1 0.0565 0.4466966966966967 0.023 0.046546546546546545
1 0.0345 0.40540540540540543 0.031 0.05405405405405406
1 0.101 0.4069069069069069 0.03 0.04504504504504504
1 0.1075 0.44744744744744747 0.029 0.04804804804804805
1 0.157 0.4039039039039039 0.028 0.05105105105105105
1 0.148 0.5345345345345345 0.05 0.08108108108108109
1 0.26 0.5075075075075075 0.048 0.09009009009009009
1 0.2535 0.4572072072072072 0.035 0.05855855855855856
1 0.309 0.5052552552552553 0.036000000000000004 0.06756756756756757
1 0.334 0.5180180180180181 0.034 0.057057057057057055
1 0.316 0.4421921921921922 0.03 0.046546546546546545
1 0.3355 0.40765765765765766 0.029 0.052552552552552555
1 0.3645 0.45645645645645644 0.033 0.05405405405405406
1 0.403 0.4144144144144144 0.03 0.04804804804804805
1 0.41350000000000003 0.26876876876876876 0.021 0.03903903903903904
1 0.258 0.6531531531531531 0.09 0.14114114114114115
1 0.427 0.4752252252252252 0.038 0.05855855855855856
1 0.453 0.4519519519519519 0.028 0.05105105105105105
1 0.445 0.4264264264264264 0.022 0.03903903903903904
1 0.46900000000000003 0.39264264264264265 0.022 0.04354354354354354
1 0.519 0.38963963963963966 0.028 0.04354354354354354
1 0.516 0.42792792792792794 0.026000000000000002 0.04204204204204204
1 0.4955 0.527027027027027 0.053 0.09009009009009009
1 0.512 0.5052552552552553 0.03 0.07057057057057058
1 0.459 0.5908408408408409 0.084 0.16066066066066065
1 0.4285 0.8678678678678678 0.159 0.26426426426426425
1 0.5660000000000001 0.39789789789789787 0.016 0.036036036036036036
1 0.5845 0.42117117117117114 0.025 0.03753753753753754
1 0.587 0.45045045045045046 0.024 0.04504504504504504
1 0.6 0.5 0.032 0.07507507507507508
1 0.634 0.53003003003003 0.056 0.10810810810810811
1 0.6525 0.4677177177177177 0.027 0.046546546546546545
1 0.6505 0.4369369369369369 0.023 0.036036036036036036
1 0.647 0.39714714714714716 0.026000000000000002 0.03753753753753754
1 0.6265000000000001 0.3941441441441441 0.015 0.03753753753753754
1 0.6885 0.5112612612612613 0.035 0.05855855855855856
1 0.707 0.6043543543543544 0.092 0.12762762762762764
1 0.7685 0.5518018018018018 0.051000000000000004 0.1006006006006006
1 0.73 0.503003003003003 0.046 0.06906906906906907
1 0.7335 0.46996996996997 0.039 0.05105105105105105
1 0.724 0.42867867867867865 0.024 0.04054054054054054
1 0.748 0.4084084084084084 0.028 0.04204204204204204
1 0.7335 0.38213213213213215 0.023 0.04354354354354354
1 0.782 0.42342342342342343 0.028 0.05105105105105105
1 0.812 0.44744744744744747 0.038 0.06606606606606606
1 0.8200000000000001 0.5127627627627628 0.05 0.08258258258258258
1 0.846 0.49624624624624625 0.034 0.05855855855855856
1 0.8785000000000001 0.37762762762762764 0.027 0.04054054054054054
1 0.9415 0.4114114114114114 0.029 0.057057057057057055
1 0.9495 0.38288288288288286 0.023 0.04504504504504504
1 0.9645 0.5885885885885885 0.07100000000000001 0.15015015015015015
1 0.9125 0.8235735735735735 0.17500000000000002 0.2987987987987988
