1 0.05658627087198516 0.6888888888888889 0.04267161410018553 0.06349206349206349
1 0.06771799628942486 0.6333333333333333 0.03896103896103896 0.06031746031746032
1 0.03896103896103896 0.6555555555555556 0.03339517625231911 0.04126984126984127
1 0.13636363636363635 0.6873015873015873 0.05380333951762523 0.10476190476190476
1 0.13079777365491652 0.6253968253968254 0.03153988868274583 0.06349206349206349
1 0.19109461966604824 0.6206349206349207 0.03339517625231911 0.06666666666666667
1 0.24860853432282004 0.6365079365079365 0.03710575139146568 0.07936507936507936
1 0.12337662337662338 0.9095238095238095 0.1280148423005566 0.1492063492063492
1 0.32560296846011133 0.638095238095238 0.0352504638218924 0.05714285714285714
1 0.3998144712430427 0.626984126984127 0.0463821892393321 0.07301587301587302
1 0.4452690166975881 0.6111111111111112 0.03339517625231911 0.06031746031746032
1 0.48144712430426717 0.5206349206349207 0.02411873840445269 0.06349206349206349
1 0.4109461966604824 0.7111111111111111 0.05380333951762523 0.11428571428571428
1 0.49165120593692024 0.6603174603174603 0.03710575139146568 0.08888888888888889
1 0.5037105751391465 0.7587301587301587 0.0575139146567718 0.10793650793650794
1 0.538961038961039 0.9031746031746032 0.10946196660482375 0.18095238095238095
1 0.562152133580705 0.6666666666666666 0.04823747680890538 0.08253968253968254
1 0.6131725417439703 0.6222222222222222 0.03153988868274583 0.06349206349206349
1 0.6307977736549165 0.6412698412698413 0.03710575139146568 0.06349206349206349
1 0.6688311688311689 0.6460317460317461 0.03896103896103896 0.07301587301587302
1 0.7068645640074211 0.7158730158730159 0.05194805194805195 0.12380952380952381
1 0.7421150278293136 0.6253968253968254 0.025974025974025976 0.05714285714285714
1 0.774582560296846 0.6349206349206349 0.03153988868274583 0.06984126984126984
1 0.8126159554730984 0.6571428571428571 0.029684601113172542 0.05714285714285714
1 0.852504638218924 0.6698412698412698 0.03896103896103896 0.08888888888888889
1 0.9192949907235621 0.6333333333333333 0.03153988868274583 0.06031746031746032
