1 0.42730661696178934 0.2620232172470979 0.02516309412861137 0.04311774461028192
1 0.3923578751164958 0.19651741293532338 0.020503261882572225 0.04145936981757877
1 0.43755824790307546 0.19154228855721395 0.021435228331780055 0.03482587064676617
1 0.4557315936626281 0.22388059701492538 0.0260950605778192 0.04643449419568823
1 0.47809878844361603 0.15671641791044777 0.01863932898415657 0.03150912106135987
1 0.4972041006523765 0.1932006633499171 0.02516309412861137 0.03482587064676617
1 0.4785647716682199 0.19734660033167498 0.017707362534948742 0.03648424543946932
1 0.4878844361602982 0.30265339966832505 0.02516309412861137 0.05140961857379768
1 0.592264678471575 0.26533996683250416 0.023299161230195712 0.04643449419568823
1 0.5708294501397949 0.13681592039800997 0.015843429636533086 0.03482587064676617
1 0.6943150046598322 0.17661691542288557 0.020503261882572225 0.03814262023217247
1 0.7301957129543336 0.14593698175787728 0.027027027027027025 0.04643449419568823
