1 0.045454545454545456 0.33469945355191255 0.05090909090909091 0.07923497267759563
1 0.03909090909090909 0.28688524590163933 0.04181818181818182 0.07103825136612021
1 0.019090909090909092 0.17486338797814208 0.03090909090909091 0.0546448087431694
1 0.10545454545454545 0.29508196721311475 0.03272727272727273 0.060109289617486336
1 0.10454545454545454 0.39344262295081966 0.056363636363636366 0.09836065573770492
1 0.15363636363636363 0.33469945355191255 0.038181818181818185 0.07377049180327869
1 0.2009090909090909 0.3005464480874317 0.03090909090909091 0.060109289617486336
1 0.2290909090909091 0.29508196721311475 0.025454545454545455 0.060109289617486336
1 0.2609090909090909 0.39617486338797814 0.05272727272727273 0.09836065573770492
1 0.29818181818181816 0.45491803278688525 0.05818181818181818 0.11202185792349727
1 0.2918181818181818 0.337431693989071 0.02727272727272727 0.05191256830601093
1 0.3109090909090909 0.2978142076502732 0.02909090909090909 0.04371584699453552
1 0.38272727272727275 0.31420765027322406 0.03090909090909091 0.0546448087431694
1 0.37454545454545457 0.36065573770491804 0.03636363636363636 0.060109289617486336
1 0.4163636363636364 0.4016393442622951 0.04363636363636364 0.08196721311475409
1 0.44363636363636366 0.4603825136612022 0.05090909090909091 0.09016393442622951
1 0.4827272727272727 0.34153005464480873 0.023636363636363636 0.04918032786885246
1 0.5072727272727273 0.3729508196721312 0.02909090909090909 0.06830601092896176
1 0.5272727272727272 0.38524590163934425 0.03272727272727273 0.06557377049180328
1 0.5627272727272727 0.44398907103825136 0.04181818181818182 0.08469945355191257
1 0.5690909090909091 0.3524590163934426 0.025454545454545455 0.04918032786885246
1 0.57 0.3224043715846995 0.023636363636363636 0.04918032786885246
1 0.6036363636363636 0.3770491803278688 0.03272727272727273 0.06557377049180328
1 0.6609090909090909 0.33879781420765026 0.02727272727272727 0.04918032786885246
1 0.6854545454545454 0.3620218579234973 0.02909090909090909 0.05737704918032787
1 0.6990909090909091 0.3825136612021858 0.03090909090909091 0.060109289617486336
1 0.6818181818181818 0.44398907103825136 0.04363636363636364 0.07377049180327869
1 0.7290909090909091 0.34153005464480873 0.02909090909090909 0.0546448087431694
1 0.7818181818181819 0.35655737704918034 0.03272727272727273 0.05191256830601093
1 0.7963636363636364 0.39207650273224043 0.03272727272727273 0.06284153005464481
1 0.8272727272727273 0.430327868852459 0.03636363636363636 0.07377049180327869
1 0.9418181818181818 0.3005464480874317 0.02909090909090909 0.04918032786885246
