1 0.1332537788385044 0.4993016759776536 0.0517104216388226 0.08798882681564246
1 0.15712012728719174 0.4755586592178771 0.046937151949085126 0.07681564245810056
1 0.16308671439936356 0.34148044692737434 0.03023070803500398 0.054469273743016765
1 0.23110580747812254 0.3009776536312849 0.03102625298329356 0.06564245810055866
1 0.5067621320604614 0.07891061452513967 0.015910898965791568 0.023743016759776536
1 0.541368337311058 0.05726256983240224 0.013524264120922832 0.025139664804469275
1 0.6125696101829754 0.06284916201117319 0.014319809069212411 0.025139664804469275
1 0.6356404136833731 0.05097765363128492 0.014319809069212411 0.023743016759776536
1 0.7955449482895784 0.06424581005586592 0.014319809069212411 0.030726256983240226
1 0.8564041368337312 0.0782122905027933 0.01511535401750199 0.025139664804469275
