1 0.09463850528025995 0.5743589743589743 0.04955320877335499 0.10598290598290598
1 0.1917140536149472 0.30512820512820515 0.021121039805036556 0.046153846153846156
1 0.22217709179528838 0.29914529914529914 0.02355808285946385 0.05811965811965812
1 0.24695369618196586 0.26495726495726496 0.01949634443541836 0.044444444444444446
1 0.3034118602761982 0.24871794871794872 0.017059301380991064 0.039316239316239315
1 0.30381803411860275 0.2170940170940171 0.022745735174654752 0.04786324786324786
1 0.3290008123476848 0.23846153846153847 0.01787164906580016 0.046153846153846156
1 0.3415922014622258 0.2264957264957265 0.017059301380991064 0.046153846153846156
1 0.3627132412672624 0.2760683760683761 0.01868399675060926 0.04957264957264957
1 0.35905767668562144 0.20683760683760682 0.01949634443541836 0.044444444444444446
1 0.38302193338748985 0.20427350427350427 0.01868399675060926 0.042735042735042736
1 0.39886271324126726 0.23931623931623933 0.01787164906580016 0.04786324786324786
1 0.42932575142160845 0.33076923076923076 0.021933387489845652 0.05982905982905983
1 0.4317627944760357 0.20170940170940171 0.01868399675060926 0.041025641025641026
1 0.4374492282696994 0.17777777777777778 0.015434606011372866 0.041025641025641026
1 0.4520714865962632 0.18034188034188034 0.020308692120227456 0.05299145299145299
1 0.4654752233956133 0.25726495726495724 0.024370430544272948 0.05641025641025641
1 0.4886271324126726 0.2094017094017094 0.01868399675060926 0.046153846153846156
1 0.4788789601949634 0.1683760683760684 0.020308692120227456 0.039316239316239315
1 0.4939073923639317 0.1581196581196581 0.014622258326563768 0.046153846153846156
1 0.517059301380991 0.17863247863247864 0.021933387489845652 0.05641025641025641
1 0.5467099918765231 0.22136752136752136 0.016246953696181964 0.042735042735042736
1 0.5588952071486596 0.17606837606837608 0.021121039805036556 0.041025641025641026
1 0.5475223395613322 0.14102564102564102 0.01787164906580016 0.046153846153846156
1 0.571080422420796 0.21965811965811965 0.016246953696181964 0.039316239316239315
1 0.5787977254264826 0.18376068376068377 0.01868399675060926 0.046153846153846156
1 0.5751421608448416 0.13931623931623932 0.01787164906580016 0.042735042735042736
1 0.5950446791226645 0.13247863247863248 0.015434606011372866 0.035897435897435895
1 0.60357432981316 0.16324786324786325 0.01949634443541836 0.039316239316239315
1 0.6011372867587327 0.20170940170940171 0.016246953696181964 0.041025641025641026
1 0.6194151096669375 0.20598290598290597 0.017059301380991064 0.046153846153846156
1 0.627944760357433 0.1358974358974359 0.012997562956945572 0.035897435897435895
1 0.6506904955320877 0.14871794871794872 0.012997562956945572 0.041025641025641026
1 0.653939886271324 0.19401709401709402 0.014622258326563768 0.035897435897435895
1 0.6632818846466287 0.152991452991453 0.015434606011372866 0.04957264957264957
1 0.6860276198212835 0.1675213675213675 0.015434606011372866 0.041025641025641026
1 0.6921202274573517 0.147008547008547 0.012997562956945572 0.03076923076923077
1 0.7181153533712429 0.1641025641025641 0.014622258326563768 0.041025641025641026
1 0.657595450852965 0.2606837606837607 0.025182778229082044 0.05982905982905983
1 0.6023558082859464 0.30256410256410254 0.026807473598700244 0.06495726495726496
1 0.5393988627132412 0.38632478632478634 0.025995125913891144 0.06495726495726496
1 0.5893582453290008 0.41623931623931626 0.03168155970755483 0.07008547008547009
1 0.6661251015434606 0.4230769230769231 0.029244516653127536 0.0735042735042735
1 0.7087733549959382 0.2222222222222222 0.01380991064175467 0.041025641025641026
1 0.7209585702680747 0.288034188034188 0.02355808285946385 0.05982905982905983
1 0.7420796100731113 0.2358974358974359 0.015434606011372866 0.044444444444444446
1 0.748578391551584 0.30512820512820515 0.01868399675060926 0.05299145299145299
1 0.7282696994313566 0.42905982905982903 0.025182778229082044 0.07521367521367521
1 0.7623883021933388 0.20683760683760682 0.015434606011372866 0.037606837606837605
1 0.7798537774167343 0.21196581196581196 0.01787164906580016 0.05128205128205128
1 0.8082859463850528 0.19743589743589743 0.01949634443541836 0.04957264957264957
1 0.8200649878147847 0.23333333333333334 0.01868399675060926 0.039316239316239315
1 0.8285946385052803 0.2230769230769231 0.014622258326563768 0.039316239316239315
1 0.790008123476848 0.2717948717948718 0.025182778229082044 0.05128205128205128
1 0.8147847278635255 0.30854700854700856 0.021121039805036556 0.05641025641025641
1 0.7912266450040617 0.47094017094017093 0.030869212022745732 0.10085470085470086
1 0.855808285946385 0.49572649572649574 0.030056864337936636 0.07521367521367521
1 0.8907392363931762 0.41196581196581195 0.021933387489845652 0.05811965811965812
1 0.9585702680747359 0.48205128205128206 0.025995125913891144 0.07179487179487179
1 0.9650690495532087 0.41196581196581195 0.022745735174654752 0.06153846153846154
1 0.9740048740861088 0.3786324786324786 0.016246953696181964 0.04957264957264957
1 0.9768480909829407 0.32222222222222224 0.020308692120227456 0.046153846153846156
1 0.9813160032493907 0.2675213675213675 0.01787164906580016 0.042735042735042736
1 0.9471974004874085 0.24957264957264957 0.014622258326563768 0.041025641025641026
1 0.9313566206336311 0.28376068376068375 0.010560519902518278 0.041025641025641026
1 0.930544272948822 0.347008547008547 0.017059301380991064 0.05128205128205128
1 0.8663688058489033 0.36923076923076925 0.02355808285946385 0.05811965811965812
1 0.8683996750609261 0.3170940170940171 0.01949634443541836 0.046153846153846156
1 0.8870836718115352 0.28376068376068375 0.014622258326563768 0.044444444444444446
1 0.9012997562956945 0.2717948717948718 0.012185215272136474 0.03418803418803419
1 0.9073923639317627 0.24444444444444444 0.014622258326563768 0.044444444444444446
1 0.8671811535337124 0.24188034188034188 0.015434606011372866 0.039316239316239315
