1 0.08011049723756906 0.36607142857142855 0.038674033149171276 0.0734126984126984
1 0.27458563535911606 0.20535714285714285 0.01657458563535912 0.037698412698412696
1 0.31491712707182323 0.24305555555555555 0.022099447513812157 0.0496031746031746
1 0.31270718232044203 0.20238095238095238 0.015469613259668509 0.031746031746031744
1 0.32872928176795585 0.20436507936507936 0.014364640883977901 0.03571428571428571
1 0.33093922651933705 0.1736111111111111 0.01878453038674033 0.041666666666666664
1 0.3668508287292818 0.17261904761904762 0.017679558011049725 0.03571428571428571
1 0.37292817679558016 0.21626984126984125 0.01878453038674033 0.047619047619047616
1 0.381767955801105 0.20039682539682538 0.01657458563535912 0.03571428571428571
1 0.407182320441989 0.22023809523809523 0.01878453038674033 0.04365079365079365
1 0.37734806629834255 0.15476190476190477 0.01657458563535912 0.027777777777777776
1 0.4176795580110498 0.15079365079365079 0.017679558011049725 0.03571428571428571
1 0.4243093922651934 0.1369047619047619 0.015469613259668509 0.031746031746031744
1 0.4337016574585636 0.1845238095238095 0.020994475138121547 0.03571428571428571
1 0.41602209944751384 0.18353174603174602 0.01878453038674033 0.041666666666666664
1 0.44198895027624313 0.22619047619047616 0.01988950276243094 0.04365079365079365
1 0.4535911602209945 0.17956349206349206 0.01878453038674033 0.041666666666666664
1 0.4535911602209945 0.1359126984126984 0.014364640883977901 0.037698412698412696
1 0.47182320441988956 0.11706349206349206 0.013259668508287293 0.027777777777777776
1 0.4751381215469614 0.13293650793650794 0.013259668508287293 0.031746031746031744
1 0.47624309392265196 0.17956349206349206 0.017679558011049725 0.041666666666666664
1 0.5243093922651935 0.15873015873015872 0.01657458563535912 0.03968253968253968
1 0.49668508287292823 0.13293650793650794 0.014364640883977901 0.031746031746031744
1 0.4955801104972376 0.10317460317460317 0.012154696132596687 0.027777777777777776
1 0.5348066298342542 0.14087301587301587 0.013259668508287293 0.031746031746031744
1 0.5259668508287293 0.11607142857142856 0.013259668508287293 0.03373015873015873
1 0.5453038674033149 0.1259920634920635 0.012154696132596687 0.02976190476190476
1 0.5602209944751382 0.16964285714285712 0.015469613259668509 0.041666666666666664
1 0.5629834254143646 0.14384920634920634 0.014364640883977901 0.02976190476190476
1 0.56353591160221 0.12301587301587301 0.013259668508287293 0.027777777777777776
1 0.5453038674033149 0.10714285714285714 0.012154696132596687 0.01984126984126984
1 0.5867403314917128 0.15575396825396826 0.015469613259668509 0.037698412698412696
1 0.5961325966850829 0.14484126984126983 0.012154696132596687 0.023809523809523808
1 0.6033149171270719 0.12103174603174602 0.015469613259668509 0.023809523809523808
1 0.5977900552486188 0.09821428571428571 0.011049723756906079 0.021825396825396824
1 0.6193370165745857 0.08928571428571427 0.00994475138121547 0.023809523809523808
1 0.6320441988950277 0.0992063492063492 0.011049723756906079 0.027777777777777776
1 0.6226519337016575 0.12103174603174602 0.014364640883977901 0.027777777777777776
1 0.6325966850828729 0.1349206349206349 0.01657458563535912 0.03571428571428571
1 0.6563535911602211 0.12301587301587301 0.015469613259668509 0.031746031746031744
1 0.6629834254143647 0.09821428571428571 0.013259668508287293 0.025793650793650792
1 0.6740331491712708 0.09523809523809523 0.013259668508287293 0.031746031746031744
1 0.7005524861878454 0.10317460317460317 0.013259668508287293 0.031746031746031744
1 0.6751381215469614 0.1240079365079365 0.015469613259668509 0.02976190476190476
1 0.7044198895027625 0.1597222222222222 0.01878453038674033 0.037698412698412696
1 0.6651933701657459 0.17658730158730157 0.024309392265193373 0.04365079365079365
1 0.6237569060773481 0.19642857142857142 0.020994475138121547 0.047619047619047616
1 0.6353591160220995 0.22023809523809523 0.024309392265193373 0.047619047619047616
1 0.5961325966850829 0.2123015873015873 0.023204419889502764 0.04365079365079365
1 0.6602209944751382 0.24206349206349204 0.020994475138121547 0.04365079365079365
1 0.6906077348066298 0.2371031746031746 0.024309392265193373 0.0496031746031746
1 0.7121546961325967 0.3115079365079365 0.034254143646408844 0.07142857142857142
1 0.7491712707182321 0.34325396825396826 0.030939226519337018 0.06349206349206349
1 0.783425414364641 0.2787698412698413 0.024309392265193373 0.057539682539682536
1 0.7558011049723757 0.23015873015873015 0.022099447513812157 0.047619047619047616
1 0.738121546961326 0.21825396825396826 0.01988950276243094 0.051587301587301584
1 0.7359116022099448 0.15773809523809523 0.017679558011049725 0.041666666666666664
1 0.7303867403314918 0.12896825396825395 0.015469613259668509 0.03571428571428571
1 0.7535911602209945 0.11309523809523808 0.015469613259668509 0.03571428571428571
1 0.7685082872928177 0.10813492063492063 0.012154696132596687 0.02976190476190476
1 0.7861878453038674 0.125 0.014364640883977901 0.031746031746031744
1 0.7988950276243094 0.11805555555555555 0.013259668508287293 0.03373015873015873
1 0.7972375690607736 0.1498015873015873 0.014364640883977901 0.03373015873015873
1 0.7928176795580111 0.19246031746031744 0.020994475138121547 0.047619047619047616
1 0.76353591160221 0.18353174603174602 0.015469613259668509 0.03373015873015873
1 0.8348066298342542 0.24107142857142855 0.020994475138121547 0.05357142857142857
1 0.8237569060773481 0.19543650793650794 0.020994475138121547 0.041666666666666664
1 0.8248618784530387 0.12698412698412698 0.012154696132596687 0.023809523809523808
1 0.8464088397790056 0.13095238095238093 0.015469613259668509 0.03571428571428571
1 0.870718232044199 0.1617063492063492 0.013259668508287293 0.03373015873015873
1 0.8906077348066299 0.22519841269841268 0.01988950276243094 0.0496031746031746
1 0.9011049723756906 0.2103174603174603 0.014364640883977901 0.03571428571428571
1 0.9011049723756906 0.1636904761904762 0.014364640883977901 0.037698412698412696
1 0.912707182320442 0.14384920634920634 0.013259668508287293 0.04563492063492063
1 0.9027624309392266 0.3134920634920635 0.030939226519337018 0.06746031746031746
1 0.8303867403314917 0.16567460317460317 0.01657458563535912 0.02976190476190476
1 0.9287292817679559 0.25496031746031744 0.01878453038674033 0.037698412698412696
1 0.9287292817679559 0.2093253968253968 0.01657458563535912 0.041666666666666664
1 0.9403314917127072 0.19444444444444442 0.017679558011049725 0.03571428571428571
1 0.9430939226519338 0.15178571428571427 0.014364640883977901 0.03373015873015873
