1 0.51796875 0.5568581477139507 0.043750000000000004 0.07737397420867526
1 0.298828125 0.5128956623681125 0.04296875 0.07620164126611957
1 0.269140625 0.5199296600234466 0.03515625 0.06447831184056271
1 0.180078125 0.5011723329425557 0.032031250000000004 0.04806565064478312
1 0.12460937500000001 0.4841735052754982 0.03359375 0.04454865181711606
1 0.096875 0.473622508792497 0.025 0.03985932004689331
1 0.158984375 0.4454865181711606 0.017968750000000002 0.0328253223915592
1 0.21015625000000002 0.4542790152403282 0.0234375 0.03399765533411488
1 0.225 0.44196951934349354 0.015625 0.03048065650644783
1 0.24335937500000002 0.45603751465416176 0.025781250000000002 0.04454865181711606
1 0.2515625 0.44372801875732704 0.0171875 0.029308323563892142
1 0.27421875 0.46541617819460723 0.025 0.04220398593200469
1 0.319921875 0.47538100820633056 0.032031250000000004 0.04572098475967174
1 0.32578125 0.4454865181711606 0.021875000000000002 0.0328253223915592
1 0.327734375 0.4237983587338804 0.017968750000000002 0.0246189917936694
1 0.30507812500000003 0.4261430246189918 0.017968750000000002 0.03634232121922626
1 0.36953125000000003 0.44724501758499413 0.0234375 0.03868698710433763
1 0.38359375 0.4783118405627198 0.029687500000000002 0.0492379835873388
1 0.41445312500000003 0.4630715123094959 0.022656250000000003 0.04220398593200469
1 0.436328125 0.488862837045721 0.032031250000000004 0.053927315357561546
1 0.427734375 0.43141852286049237 0.01953125 0.0328253223915592
1 0.43671875000000004 0.41148886283704567 0.018750000000000003 0.0328253223915592
1 0.39609375 0.4279015240328253 0.0234375 0.03751465416178194
1 0.37929687500000003 0.4173505275498241 0.014843750000000001 0.025791324736225085
1 0.45 0.4091441969519343 0.018750000000000003 0.028135990621336458
1 0.48085937500000003 0.43728018757327075 0.022656250000000003 0.04220398593200469
1 0.49062500000000003 0.4824150058616647 0.0390625 0.05509964830011723
1 0.5222656250000001 0.481242672919109 0.02734375 0.04806565064478312
1 0.521484375 0.4337631887456037 0.01953125 0.03985932004689331
1 0.50234375 0.4196951934349355 0.0171875 0.03048065650644783
1 0.49531250000000004 0.39624853458382175 0.0125 0.023446658851113716
1 0.51171875 0.4091441969519343 0.015625 0.025791324736225085
1 0.54921875 0.42203985932004684 0.015625 0.03048065650644783
1 0.5769531250000001 0.44079718640093785 0.02421875 0.04220398593200469
1 0.583984375 0.5128956623681125 0.039843750000000004 0.062133645955451344
1 0.6097656250000001 0.4900351699882766 0.02734375 0.0492379835873388
1 0.671875 0.5281359906213364 0.043750000000000004 0.06682297772567408
1 0.5593750000000001 0.4062133645955451 0.0203125 0.029308323563892142
1 0.5453125 0.3898007033997655 0.0140625 0.02227432590855803
1 0.571484375 0.3903868698710434 0.014843750000000001 0.025791324736225085
1 0.580078125 0.4062133645955451 0.013281250000000001 0.0246189917936694
1 0.594921875 0.41793669402110195 0.01953125 0.03399765533411488
1 0.602734375 0.3903868698710434 0.013281250000000001 0.025791324736225085
1 0.591796875 0.3774912075029308 0.014843750000000001 0.028135990621336458
1 0.6214843750000001 0.37573270808909726 0.01171875 0.019929660023446656
1 0.625 0.41617819460726846 0.0171875 0.0328253223915592
1 0.638671875 0.39097303634232117 0.014843750000000001 0.026963657678780773
1 0.65 0.3815943728018757 0.015625 0.02227432590855803
1 0.659375 0.4062133645955451 0.0171875 0.026963657678780773
1 0.653515625 0.4261430246189918 0.022656250000000003 0.03634232121922626
1 0.691015625 0.4431418522860492 0.022656250000000003 0.04454865181711606
1 0.70234375 0.4308323563892145 0.018750000000000003 0.03868698710433763
1 0.7019531250000001 0.40386869871043374 0.014843750000000001 0.026963657678780773
1 0.683203125 0.3856975381008206 0.014843750000000001 0.023446658851113716
1 0.669140625 0.38745603751465413 0.013281250000000001 0.02227432590855803
1 0.66796875 0.3774912075029308 0.015625 0.023446658851113716
1 0.7210937500000001 0.3798358733880422 0.0140625 0.021101992966002344
1 0.7296875 0.38218053927315354 0.010937500000000001 0.023446658851113716
1 0.7371093750000001 0.38628370457209843 0.01640625 0.0246189917936694
1 0.7464843750000001 0.37924970691676435 0.01640625 0.026963657678780773
1 0.75390625 0.3341148886283704 0.010937500000000001 0.01875732708089097
1 0.7699218750000001 0.33704572098475966 0.014843750000000001 0.0246189917936694
1 0.7449218750000001 0.41676436107854625 0.01953125 0.031652989449003514
1 0.7609375 0.3856975381008206 0.0140625 0.028135990621336458
1 0.7757812500000001 0.44607268464243843 0.026562500000000003 0.04572098475967174
1 0.76875 0.5005861664712778 0.0390625 0.06096131301289566
1 0.7953125000000001 0.4173505275498241 0.0171875 0.035169988276670575
1 0.7933593750000001 0.388042203985932 0.01171875 0.023446658851113716
1 0.846875 0.3335287221570926 0.010937500000000001 0.017584994138335287
1 0.83125 0.3892145369284877 0.0171875 0.0328253223915592
1 0.84765625 0.4261430246189918 0.029687500000000002 0.050410316529894486
1 0.829296875 0.43024618991793667 0.022656250000000003 0.03985932004689331
