1 0.15951492537313433 0.4753694581280788 0.04291044776119403 0.06403940886699507
1 0.2700559701492537 0.2742200328407225 0.021455223880597014 0.0361247947454844
1 0.2835820895522388 0.23809523809523808 0.018656716417910446 0.03940886699507389
1 0.31669776119402987 0.24137931034482757 0.025186567164179104 0.03940886699507389
1 0.332089552238806 0.2192118226600985 0.016791044776119403 0.027914614121510674
1 0.33955223880597013 0.25615763546798026 0.022388059701492536 0.0361247947454844
1 0.3530783582089552 0.2315270935960591 0.013992537313432836 0.04269293924466338
1 0.38526119402985076 0.19047619047619047 0.020522388059701493 0.03284072249589491
1 0.36847014925373134 0.2430213464696223 0.020522388059701493 0.03940886699507389
1 0.3880597014925373 0.2520525451559934 0.016791044776119403 0.047619047619047616
1 0.4123134328358209 0.2520525451559934 0.020522388059701493 0.047619047619047616
1 0.40764925373134325 0.18555008210180624 0.016791044776119403 0.03284072249589491
1 0.44496268656716415 0.17323481116584563 0.016791044776119403 0.031198686371100164
1 0.4519589552238806 0.15435139573070608 0.013992537313432836 0.022988505747126436
1 0.45848880597014924 0.22495894909688013 0.01958955223880597 0.04597701149425287
1 0.4822761194029851 0.22742200328407225 0.024253731343283583 0.05747126436781609
1 0.4822761194029851 0.15106732348111657 0.014925373134328358 0.029556650246305417
1 0.5331156716417911 0.17487684729064037 0.01958955223880597 0.03776683087027914
1 0.5242537313432836 0.21510673234811165 0.027985074626865673 0.052545155993431854
1 0.5027985074626865 0.20853858784893267 0.020522388059701493 0.0361247947454844
1 0.5592350746268656 0.15517241379310345 0.01958955223880597 0.027914614121510674
1 0.5620335820895522 0.12151067323481116 0.017723880597014924 0.03940886699507389
1 0.554570895522388 0.25041050903119866 0.021455223880597014 0.034482758620689655
1 0.5181902985074627 0.2939244663382594 0.028917910447761194 0.04926108374384236
1 0.5904850746268656 0.12315270935960591 0.018656716417910446 0.022988505747126436
1 0.5942164179104478 0.1592775041050903 0.014925373134328358 0.03940886699507389
1 0.5792910447761194 0.16995073891625614 0.016791044776119403 0.03776683087027914
1 0.6166044776119403 0.20279146141215107 0.022388059701492536 0.047619047619047616
1 0.6166044776119403 0.1502463054187192 0.014925373134328358 0.034482758620689655
1 0.6082089552238806 0.12561576354679801 0.016791044776119403 0.02134646962233169
1 0.6333955223880597 0.13464696223316913 0.020522388059701493 0.03940886699507389
1 0.625 0.24466338259441706 0.020522388059701493 0.0361247947454844
1 0.5755597014925373 0.28653530377668307 0.029850746268656716 0.05090311986863711
1 0.6357276119402985 0.3136288998357964 0.028917910447761194 0.059113300492610835
1 0.6534514925373134 0.20361247947454844 0.01958955223880597 0.0361247947454844
1 0.646455223880597 0.2372742200328407 0.024253731343283583 0.047619047619047616
1 0.6763059701492538 0.25862068965517243 0.026119402985074626 0.05747126436781609
1 0.6669776119402985 0.12151067323481116 0.020522388059701493 0.03940886699507389
1 0.7150186567164178 0.13464696223316913 0.01958955223880597 0.03940886699507389
1 0.6940298507462687 0.15106732348111657 0.016791044776119403 0.029556650246305417
1 0.6800373134328358 0.2134646962233169 0.026119402985074626 0.04926108374384236
1 0.6963619402985074 0.2372742200328407 0.023320895522388058 0.0541871921182266
1 0.7140858208955224 0.18226600985221675 0.021455223880597014 0.029556650246305417
1 0.7350746268656716 0.1986863711001642 0.020522388059701493 0.04597701149425287
1 0.7439365671641791 0.14860426929392445 0.017723880597014924 0.047619047619047616
1 0.7639925373134329 0.13628899835796388 0.016791044776119403 0.026272577996715927
1 0.7644589552238806 0.1683087027914614 0.01958955223880597 0.034482758620689655
1 0.7691231343283582 0.21018062397372742 0.023320895522388058 0.04926108374384236
1 0.7649253731343283 0.2627257799671593 0.026119402985074626 0.052545155993431854
1 0.7238805970149254 0.2733990147783251 0.027985074626865673 0.05090311986863711
1 0.7859141791044776 0.1444991789819376 0.017723880597014924 0.03284072249589491
1 0.7999067164179104 0.16912972085385877 0.01958955223880597 0.03284072249589491
1 0.8269589552238806 0.15188834154351397 0.017723880597014924 0.031198686371100164
1 0.8246268656716418 0.2134646962233169 0.018656716417910446 0.04269293924466338
1 0.8414179104477612 0.18719211822660098 0.018656716417910446 0.03940886699507389
1 0.8400186567164178 0.32101806239737274 0.025186567164179104 0.047619047619047616
1 0.8568097014925373 0.25041050903119866 0.01958955223880597 0.041050903119868636
1 0.8572761194029851 0.16420361247947454 0.018656716417910446 0.04597701149425287
1 0.8894589552238806 0.16091954022988506 0.01585820895522388 0.0361247947454844
1 0.878731343283582 0.17980295566502463 0.018656716417910446 0.047619047619047616
1 0.8992537313432836 0.2044334975369458 0.022388059701492536 0.034482758620689655
1 0.9085820895522387 0.23399014778325122 0.016791044776119403 0.04433497536945813
1 0.9342350746268656 0.25369458128078815 0.027052238805970148 0.0541871921182266
1 0.396455223880597 0.22085385878489325 0.020522388059701493 0.041050903119868636
1 0.30223880597014924 0.24548440065681446 0.014925373134328358 0.031198686371100164
1 0.4673507462686567 0.17569786535303777 0.016791044776119403 0.04269293924466338
