1 0.049338146811071 0.5992779783393501 0.0914560770156438 0.19494584837545126
1 0.08062575210589651 0.3953068592057762 0.05776173285198556 0.10469314079422383
1 0.11311672683513839 0.4314079422382672 0.06257521058965103 0.09025270758122744
1 0.1305655836341757 0.39711191335740076 0.06137184115523466 0.08664259927797835
1 0.2111913357400722 0.5018050541516246 0.08543922984356198 0.1407942238267148
1 0.33393501805054154 0.8402527075812275 0.20336943441636582 0.3194945848375451
1 0.26654632972322506 0.40433212996389895 0.06377858002406739 0.09386281588447654
1 0.3231046931407942 0.3808664259927798 0.04693140794223827 0.07220216606498195
1 0.3592057761732852 0.6083032490974729 0.14560770156438027 0.21299638989169675
1 0.4332129963898917 0.41064981949458484 0.05535499398315283 0.11010830324909748
1 0.5246690734055355 0.4666064981949459 0.07942238267148015 0.12815884476534298
1 0.5716004813477737 0.3592057761732852 0.043321299638989175 0.08303249097472924
1 0.6101083032490975 0.3528880866425993 0.03850782190132371 0.0703971119133574
1 0.5018050541516246 0.22021660649819497 0.03369434416365824 0.06137184115523466
1 0.6456077015643803 0.44314079422382674 0.06859205776173286 0.13537906137184116
1 0.6901323706377859 0.5081227436823105 0.09025270758122744 0.16787003610108303
1 0.6811070998796631 0.3564981949458484 0.0457280385078219 0.0703971119133574
1 0.7484957882069796 0.38267148014440433 0.05776173285198556 0.09747292418772563
1 0.7551143200962696 0.3312274368231047 0.049338146811071 0.0740072202166065
1 0.7882069795427197 0.3592057761732852 0.052948255114320095 0.08303249097472924
1 0.8646209386281589 0.33754512635379064 0.051744885679903735 0.07942238267148015
1 0.888086642599278 0.3564981949458484 0.0457280385078219 0.0703971119133574
1 0.9524669073405536 0.3916967509025271 0.06377858002406739 0.10469314079422383
1 0.9687123947051746 0.5658844765342961 0.06257521058965103 0.19675090252707583
1 0.8790613718411553 0.766245487364621 0.19855595667870038 0.34115523465703973
1 0.8164861612515042 0.4864620938628159 0.07821901323706378 0.12454873646209387
