1 0.020168067226890758 0.4371387283236994 0.028571428571428574 0.059248554913294796
1 0.6256302521008403 0.2088150289017341 0.012605042016806723 0.02167630057803468
1 0.4815126050420168 0.24421965317919073 0.013445378151260505 0.028901734104046242
1 0.28991596638655465 0.3106936416184971 0.016806722689075633 0.03468208092485549
1 0.2415966386554622 0.34393063583815026 0.01764705882352941 0.03757225433526011
1 0.36764705882352944 0.2984104046242774 0.012605042016806723 0.033236994219653176
1 0.27184873949579835 0.35621387283236994 0.022689075630252103 0.04190751445086705
1 0.29327731092436976 0.36849710982658956 0.020168067226890758 0.04335260115606936
1 0.3966386554621849 0.2695086705202312 0.013445378151260505 0.0361271676300578
1 0.3478991596638656 0.36849710982658956 0.02184873949579832 0.04913294797687861
1 0.3907563025210084 0.3547687861271676 0.016806722689075633 0.03901734104046243
1 0.4361344537815126 0.2644508670520231 0.010084033613445379 0.02023121387283237
1 0.4180672268907563 0.3533236994219653 0.02100840336134454 0.04190751445086705
1 0.42268907563025215 0.30780346820809246 0.015126050420168069 0.03468208092485549
1 0.4554621848739496 0.3135838150289017 0.018487394957983194 0.04046242774566474
1 0.4638655462184874 0.3460982658959537 0.02184873949579832 0.0361271676300578
1 0.4844537815126051 0.31141618497109824 0.01764705882352941 0.0361271676300578
1 0.5172268907563026 0.27167630057803466 0.019327731092436976 0.03468208092485549
1 0.5340336134453781 0.25578034682080925 0.012605042016806723 0.028901734104046242
1 0.5521008403361345 0.25867052023121384 0.013445378151260505 0.031791907514450865
1 0.5659663865546218 0.23482658959537572 0.014285714285714287 0.02745664739884393
1 0.5882352941176471 0.23627167630057802 0.016806722689075633 0.033236994219653176
1 0.5764705882352942 0.2904624277456647 0.015126050420168069 0.031791907514450865
1 0.534453781512605 0.32008670520231214 0.013445378151260505 0.030346820809248554
1 0.6218487394957983 0.25939306358381503 0.011764705882352941 0.033236994219653176
1 0.646218487394958 0.226878612716763 0.015126050420168069 0.03468208092485549
1 0.6596638655462185 0.25072254335260113 0.018487394957983194 0.044797687861271675
1 0.6756302521008404 0.2232658959537572 0.010084033613445379 0.018786127167630055
1 0.6869747899159664 0.23049132947976878 0.014285714285714287 0.024566473988439304
1 0.7016806722689076 0.24421965317919073 0.015126050420168069 0.031791907514450865
1 0.7201680672268908 0.26011560693641617 0.016806722689075633 0.03468208092485549
1 0.6899159663865546 0.27239884393063585 0.025210084033613446 0.033236994219653176
1 0.6516806722689076 0.30419075144508667 0.02100840336134454 0.0361271676300578
1 0.6067226890756303 0.338150289017341 0.023529411764705882 0.04046242774566474
1 0.7605042016806723 0.22904624277456645 0.013445378151260505 0.030346820809248554
1 0.8016806722689076 0.23771676300578035 0.013445378151260505 0.0361271676300578
1 0.8289915966386555 0.24855491329479767 0.014285714285714287 0.026011560693641616
1 0.5121848739495799 0.40462427745664736 0.022689075630252103 0.04913294797687861
1 0.5529411764705883 0.37210982658959535 0.023529411764705882 0.05635838150289017
1 0.5550420168067227 0.41184971098265893 0.024369747899159664 0.04913294797687861
1 0.6218487394957983 0.43352601156069365 0.028571428571428574 0.05202312138728323
1 0.6260504201680672 0.38511560693641617 0.030252100840336138 0.05057803468208092
1 0.6659663865546219 0.33598265895953755 0.01764705882352941 0.04190751445086705
1 0.6827731092436975 0.37572254335260113 0.027731092436974792 0.04913294797687861
1 0.680672268907563 0.45231213872832365 0.030252100840336138 0.057803468208092484
1 0.6983193277310925 0.3179190751445087 0.025210084033613446 0.04046242774566474
1 0.7075630252100841 0.36054913294797686 0.02184873949579832 0.033236994219653176
1 0.7403361344537815 0.2991329479768786 0.016806722689075633 0.03757225433526011
1 0.7651260504201681 0.2745664739884393 0.01596638655462185 0.031791907514450865
1 0.7840336134453783 0.28829479768786126 0.013445378151260505 0.02745664739884393
1 0.7600840336134455 0.40390173410404623 0.029411764705882356 0.05057803468208092
1 0.7331932773109244 0.5122832369942196 0.039495798319327736 0.09971098265895953
1 0.8521008403361345 0.5267341040462428 0.030252100840336138 0.06213872832369942
1 0.8109243697478992 0.4147398843930636 0.025210084033613446 0.04335260115606936
1 0.8676470588235294 0.25939306358381503 0.01764705882352941 0.030346820809248554
1 0.8798319327731093 0.2745664739884393 0.016806722689075633 0.04046242774566474
1 0.8953781512605042 0.2579479768786127 0.012605042016806723 0.024566473988439304
1 0.8331932773109244 0.30780346820809246 0.014285714285714287 0.03468208092485549
1 0.8689075630252101 0.31575144508670516 0.015126050420168069 0.033236994219653176
1 0.8957983193277311 0.36921965317919075 0.02689075630252101 0.05057803468208092
1 0.9012605042016807 0.3236994219653179 0.01596638655462185 0.04046242774566474
1 0.9147058823529413 0.29696531791907516 0.014285714285714287 0.03901734104046243
1 0.9399159663865547 0.4067919075144508 0.026050420168067228 0.044797687861271675
1 0.8642857142857143 0.4458092485549133 0.034453781512605045 0.044797687861271675
1 0.8289915966386555 0.3829479768786127 0.01596638655462185 0.03757225433526011
1 0.9310924369747899 0.46893063583815026 0.0319327731092437 0.05346820809248554
1 0.9483193277310925 0.3583815028901734 0.01764705882352941 0.03757225433526011
1 0.9588235294117647 0.2904624277456647 0.015126050420168069 0.03468208092485549
1 0.4735294117647059 0.25216763005780346 0.01596638655462185 0.033236994219653176
1 0.6378151260504202 0.2709537572254335 0.015126050420168069 0.03901734104046243
1 0.6189075630252101 0.2297687861271676 0.012605042016806723 0.03468208092485549
1 0.6382352941176471 0.2297687861271676 0.009243697478991597 0.031791907514450865
1 0.9588235294117647 0.30419075144508667 0.013445378151260505 0.033236994219653176
1 0.8827731092436976 0.4234104046242774 0.01764705882352941 0.04913294797687861
