1 0.17250000000000001 0.400355871886121 0.053 0.12455516014234874
1 0.34 0.49021352313167255 0.064 0.12633451957295372
1 0.368 0.23131672597864766 0.022 0.046263345195729534
1 0.41150000000000003 0.20106761565836298 0.017 0.03914590747330961
1 0.43 0.22330960854092524 0.016 0.037366548042704624
1 0.4465 0.25444839857651247 0.023 0.042704626334519574
1 0.47050000000000003 0.23309608540925267 0.021 0.03558718861209964
1 0.48 0.19572953736654802 0.02 0.042704626334519574
1 0.589 0.10409252669039146 0.012 0.02669039145907473
1 0.605 0.10587188612099643 0.012 0.019572953736654804
1 0.6405 0.11565836298932383 0.013000000000000001 0.028469750889679714
1 0.669 0.1094306049822064 0.016 0.02669039145907473
1 0.6 0.2179715302491103 0.022 0.04448398576512455
1 0.6415 0.2375444839857651 0.023 0.051601423487544484
