1 0.10666666666666666 0.6174749163879598 0.022222222222222223 0.04096989966555184
1 0.10388888888888889 0.7311872909698997 0.05333333333333333 0.07441471571906354
1 0.15166666666666667 0.6120401337792643 0.014444444444444444 0.03177257525083612
1 0.19166666666666668 0.6015886287625418 0.01888888888888889 0.034280936454849496
1 0.21555555555555556 0.6705685618729097 0.023333333333333334 0.03177257525083612
1 0.18333333333333332 0.7073578595317725 0.027777777777777776 0.043478260869565216
1 0.19777777777777777 0.7642140468227424 0.03888888888888889 0.06354515050167224
1 0.2536111111111111 0.7412207357859532 0.029444444444444443 0.04431438127090301
1 0.2375 0.6835284280936454 0.019444444444444445 0.03260869565217391
1 0.2477777777777778 0.6229096989966555 0.017777777777777778 0.028428093645484948
1 0.28833333333333333 0.5990802675585284 0.014444444444444444 0.030936454849498328
1 0.3325 0.6187290969899666 0.02277777777777778 0.023411371237458192
1 0.30722222222222223 0.6659698996655519 0.022222222222222223 0.030936454849498328
1 0.2852777777777778 0.685200668896321 0.019444444444444445 0.03260869565217391
1 0.31777777777777777 0.7307692307692307 0.027777777777777776 0.048494983277591976
1 0.3352777777777778 0.7119565217391304 0.021666666666666667 0.030936454849498328
1 0.32305555555555554 0.6931438127090301 0.020555555555555556 0.033444816053511704
1 0.37 0.6739130434782609 0.01888888888888889 0.03678929765886287
1 0.23222222222222222 0.8762541806020067 0.052222222222222225 0.07692307692307693
1 0.3477777777777778 0.842809364548495 0.03222222222222222 0.06020066889632107
1 0.4 0.7918060200668896 0.035555555555555556 0.061872909698996656
1 0.4036111111111111 0.7090301003344481 0.020555555555555556 0.04180602006688963
1 0.4255555555555556 0.7182274247491639 0.027777777777777776 0.04180602006688963
1 0.4297222222222222 0.6839464882943144 0.020555555555555556 0.03678929765886287
1 0.4683333333333333 0.685200668896321 0.02 0.02926421404682274
1 0.4602777777777778 0.6032608695652174 0.015 0.030936454849498328
1 0.4938888888888889 0.7562709030100334 0.023333333333333334 0.04933110367892977
1 0.5255555555555556 0.7784280936454849 0.028888888888888888 0.05351170568561873
1 0.5491666666666667 0.7357859531772575 0.026111111111111113 0.04180602006688963
1 0.5344444444444444 0.7081939799331104 0.022222222222222223 0.038461538461538464
1 0.5158333333333334 0.6145484949832776 0.015 0.02508361204013378
1 0.5419444444444445 0.5974080267558528 0.017222222222222222 0.025919732441471572
1 0.5788888888888889 0.5965719063545151 0.021111111111111112 0.02926421404682274
1 0.6022222222222222 0.6153846153846154 0.014444444444444444 0.026755852842809364
1 0.6036111111111111 0.6542642140468228 0.020555555555555556 0.034280936454849496
1 0.6216666666666667 0.6588628762541806 0.013333333333333332 0.026755852842809364
1 0.6311111111111111 0.6697324414715718 0.014444444444444444 0.028428093645484948
1 0.6341666666666667 0.7061036789297659 0.02277777777777778 0.039297658862876256
1 0.6363888888888889 0.7562709030100334 0.025 0.042642140468227424
1 0.6297222222222222 0.8202341137123745 0.04611111111111111 0.07859531772575251
1 0.6825 0.8030936454849498 0.03277777777777778 0.061036789297658864
1 0.7222222222222222 0.7194816053511706 0.021111111111111112 0.039297658862876256
1 0.7275 0.6881270903010034 0.018333333333333333 0.03177257525083612
1 0.7669444444444444 0.7157190635451505 0.026111111111111113 0.038461538461538464
1 0.7583333333333333 0.6918896321070234 0.021111111111111112 0.03762541806020067
1 0.84 0.7336956521739131 0.03888888888888889 0.061036789297658864
