1 0.26707048458149785 0.22834645669291337 0.020925110132158593 0.03937007874015748
1 0.3392070484581498 0.24803149606299213 0.022026431718061675 0.04330708661417323
1 0.3772026431718062 0.24803149606299213 0.02312775330396476 0.047244094488188976
1 0.36784140969163 0.19389763779527558 0.019823788546255508 0.04133858267716535
1 0.39372246696035246 0.19094488188976377 0.016519823788546256 0.031496062992125984
1 0.3876651982378855 0.16830708661417323 0.01762114537444934 0.02952755905511811
1 0.40914096916299564 0.16141732283464566 0.01431718061674009 0.027559055118110236
1 0.4432819383259912 0.24606299212598426 0.02312775330396476 0.04330708661417323
1 0.4284140969162996 0.20964566929133857 0.019823788546255508 0.033464566929133854
1 0.43832599118942733 0.16830708661417323 0.015418502202643174 0.03740157480314961
1 0.4438325991189428 0.13976377952755906 0.013215859030837006 0.027559055118110236
1 0.46971365638766527 0.20275590551181102 0.016519823788546256 0.03937007874015748
1 0.48568281938325997 0.24803149606299213 0.03524229074889868 0.06692913385826771
1 0.5033039647577093 0.2106299212598425 0.019823788546255508 0.047244094488188976
1 0.48182819383259917 0.17125984251968504 0.016519823788546256 0.03543307086614173
1 0.4823788546255507 0.14960629921259844 0.015418502202643174 0.031496062992125984
1 0.4658590308370045 0.13976377952755906 0.015418502202643174 0.027559055118110236
1 0.4900881057268723 0.1309055118110236 0.011013215859030838 0.025590551181102362
1 0.512114537444934 0.1279527559055118 0.011013215859030838 0.023622047244094488
1 0.5214757709251102 0.18011811023622046 0.018722466960352426 0.033464566929133854
1 0.5484581497797357 0.1830708661417323 0.022026431718061675 0.04330708661417323
1 0.5368942731277534 0.15551181102362205 0.01431718061674009 0.027559055118110236
1 0.5379955947136564 0.1309055118110236 0.01431718061674009 0.025590551181102362
1 0.5264317180616741 0.12106299212598425 0.011013215859030838 0.025590551181102362
1 0.5462555066079295 0.12401574803149606 0.015418502202643174 0.031496062992125984
1 0.5688325991189428 0.13582677165354332 0.01431718061674009 0.031496062992125984
1 0.5809471365638768 0.11909448818897637 0.012114537444933921 0.02952755905511811
1 0.5952643171806168 0.16043307086614172 0.01431718061674009 0.033464566929133854
1 0.5814977973568283 0.23917322834645668 0.022026431718061675 0.049212598425196846
1 0.61784140969163 0.24803149606299213 0.02863436123348018 0.051181102362204724
1 0.6261013215859031 0.19980314960629922 0.018722466960352426 0.045275590551181105
1 0.6376651982378855 0.13976377952755906 0.013215859030837006 0.027559055118110236
1 0.6233480176211454 0.1309055118110236 0.013215859030837006 0.025590551181102362
1 0.604625550660793 0.12598425196850394 0.01762114537444934 0.027559055118110236
1 0.6068281938325992 0.09744094488188976 0.013215859030837006 0.025590551181102362
1 0.6172907488986785 0.1062992125984252 0.009911894273127754 0.023622047244094488
1 0.6321585903083701 0.11220472440944881 0.013215859030837006 0.023622047244094488
1 0.6547356828193833 0.1062992125984252 0.012114537444933921 0.03543307086614173
1 0.6690528634361234 0.11023622047244094 0.01431718061674009 0.027559055118110236
1 0.6822687224669605 0.10531496062992125 0.012114537444933921 0.02952755905511811
1 0.6927312775330398 0.11811023622047244 0.013215859030837006 0.031496062992125984
1 0.6640969162995596 0.18799212598425197 0.019823788546255508 0.045275590551181105
1 0.6762114537444934 0.21751968503937008 0.019823788546255508 0.049212598425196846
1 0.6850220264317182 0.2667322834645669 0.030837004405286347 0.05708661417322834
1 0.7307268722466961 0.13582677165354332 0.016519823788546256 0.031496062992125984
1 0.6982378854625552 0.16338582677165353 0.015418502202643174 0.03543307086614173
1 0.7175110132158591 0.19094488188976377 0.020925110132158593 0.04330708661417323
1 0.7202643171806168 0.23523622047244094 0.019823788546255508 0.045275590551181105
1 0.7395374449339208 0.2588582677165354 0.025330396475770928 0.0531496062992126
1 0.7643171806167401 0.26574803149606296 0.024229074889867842 0.047244094488188976
1 0.7907488986784141 0.2765748031496063 0.026431718061674013 0.0531496062992126
1 0.7890969162995596 0.20669291338582677 0.018722466960352426 0.03937007874015748
1 0.7577092511013217 0.18700787401574803 0.015418502202643174 0.03937007874015748
1 0.7362334801762115 0.18110236220472442 0.016519823788546256 0.03937007874015748
1 0.762114537444934 0.14468503937007873 0.015418502202643174 0.03740157480314961
1 0.7500000000000001 0.12893700787401574 0.015418502202643174 0.033464566929133854
1 0.7764317180616741 0.13484251968503938 0.015418502202643174 0.02952755905511811
1 0.7990088105726872 0.1545275590551181 0.016519823788546256 0.033464566929133854
1 0.7962555066079295 0.125 0.015418502202643174 0.025590551181102362
1 0.8094713656387666 0.13385826771653542 0.013215859030837006 0.03543307086614173
1 0.8243392070484582 0.12893700787401574 0.01431718061674009 0.02952755905511811
1 0.8419603524229076 0.1653543307086614 0.01431718061674009 0.031496062992125984
1 0.8491189427312776 0.1919291338582677 0.015418502202643174 0.04133858267716535
1 0.8408590308370045 0.2234251968503937 0.018722466960352426 0.045275590551181105
1 0.8529735682819384 0.2933070866141732 0.029735682819383262 0.07480314960629922
1 0.8502202643171807 0.14862204724409447 0.015418502202643174 0.02952755905511811
1 0.8650881057268723 0.17224409448818898 0.016519823788546256 0.033464566929133854
1 0.8876651982378856 0.22244094488188976 0.019823788546255508 0.03937007874015748
1 0.881057268722467 0.14468503937007873 0.01762114537444934 0.03740157480314961
1 0.9041850220264318 0.17618110236220472 0.01762114537444934 0.03740157480314961
1 0.9124449339207049 0.14960629921259844 0.01431718061674009 0.031496062992125984
1 0.9410792951541851 0.16437007874015747 0.01431718061674009 0.033464566929133854
1 0.9322687224669605 0.18996062992125984 0.01431718061674009 0.02952755905511811
1 0.946035242290749 0.20866141732283464 0.013215859030837006 0.03543307086614173
1 0.9306167400881058 0.2263779527559055 0.01762114537444934 0.03543307086614173
1 0.9212555066079297 0.2421259842519685 0.018722466960352426 0.051181102362204724
1 0.931718061674009 0.27755905511811024 0.019823788546255508 0.05905511811023622
1 0.9151982378854626 0.3346456692913386 0.026431718061674013 0.07480314960629922
