1 0.3282387190684134 0.5701754385964912 0.053857350800582245 0.09649122807017543
1 0.32387190684133915 0.7423245614035088 0.0713245997088792 0.09868421052631579
1 0.4497816593886463 0.8146929824561403 0.07860262008733625 0.1162280701754386
1 0.47525473071324603 0.7050438596491228 0.06259097525473072 0.10307017543859648
1 0.5807860262008734 0.4462719298245614 0.046579330422125184 0.07236842105263158
1 0.6863173216885008 0.7642543859649122 0.07423580786026202 0.1381578947368421
1 0.7183406113537119 0.5317982456140351 0.04512372634643377 0.06798245614035087
1 0.7321688500727802 0.9331140350877193 0.10771470160116449 0.1337719298245614
1 0.7743813682678312 0.6600877192982456 0.055312954876273655 0.09649122807017543
1 0.8973799126637555 0.6535087719298245 0.05094614264919942 0.09649122807017543
1 0.9657933042212519 0.6831140350877193 0.059679767103347894 0.1074561403508772
1 0.9752547307132461 0.8662280701754386 0.049490538573508006 0.16228070175438597
