1 0.16714422158548234 0.49914965986394555 0.034383954154727794 0.07993197278911564
1 0.2640878701050621 0.26870748299319724 0.01623686723973257 0.027210884353741496
1 0.3018147086914995 0.266156462585034 0.019102196752626553 0.03571428571428571
1 0.3204393505253104 0.2695578231292517 0.020057306590257878 0.04591836734693877
1 0.33810888252148996 0.2151360544217687 0.013371537726838585 0.028911564625850338
1 0.3624641833810888 0.22704081632653061 0.018147086914995225 0.025510204081632654
1 0.36007640878701047 0.20833333333333331 0.015281757402101241 0.025510204081632654
1 0.3553008595988539 0.2695578231292517 0.021012416427889206 0.0391156462585034
1 0.4049665711556829 0.26360544217687076 0.019102196752626553 0.03741496598639456
1 0.4393505253104107 0.2602040816326531 0.021012416427889206 0.04081632653061224
1 0.40066857688634194 0.2227891156462585 0.01623686723973257 0.03401360544217687
1 0.3825214899713467 0.18282312925170066 0.012416427889207259 0.025510204081632654
1 0.4083094555873925 0.18622448979591835 0.014326647564469913 0.028911564625850338
1 0.42550143266475643 0.1913265306122449 0.014326647564469913 0.03231292517006803
1 0.441738299904489 0.20238095238095238 0.014326647564469913 0.030612244897959183
1 0.45415472779369626 0.23214285714285712 0.01623686723973257 0.04251700680272109
1 0.4785100286532951 0.2465986394557823 0.017191977077363897 0.04081632653061224
1 0.4866284622731614 0.20493197278911565 0.018147086914995225 0.028911564625850338
1 0.45319961795606495 0.15986394557823128 0.014326647564469913 0.027210884353741496
1 0.47803247373447944 0.16241496598639454 0.01623686723973257 0.025510204081632654
1 0.5186246418338109 0.19812925170068027 0.015281757402101241 0.028911564625850338
1 0.5372492836676218 0.20918367346938774 0.018147086914995225 0.04081632653061224
1 0.5506208213944603 0.17261904761904762 0.014326647564469913 0.03231292517006803
1 0.5339063992359121 0.17091836734693877 0.015281757402101241 0.03231292517006803
1 0.5023877745940784 0.1335034013605442 0.011461318051575931 0.01870748299319728
1 0.5897803247373448 0.17687074829931973 0.014326647564469913 0.030612244897959183
1 0.5749761222540593 0.15136054421768708 0.013371537726838585 0.023809523809523808
1 0.5926456542502387 0.1488095238095238 0.018147086914995225 0.03231292517006803
1 0.5802292263610315 0.125 0.012416427889207259 0.028911564625850338
1 0.5945558739255015 0.125 0.012416427889207259 0.028911564625850338
1 0.6217765042979942 0.14710884353741496 0.015281757402101241 0.028911564625850338
1 0.612225405921681 0.12670068027210885 0.011461318051575931 0.025510204081632654
1 0.6217765042979942 0.11819727891156462 0.013371537726838585 0.025510204081632654
1 0.6480420248328558 0.13945578231292516 0.014326647564469913 0.030612244897959183
1 0.6528175740210124 0.12074829931972789 0.012416427889207259 0.027210884353741496
1 0.6786055396370583 0.12585034013605442 0.012416427889207259 0.030612244897959183
1 0.5081184336198663 0.3180272108843537 0.028653295128939826 0.047619047619047616
1 0.5530085959885387 0.3120748299319728 0.024832855778414518 0.052721088435374146
1 0.5577841451766953 0.2568027210884354 0.021012416427889206 0.04081632653061224
1 0.6045845272206304 0.35034013605442177 0.028653295128939826 0.057823129251700675
1 0.6275071633237822 0.21003401360544216 0.019102196752626553 0.03231292517006803
1 0.6361031518624641 0.26360544217687076 0.024832855778414518 0.04421768707482993
1 0.6833810888252149 0.25255102040816324 0.025787965616045846 0.04931972789115646
1 0.6609360076408787 0.21598639455782312 0.019102196752626553 0.03741496598639456
1 0.671919770773639 0.18112244897959184 0.014326647564469913 0.03571428571428571
1 0.712989493791786 0.18282312925170066 0.014326647564469913 0.03231292517006803
1 0.7106017191977078 0.15476190476190477 0.015281757402101241 0.03401360544217687
1 0.7340019102196752 0.16666666666666666 0.014326647564469913 0.030612244897959183
1 0.7153772683858644 0.22448979591836735 0.017191977077363897 0.04081632653061224
1 0.7311365807067812 0.2704081632653061 0.02387774594078319 0.05442176870748299
1 0.776981852913085 0.24319727891156462 0.020057306590257878 0.05102040816326531
1 0.7445081184336199 0.2074829931972789 0.01623686723973257 0.04081632653061224
1 0.7822349570200573 0.16326530612244897 0.013371537726838585 0.03401360544217687
1 0.7779369627507163 0.13010204081632654 0.012416427889207259 0.025510204081632654
1 0.771251193887297 0.1564625850340136 0.012416427889207259 0.027210884353741496
1 0.7664756446991404 0.11989795918367346 0.012416427889207259 0.025510204081632654
1 0.7989493791786055 0.16156462585034012 0.012416427889207259 0.027210884353741496
1 0.818051575931232 0.17261904761904762 0.020057306590257878 0.03571428571428571
1 0.839541547277937 0.13095238095238096 0.013371537726838585 0.03401360544217687
1 0.8600764087870105 0.19047619047619047 0.014326647564469913 0.03401360544217687
1 0.8677172874880611 0.16581632653061223 0.012416427889207259 0.03231292517006803
1 0.8462273161413563 0.211734693877551 0.015281757402101241 0.0391156462585034
1 0.7846227316141356 0.3112244897959184 0.0276981852913085 0.05442176870748299
1 0.8619866284622731 0.34268707482993194 0.025787965616045846 0.05612244897959184
1 0.876313276026743 0.2704081632653061 0.02387774594078319 0.05102040816326531
1 0.9317096466093601 0.2695578231292517 0.021967526265520534 0.04931972789115646
1 0.9350525310410697 0.25 0.021012416427889206 0.047619047619047616
1 0.9083094555873925 0.21768707482993196 0.015281757402101241 0.03401360544217687
1 0.9006685768863419 0.17687074829931973 0.013371537726838585 0.027210884353741496
1 0.9173829990448902 0.18707482993197277 0.014326647564469913 0.03401360544217687
1 0.9078319006685769 0.1522108843537415 0.012416427889207259 0.025510204081632654
