1 0.07916666666666666 0.5916666666666667 0.1 0.1388888888888889
1 0.034375 0.6194444444444445 0.06458333333333333 0.18333333333333335
1 0.19166666666666665 0.6402777777777778 0.15833333333333333 0.225
1 0.30625 0.5666666666666667 0.075 0.1
1 0.25729166666666664 0.5527777777777778 0.052083333333333336 0.07777777777777778
1 0.39479166666666665 0.6597222222222222 0.10625 0.14166666666666666
1 0.515625 0.5888888888888889 0.05625 0.1
1 0.5947916666666666 0.5902777777777778 0.11458333333333333 0.1638888888888889
1 0.6145833333333334 0.7291666666666667 0.2 0.24722222222222223
1 0.6625 0.6 0.0625 0.1
1 0.8375 0.6458333333333334 0.09166666666666666 0.16944444444444445
