1 0.47820216049382713 0.2952835648148148 0.06134259259259259 0.11776620370370369
1 0.45707947530864196 0.6857638888888888 0.10204475308641975 0.15914351851851852
1 0.47878086419753085 0.8227719907407407 0.12191358024691357 0.14380787037037035
1 0.7730516975308641 0.6455439814814814 0.0792824074074074 0.14467592592592593
1 0.7485532407407407 0.5737847222222222 0.07310956790123456 0.10648148148148148
1 0.8073881172839505 0.7100694444444444 0.09432870370370369 0.14351851851851852
1 0.9462770061728395 0.8101851851851851 0.10744598765432098 0.21354166666666666
1 0.2776813271604938 0.5969328703703703 0.06539351851851852 0.109375
1 0.19733796296296297 0.6877893518518519 0.09375 0.1736111111111111
1 0.10648148148148148 0.77734375 0.16126543209876543 0.24508101851851852
1 0.09027777777777778 0.607349537037037 0.08333333333333333 0.1261574074074074
