1 0.26001908396946566 0.19800332778702165 0.020038167938931296 0.036605657237936774
1 0.36116412213740456 0.1447587354409318 0.01812977099236641 0.033277870216306155
1 0.4050572519083969 0.13227953410981697 0.016221374045801526 0.03161397670549085
1 0.353530534351145 0.2562396006655574 0.020038167938931296 0.03993344425956739
1 0.37595419847328243 0.26955074875207985 0.022900763358778626 0.04991680532445924
1 0.40362595419847325 0.27953410981697174 0.026717557251908396 0.05324459234608985
1 0.46374045801526714 0.17637271214642264 0.015267175572519083 0.03993344425956739
1 0.4751908396946565 0.1930116472545757 0.015267175572519083 0.033277870216306155
1 0.4842557251908397 0.1805324459234609 0.01431297709923664 0.03161397670549085
1 0.4985687022900763 0.19966722129783696 0.020038167938931296 0.03993344425956739
1 0.4942748091603053 0.2329450915141431 0.019083969465648856 0.04326123128119801
1 0.46708015267175573 0.2312811980033278 0.02194656488549618 0.04658901830282862
1 0.5 0.30282861896838603 0.030534351145038167 0.04991680532445924
1 0.6178435114503816 0.25873544093178036 0.023854961832061067 0.051580698835274545
1 0.586354961832061 0.13477537437603992 0.016221374045801526 0.029950083194675542
1 0.7251908396946565 0.18718801996672213 0.022900763358778626 0.04159733777038269
1 0.767175572519084 0.2296173044925125 0.026717557251908396 0.059900166389351084
