1 0.069140625 0.1369969040247678 0.02109375 0.05417956656346749
1 0.047265625000000006 0.17492260061919507 0.025781250000000002 0.05882352941176471
1 0.054296875 0.27941176470588236 0.049218750000000006 0.0913312693498452
1 0.0234375 0.368421052631579 0.0421875 0.12383900928792571
1 0.021484375 0.5007739938080495 0.041406250000000006 0.20897832817337464
1 0.154296875 0.3645510835913313 0.07421875 0.16563467492260062
1 0.09335937500000001 0.25 0.03671875 0.06656346749226007
1 0.103515625 0.33746130030959753 0.04609375 0.09597523219814243
1 0.15234375 0.2577399380804954 0.029687500000000002 0.06346749226006192
1 0.174609375 0.20743034055727555 0.02734375 0.052631578947368425
1 0.17500000000000002 0.17337461300309598 0.021875000000000002 0.05882352941176471
1 0.2171875 0.25696594427244585 0.0390625 0.07430340557275542
1 0.23515625 0.3343653250773994 0.05 0.10526315789473685
1 0.27968750000000003 0.29256965944272445 0.035937500000000004 0.09287925696594428
1 0.308203125 0.3103715170278638 0.032031250000000004 0.07275541795665635
1 0.35390625000000003 0.47832817337461303 0.10625000000000001 0.23529411764705885
1 0.408984375 0.41563467492260064 0.06328125 0.14396284829721362
1 0.41953125 0.2848297213622291 0.040625 0.11145510835913314
1 0.547265625 0.3405572755417957 0.03671875 0.08978328173374614
1 0.5457031250000001 0.2979876160990712 0.03359375 0.07275541795665635
1 0.595703125 0.32585139318885453 0.06328125 0.13157894736842107
1 0.5066406250000001 0.0998452012383901 0.030468750000000003 0.06346749226006192
1 0.693359375 0.32585139318885453 0.03828125 0.09442724458204335
1 0.685546875 0.43730650154798767 0.07421875 0.13157894736842107
1 0.7296875 0.630030959752322 0.1390625 0.31578947368421056
1 0.8148437500000001 0.3746130030959752 0.059375000000000004 0.1455108359133127
1 0.7859375000000001 0.33049535603715174 0.0390625 0.1130030959752322
1 0.8656250000000001 0.29024767801857587 0.0421875 0.09442724458204335
1 0.93671875 0.3212074303405573 0.053125000000000006 0.1130030959752322
