1 0.24134312696747115 0.3862781954887218 0.04826862539349423 0.09962406015037593
1 0.23032528856243442 0.2349624060150376 0.026232948583420776 0.045112781954887216
1 0.3405036726128017 0.2424812030075188 0.017838405036726127 0.03007518796992481
1 0.4045120671563484 0.18609022556390975 0.01993704092339979 0.03759398496240601
1 0.48845750262329485 0.19736842105263158 0.015739769150052468 0.03007518796992481
1 0.5157397691500525 0.18421052631578946 0.017838405036726127 0.03759398496240601
1 0.5766002098635887 0.3073308270676692 0.024134312696747116 0.05451127819548872
1 0.6133263378803778 0.16541353383458646 0.015739769150052468 0.02631578947368421
1 0.8378803777544597 0.22556390977443608 0.01993704092339979 0.045112781954887216
1 0.8866736621196223 0.14661654135338345 0.012591815320041973 0.03007518796992481
