1 0.8734375000000001 0.4415041782729805 0.05 0.10306406685236769
1 0.571875 0.5779944289693594 0.046875 0.09192200557103064
1 0.5109375 0.5445682451253482 0.05625 0.10863509749303621
1 0.4140625 0.5821727019498607 0.0625 0.11142061281337047
1 0.421875 0.5278551532033426 0.053125000000000006 0.09749303621169916
1 0.32656250000000003 0.5947075208913649 0.0625 0.11977715877437325
1 0.34453125 0.5487465181058496 0.045312500000000006 0.0947075208913649
1 0.25078125 0.5515320334261838 0.0546875 0.0947075208913649
1 0.2734375 0.5473537604456824 0.037500000000000006 0.10306406685236769
1 0.19609375 0.5278551532033426 0.0484375 0.10306406685236769
1 0.14921875 0.596100278551532 0.0546875 0.10027855153203342
1 0.13671875 0.520891364902507 0.0484375 0.08356545961002786
1 0.08359375000000001 0.658774373259053 0.0703125 0.13649025069637882
1 0.0890625 0.552924791086351 0.059375000000000004 0.10306406685236769
1 0.022656250000000003 0.6671309192200557 0.0421875 0.1532033426183844
1 0.01171875 0.5306406685236769 0.0203125 0.10863509749303621
1 0.025 0.5125348189415042 0.037500000000000006 0.0947075208913649
