1 0.10923076923076923 0.4284064665127021 0.07538461538461538 0.11778290993071594
1 0.16307692307692306 0.365473441108545 0.04923076923076923 0.05889145496535797
1 0.15076923076923077 0.33140877598152424 0.038461538461538464 0.050808314087759814
1 0.2403846153846154 0.40762124711316394 0.07153846153846154 0.08545034642032333
1 0.31461538461538463 0.44399538106235564 0.06615384615384616 0.10277136258660508
1 0.3126923076923077 0.34295612009237875 0.04230769230769231 0.06466512702078522
1 0.29 0.3273672055427252 0.03538461538461538 0.05658198614318707
1 0.4430769230769231 0.384526558891455 0.06153846153846154 0.08775981524249422
1 0.5161538461538462 0.3879907621247113 0.05846153846153846 0.08545034642032333
1 0.5353846153846153 0.20785219399538105 0.03538461538461538 0.07390300230946882
1 0.45076923076923076 0.5554272517321016 0.1 0.16859122401847576
1 0.6215384615384615 0.7673210161662818 0.14307692307692307 0.23210161662817552
1 0.7057692307692308 0.47575057736720555 0.08846153846153847 0.13394919168591224
1 0.8096153846153846 0.45958429561200925 0.057692307692307696 0.09699769053117782
1 0.8388461538461538 0.20554272517321015 0.05615384615384615 0.09006928406466512
1 0.9623076923076923 0.4867205542725173 0.07384615384615384 0.1374133949191686
