1 0.020793726235741446 0.5308277027027027 0.03065589353612167 0.06672297297297297
1 0.16088403041825095 0.5711570945945946 0.05798479087452472 0.1102195945945946
1 0.16623098859315588 0.47614020270270274 0.03493346007604563 0.06967905405405406
1 0.20211501901140685 0.5394847972972974 0.041112167300380226 0.07474662162162163
1 0.10111692015209126 0.6072635135135136 0.04348859315589353 0.07347972972972973
1 0.25249524714828897 0.5922719594594595 0.07913498098859316 0.1431587837837838
1 0.3216492395437262 0.7407094594594595 0.15185361216730037 0.3597972972972973
1 0.3216492395437262 0.5513091216216216 0.046815589353612165 0.078125
1 0.27970532319391633 0.5346283783783784 0.04134980988593156 0.09206081081081081
1 0.38070342205323193 0.5834037162162162 0.03897338403041825 0.08319256756756757
1 0.3891397338403042 0.5542652027027027 0.03635931558935361 0.06967905405405406
1 0.4426093155893536 0.5842483108108109 0.042538022813688216 0.09163851351351351
1 0.5201996197718631 0.6140202702702703 0.0817490494296578 0.16131756756756757
1 0.5756891634980988 0.5749577702702703 0.04063688212927757 0.08572635135135136
1 0.6141872623574145 0.5859375 0.03493346007604563 0.08826013513513514
1 0.5225760456273765 0.42630912162162166 0.029467680608365018 0.06461148648648649
1 0.9028041825095057 0.6085304054054055 0.03897338403041825 0.07094594594594594
1 0.9233602661596958 0.6351351351351352 0.04966730038022814 0.08699324324324324
