1 0.1461794019933555 0.29160739687055476 0.016611295681063124 0.042674253200568994
1 0.18687707641196014 0.2745376955903272 0.029900332225913623 0.05689900426742532
1 0.24875415282392027 0.23257467994310102 0.022425249169435217 0.03556187766714083
1 0.2728405315614618 0.22190611664295876 0.02408637873754153 0.04836415362731152
1 0.2956810631229236 0.22546230440967285 0.026578073089700997 0.049786628733997154
1 0.31478405315614616 0.2190611664295875 0.024916943521594685 0.05120910384068279
1 0.33139534883720934 0.20839260312944524 0.013289036544850499 0.03556187766714083
1 0.40074750830564787 0.1941678520625889 0.025747508305647843 0.049786628733997154
1 0.3239202657807309 0.31152204836415365 0.04318936877076412 0.08819345661450925
1 0.4206810631229236 0.22190611664295876 0.030730897009966777 0.06258890469416785
1 0.4941860465116279 0.2496443812233286 0.03488372093023256 0.06401137980085349
1 0.5224252491694352 0.26813655761024185 0.03986710963455149 0.06970128022759602
1 0.5901162790697675 0.2844950213371266 0.03737541528239203 0.06827880512091039
