1 0.1459694989106754 0.3916083916083916 0.06535947712418301 0.1258741258741259
1 0.29520697167755994 0.38286713286713286 0.08061002178649239 0.14335664335664336
1 0.44008714596949894 0.3723776223776224 0.07843137254901962 0.12937062937062938
1 0.542483660130719 0.36538461538461536 0.07407407407407408 0.12937062937062938
1 0.6503267973856209 0.34965034965034963 0.05882352941176471 0.1048951048951049
1 0.7875816993464053 0.3548951048951049 0.06753812636165578 0.11538461538461539
1 0.9019607843137256 0.33916083916083917 0.06971677559912855 0.13286713286713286
1 0.8616557734204794 0.14685314685314685 0.06318082788671024 0.11888111888111888
1 0.7788671023965142 0.1520979020979021 0.05882352941176471 0.11538461538461539
1 0.6830065359477124 0.1346153846153846 0.06318082788671024 0.10839160839160839
1 0.6045751633986929 0.12062937062937062 0.06318082788671024 0.12237762237762238
1 0.5021786492374728 0.12237762237762238 0.05882352941176471 0.1048951048951049
1 0.4019607843137255 0.10839160839160839 0.06753812636165578 0.11888111888111888
1 0.2984749455337691 0.11888111888111888 0.07407407407407408 0.13286713286713286
1 0.1917211328976035 0.09965034965034965 0.06971677559912855 0.13636363636363635
1 0.10893246187363835 0.10839160839160839 0.07843137254901962 0.1258741258741259
