1 0.18486055776892432 0.3940677966101695 0.04780876494023904 0.096045197740113
1 0.28804780876494024 0.2761299435028249 0.02151394422310757 0.052259887005649715
1 0.3083665338645418 0.2627118644067797 0.022310756972111555 0.05367231638418079
1 0.3322709163346614 0.2196327683615819 0.020717131474103586 0.038135593220338986
1 0.3537848605577689 0.259180790960452 0.02709163346613546 0.046610169491525424
1 0.400398406374502 0.2711864406779661 0.024701195219123506 0.05367231638418079
1 0.3848605577689243 0.260593220338983 0.022310756972111555 0.046610169491525424
1 0.39322709163346614 0.2274011299435028 0.0199203187250996 0.031073446327683614
1 0.40199203187251 0.1899717514124294 0.018326693227091635 0.03531073446327684
1 0.4203187250996016 0.18008474576271186 0.0199203187250996 0.03531073446327684
1 0.44900398406374503 0.2132768361581921 0.02310756972111554 0.03389830508474576
1 0.48764940239043825 0.2274011299435028 0.022310756972111555 0.0480225988700565
1 0.4474103585657371 0.16807909604519775 0.016733067729083666 0.031073446327683614
1 0.44382470119521916 0.13983050847457626 0.014342629482071713 0.031073446327683614
1 0.5083665338645419 0.18149717514124294 0.02390438247011952 0.038135593220338986
1 0.46334661354581674 0.1596045197740113 0.015139442231075698 0.031073446327683614
1 0.4852589641434263 0.153954802259887 0.01593625498007968 0.031073446327683614
1 0.502390438247012 0.13135593220338984 0.015139442231075698 0.02824858757062147
1 0.5454183266932271 0.163135593220339 0.0199203187250996 0.038135593220338986
1 0.5390438247011953 0.1271186440677966 0.016733067729083666 0.03954802259887005
1 0.5569721115537849 0.18785310734463276 0.02390438247011952 0.03954802259887005
1 0.5525896414342629 0.13983050847457626 0.015139442231075698 0.03389830508474576
1 0.5629482071713148 0.1271186440677966 0.01354581673306773 0.02824858757062147
1 0.5804780876494025 0.1461864406779661 0.016733067729083666 0.03531073446327684
1 0.5884462151394423 0.11864406779661017 0.01354581673306773 0.03389830508474576
1 0.5697211155378487 0.0614406779661017 0.014342629482071713 0.026836158192090395
1 0.6091633466135459 0.15254237288135594 0.016733067729083666 0.03672316384180791
1 0.603187250996016 0.13135593220338984 0.014342629482071713 0.031073446327683614
1 0.6099601593625498 0.11228813559322035 0.01354581673306773 0.026836158192090395
1 0.6370517928286853 0.134180790960452 0.0199203187250996 0.031073446327683614
1 0.6370517928286853 0.0925141242937853 0.015139442231075698 0.03248587570621469
1 0.6462151394422311 0.1193502824858757 0.014342629482071713 0.03248587570621469
1 0.6657370517928287 0.11652542372881355 0.016733067729083666 0.03531073446327684
1 0.6936254980079681 0.1059322033898305 0.018326693227091635 0.031073446327683614
1 0.5406374501992032 0.297316384180791 0.03107569721115538 0.06638418079096045
1 0.5549800796812749 0.2563559322033898 0.02948207171314741 0.052259887005649715
1 0.600398406374502 0.2535310734463277 0.024701195219123506 0.052259887005649715
1 0.601195219123506 0.2111581920903955 0.02310756972111554 0.043785310734463276
1 0.6310756972111554 0.2951977401129943 0.030278884462151396 0.05649717514124294
1 0.649800796812749 0.2718926553672316 0.02310756972111554 0.04943502824858757
1 0.6533864541832669 0.2245762711864407 0.022310756972111555 0.0480225988700565
1 0.6760956175298805 0.192090395480226 0.02310756972111554 0.0480225988700565
1 0.7055776892430279 0.2196327683615819 0.02310756972111554 0.052259887005649715
1 0.8103585657370518 0.4088983050847458 0.03665338645418327 0.0692090395480226
1 0.8828685258964144 0.4018361581920904 0.0398406374501992 0.08050847457627118
1 0.7804780876494024 0.2768361581920904 0.026294820717131476 0.06214689265536723
1 0.7446215139442232 0.2274011299435028 0.03107569721115538 0.05084745762711865
1 0.7151394422310757 0.16807909604519775 0.0199203187250996 0.0423728813559322
1 0.7306772908366534 0.17937853107344634 0.020717131474103586 0.0423728813559322
1 0.751394422310757 0.16666666666666666 0.01752988047808765 0.03954802259887005
1 0.7549800796812749 0.1362994350282486 0.016733067729083666 0.03531073446327684
1 0.7725099601593626 0.2097457627118644 0.016733067729083666 0.043785310734463276
1 0.7772908366533865 0.15889830508474576 0.016733067729083666 0.03248587570621469
1 0.7792828685258965 0.11299435028248588 0.014342629482071713 0.025423728813559324
1 0.8095617529880479 0.23516949152542374 0.020717131474103586 0.04943502824858757
1 0.8143426294820717 0.163135593220339 0.014342629482071713 0.03531073446327684
1 0.8231075697211155 0.20692090395480225 0.02390438247011952 0.046610169491525424
1 0.8334661354581674 0.3206214689265537 0.030278884462151396 0.07062146892655367
1 0.9099601593625498 0.3086158192090395 0.02549800796812749 0.0635593220338983
1 0.9159362549800797 0.2457627118644068 0.027888446215139442 0.05084745762711865
1 0.850597609561753 0.24717514124293785 0.02310756972111554 0.05084745762711865
1 0.8729083665338646 0.22951977401129944 0.02310756972111554 0.05508474576271186
1 0.8059760956175299 0.12429378531073446 0.015139442231075698 0.03389830508474576
1 0.8227091633466136 0.1271186440677966 0.016733067729083666 0.03389830508474576
1 0.852191235059761 0.16031073446327684 0.015139442231075698 0.038135593220338986
1 0.8605577689243028 0.1461864406779661 0.01593625498007968 0.03531073446327684
1 0.8868525896414343 0.182909604519774 0.01752988047808765 0.04096045197740113
1 0.8928286852589642 0.1574858757062147 0.015139442231075698 0.04096045197740113
1 0.8366533864541833 0.18361581920903955 0.01912350597609562 0.03672316384180791
