1 0.03875 0.5471698113207547 0.0675 0.12075471698113208
1 0.0175 0.39433962264150946 0.03 0.05660377358490566
1 0.075 0.4018867924528302 0.04 0.06415094339622641
1 0.10375000000000001 0.36226415094339626 0.0325 0.052830188679245285
1 0.17250000000000001 0.41132075471698115 0.04 0.06792452830188679
1 0.17125 0.3679245283018868 0.0375 0.04905660377358491
1 0.1575 0.5943396226415094 0.09 0.13962264150943396
1 0.28625 0.45849056603773586 0.0525 0.07924528301886792
1 0.25875 0.4018867924528302 0.0375 0.06415094339622641
1 0.365 0.4339622641509434 0.04 0.06792452830188679
1 0.46125 0.5169811320754717 0.0625 0.10566037735849057
1 0.53 0.42641509433962266 0.05 0.09056603773584906
1 0.7937500000000001 0.4169811320754717 0.0725 0.1169811320754717
1 0.895 0.29245283018867924 0.13 0.21509433962264152
