1 0.18190386427898209 0.2775 0.02073515551366635 0.04166666666666667
1 0.23185673892554193 0.2366666666666667 0.016965127238454288 0.03666666666666667
1 0.3251649387370405 0.22916666666666669 0.015080113100848256 0.03166666666666667
1 0.3091423185673893 0.2316666666666667 0.015080113100848256 0.02666666666666667
1 0.34542884071630536 0.23333333333333334 0.019792648444863337 0.03666666666666667
1 0.3760603204524034 0.2366666666666667 0.02073515551366635 0.043333333333333335
1 0.3586239396795476 0.30083333333333334 0.021677662582469368 0.04166666666666667
1 0.39066918001885015 0.2866666666666667 0.02544769085768143 0.04666666666666667
1 0.380301602262017 0.18666666666666668 0.016022620169651274 0.03333333333333333
1 0.39585296889726673 0.18166666666666667 0.015080113100848256 0.03666666666666667
1 0.41517436380772854 0.19666666666666668 0.016022620169651274 0.03666666666666667
1 0.45758718190386427 0.19833333333333333 0.019792648444863337 0.02666666666666667
1 0.4613572101790763 0.2325 0.0235626767200754 0.05166666666666667
1 0.49245994344957583 0.2991666666666667 0.029217719132893494 0.055
1 0.48727615457115925 0.1975 0.024505183788878417 0.045000000000000005
1 0.4491046182846371 0.17666666666666667 0.016022620169651274 0.03333333333333333
1 0.4886899151743638 0.15333333333333335 0.017907634307257305 0.03666666666666667
1 0.5197926484448633 0.17 0.019792648444863337 0.03333333333333333
1 0.5480678605089538 0.16416666666666668 0.019792648444863337 0.03833333333333334
1 0.5885956644674835 0.16666666666666669 0.019792648444863337 0.030000000000000002
1 0.5749293119698398 0.13083333333333333 0.015080113100848256 0.03166666666666667
1 0.619698397737983 0.24583333333333335 0.02544769085768143 0.05166666666666667
1 0.6253534401508011 0.20500000000000002 0.017907634307257305 0.04
1 0.6649387370405277 0.21250000000000002 0.019792648444863337 0.045000000000000005
1 0.6540999057492931 0.2725 0.024505183788878417 0.055
1 0.6960414703110274 0.16166666666666668 0.016022620169651274 0.03333333333333333
1 0.6998114985862394 0.22833333333333336 0.0235626767200754 0.04666666666666667
1 0.7092365692742696 0.2758333333333334 0.0235626767200754 0.045000000000000005
1 0.7554194156456173 0.24083333333333334 0.02544769085768143 0.04833333333333334
1 0.7323279924599434 0.19833333333333333 0.022620169651272386 0.04666666666666667
1 0.769085768143261 0.16083333333333336 0.01885014137606032 0.04166666666666667
1 0.760603204524034 0.3075 0.024505183788878417 0.058333333333333334
1 0.8350612629594721 0.3241666666666667 0.02827521206409048 0.065
1 0.9081055607917059 0.3141666666666667 0.05183788878416588 0.11166666666666668
1 0.9231856738925541 0.23500000000000001 0.019792648444863337 0.05666666666666667
1 0.9604147031102733 0.20083333333333334 0.03204524033930255 0.07833333333333334
