1 0.1015769944341373 0.48507462686567165 0.045454545454545456 0.087893864013267
1 0.27087198515769945 0.24958540630182421 0.014842300556586271 0.03814262023217247
1 0.27968460111317256 0.2562189054726368 0.015769944341372914 0.03482587064676617
1 0.29730983302411873 0.26533996683250416 0.02319109461966605 0.04311774461028192
1 0.35667903525046385 0.26616915422885573 0.021335807050092765 0.04809286898839138
1 0.38358070500927643 0.2885572139303483 0.02504638218923933 0.05306799336650083
1 0.37430426716141 0.2504145936981758 0.021335807050092765 0.03648424543946932
1 0.3840445269016698 0.20398009950248758 0.01855287569573284 0.03316749585406302
1 0.3826530612244898 0.17661691542288557 0.01948051948051948 0.028192371475953566
1 0.4160482374768089 0.1733001658374793 0.0176252319109462 0.03482587064676617
1 0.42578849721706863 0.16086235489220566 0.016697588126159554 0.03316749585406302
1 0.4420222634508349 0.22470978441127695 0.01948051948051948 0.03814262023217247
1 0.45037105751391465 0.18739635157545606 0.021335807050092765 0.04311774461028192
1 0.4642857142857143 0.16086235489220566 0.015769944341372914 0.03316749585406302
1 0.4805194805194805 0.16998341625207297 0.016697588126159554 0.03150912106135987
1 0.4893320964749536 0.1890547263681592 0.021335807050092765 0.03648424543946932
1 0.49165120593692024 0.22719734660033167 0.022263450834879406 0.04311774461028192
1 0.5037105751391465 0.14013266998341625 0.012987012987012988 0.024875621890547265
1 0.5166975881261595 0.15008291873963517 0.014842300556586271 0.028192371475953566
1 0.5074211502782932 0.16832504145936983 0.016697588126159554 0.028192371475953566
1 0.5514842300556586 0.1956882255389718 0.021335807050092765 0.04311774461028192
1 0.5783858998144713 0.16749585406301826 0.0176252319109462 0.03980099502487562
1 0.5542671614100185 0.12106135986733002 0.015769944341372914 0.029850746268656716
1 0.5844155844155844 0.1384742951907131 0.016697588126159554 0.028192371475953566
1 0.6029684601113172 0.13764510779436154 0.016697588126159554 0.03316749585406302
1 0.5987940630797773 0.11359867330016583 0.012059369202226345 0.028192371475953566
1 0.5964749536178108 0.0978441127694859 0.011131725417439703 0.026533996683250415
1 0.615491651205937 0.10530679933665009 0.012059369202226345 0.024875621890547265
1 0.641465677179963 0.1318407960199005 0.013914656771799629 0.024875621890547265
1 0.641465677179963 0.09701492537313433 0.013914656771799629 0.024875621890547265
1 0.6632653061224489 0.10530679933665009 0.014842300556586271 0.03150912106135987
1 0.685064935064935 0.10945273631840796 0.013914656771799629 0.029850746268656716
1 0.551948051948052 0.1691542288557214 0.016697588126159554 0.023217247097844115
1 0.5287569573283859 0.2802653399668325 0.025974025974025976 0.05306799336650083
1 0.5426716141001855 0.3167495854063018 0.02411873840445269 0.05306799336650083
1 0.5681818181818182 0.25290215588723053 0.026901669758812616 0.05472636815920398
1 0.6219851576994434 0.2470978441127695 0.02319109461966605 0.05638474295190713
1 0.6312615955473099 0.208955223880597 0.02319109461966605 0.04311774461028192
1 0.6484230055658627 0.17910447761194032 0.022263450834879406 0.04311774461028192
1 0.6688311688311689 0.20729684908789386 0.022263450834879406 0.04975124378109453
1 0.6883116883116883 0.22553897180762852 0.020408163265306124 0.04643449419568823
1 0.6934137291280148 0.16998341625207297 0.021335807050092765 0.04477611940298508
1 0.6822820037105751 0.175787728026534 0.0176252319109462 0.04311774461028192
1 0.7365491651205937 0.11774461028192372 0.012987012987012988 0.03980099502487562
1 0.7430426716141002 0.14759535655058043 0.016697588126159554 0.03648424543946932
1 0.7379406307977736 0.1724709784411277 0.015769944341372914 0.03316749585406302
1 0.7282003710575139 0.20812603648424544 0.020408163265306124 0.04477611940298508
1 0.7527829313543599 0.21227197346600332 0.021335807050092765 0.04975124378109453
1 0.7787569573283859 0.18076285240464346 0.01948051948051948 0.04643449419568823
1 0.762987012987013 0.13018242122719734 0.015769944341372914 0.03150912106135987
1 0.7824675324675325 0.13930348258706468 0.015769944341372914 0.03648424543946932
1 0.8038033395176253 0.14427860696517414 0.015769944341372914 0.03980099502487562
1 0.724025974025974 0.2537313432835821 0.030612244897959183 0.06633499170812604
1 0.685064935064935 0.3142620232172471 0.036178107606679034 0.06799336650082918
1 0.6164192949907236 0.3117744610281924 0.030612244897959183 0.06301824212271974
1 0.75139146567718 0.33250414593698174 0.0352504638218924 0.0746268656716418
1 0.7824675324675325 0.2703150912106136 0.02319109461966605 0.05638474295190713
1 0.8056586270871985 0.2620232172470979 0.021335807050092765 0.05970149253731343
1 0.8246753246753247 0.20398009950248758 0.020408163265306124 0.05306799336650083
1 0.8302411873840445 0.14676616915422885 0.012987012987012988 0.03150912106135987
1 0.8302411873840445 0.12437810945273632 0.012987012987012988 0.026533996683250415
1 0.8483302411873841 0.17495854063018243 0.0176252319109462 0.04477611940298508
1 0.8594619666048238 0.1318407960199005 0.010204081632653062 0.02155887230514096
1 0.8603896103896104 0.15339966832504145 0.012059369202226345 0.028192371475953566
1 0.8715213358070502 0.20480928689883915 0.021335807050092765 0.04809286898839138
1 0.8835807050092764 0.16003316749585406 0.013914656771799629 0.03482587064676617
1 0.891465677179963 0.17495854063018243 0.01855287569573284 0.04477611940298508
1 0.8928571428571429 0.13764510779436154 0.013914656771799629 0.03316749585406302
1 0.7949907235621522 0.39718076285240467 0.03896103896103896 0.0812603648424544
1 0.8362708719851577 0.31592039800995025 0.0287569573283859 0.06467661691542288
1 0.8576066790352505 0.2570480928689884 0.026901669758812616 0.05970149253731343
1 0.891465677179963 0.35323383084577115 0.03896103896103896 0.08291873963515754
1 0.9169758812615956 0.3043117744610282 0.03246753246753247 0.06799336650082918
1 0.9081632653061225 0.25456053067993367 0.020408163265306124 0.04809286898839138
1 0.916048237476809 0.23134328358208955 0.015769944341372914 0.04145936981757877
1 0.9174397031539889 0.20315091210613598 0.014842300556586271 0.03150912106135987
1 0.9313543599257885 0.15339966832504145 0.00927643784786642 0.01824212271973466
