1 0.04975124378109453 0.4149532710280374 0.023217247097844115 0.06355140186915888
1 0.061774461028192375 0.48971962616822434 0.02404643449419569 0.07102803738317758
1 0.12023217247097845 0.6177570093457945 0.03482587064676617 0.07663551401869159
1 0.208955223880597 0.44485981308411215 0.026533996683250415 0.06728971962616823
1 0.2027363184079602 0.3560747663551402 0.02404643449419569 0.06168224299065421
1 0.23756218905472637 0.2990654205607477 0.020729684908789386 0.052336448598130844
1 0.16832504145936983 0.27009345794392525 0.01658374792703151 0.05046728971962617
1 0.11857379767827529 0.197196261682243 0.014925373134328358 0.04299065420560748
1 0.0439469320066335 0.22990654205607478 0.014925373134328358 0.029906542056074768
1 0.15298507462686567 0.14953271028037385 0.014096185737976783 0.03738317757009346
1 0.162106135986733 0.17570093457943925 0.014096185737976783 0.041121495327102804
1 0.18159203980099503 0.20093457943925233 0.014925373134328358 0.04672897196261683
1 0.21558872305140964 0.1383177570093458 0.014925373134328358 0.048598130841121495
1 0.25538971807628524 0.12710280373831775 0.02155887230514096 0.041121495327102804
1 0.2835820895522388 0.18785046728971963 0.014925373134328358 0.03925233644859813
1 0.28814262023217246 0.16074766355140188 0.014096185737976783 0.041121495327102804
1 0.32587064676616917 0.21401869158878506 0.01824212271973466 0.04299065420560748
1 0.35074626865671643 0.2177570093457944 0.01658374792703151 0.04299065420560748
1 0.3822553897180763 0.16822429906542058 0.014925373134328358 0.04485981308411215
1 0.35945273631840796 0.08037383177570094 0.012437810945273632 0.03738317757009346
1 0.392620232172471 0.08317757009345794 0.01077943615257048 0.03177570093457944
1 0.42786069651741293 0.17476635514018693 0.014925373134328358 0.03551401869158879
1 0.4672470978441128 0.27476635514018694 0.017412935323383085 0.052336448598130844
1 0.5609452736318408 0.4822429906542056 0.02902155887230514 0.07102803738317758
1 0.4349087893864013 0.07943925233644861 0.01077943615257048 0.03551401869158879
1 0.46683250414593697 0.12616822429906543 0.014925373134328358 0.03551401869158879
1 0.4709784411276949 0.1616822429906542 0.014925373134328358 0.03925233644859813
1 0.4830016583747927 0.11121495327102804 0.017412935323383085 0.03925233644859813
1 0.48258706467661694 0.06074766355140187 0.011608623548922057 0.028037383177570093
1 0.5132669983416253 0.09813084112149534 0.013266998341625208 0.028037383177570093
1 0.5049751243781094 0.17757009345794394 0.014925373134328358 0.03738317757009346
1 0.4830016583747927 0.22149532710280376 0.015754560530679935 0.04672897196261683
1 0.5451907131011609 0.30280373831775703 0.020729684908789386 0.052336448598130844
1 0.5580431177446104 0.1635514018691589 0.013266998341625208 0.03551401869158879
1 0.5804311774461028 0.20093457943925233 0.01658374792703151 0.04672897196261683
1 0.6218905472636816 0.23925233644859814 0.01824212271973466 0.04485981308411215
1 0.5443615257048093 0.07102803738317758 0.012437810945273632 0.029906542056074768
1 0.5986733001658375 0.12990654205607477 0.014925373134328358 0.03551401869158879
1 0.5849917081260365 0.08878504672897197 0.00912106135986733 0.024299065420560748
1 0.6285240464344942 0.10747663551401869 0.013266998341625208 0.03177570093457944
1 0.6637645107794362 0.14299065420560747 0.01077943615257048 0.03551401869158879
1 0.7135157545605307 0.2074766355140187 0.019071310116086235 0.04485981308411215
1 0.7201492537313433 0.2757009345794393 0.020729684908789386 0.04672897196261683
1 0.6923714759535655 0.34112149532710284 0.01990049751243781 0.05420560747663552
1 0.7985074626865671 0.38224299065420564 0.01824212271973466 0.05794392523364486
1 0.7819237147595357 0.205607476635514 0.01658374792703151 0.03738317757009346
1 0.8237976782752903 0.22616822429906544 0.015754560530679935 0.03364485981308411
1 0.8665008291873963 0.2766355140186916 0.014925373134328358 0.03738317757009346
1 0.8864013266998342 0.3018691588785047 0.01658374792703151 0.04672897196261683
1 0.9432006633499171 0.3766355140186916 0.019071310116086235 0.04672897196261683
