1 0.11638655462184874 0.5408895265423243 0.03781512605042017 0.07460545193687232
1 0.2184873949579832 0.3314203730272597 0.016806722689075633 0.03156384505021521
1 0.24663865546218489 0.3357245337159254 0.01764705882352941 0.03730272596843616
1 0.273109243697479 0.3615494978479197 0.016806722689075633 0.03443328550932569
1 0.3239495798319328 0.35581061692969873 0.02100840336134454 0.03443328550932569
1 0.27563025210084036 0.3005738880918221 0.015126050420168069 0.03586800573888092
1 0.3420168067226891 0.31779053084648495 0.013445378151260505 0.030129124820659974
1 0.3453781512605042 0.2833572453371593 0.015126050420168069 0.030129124820659974
1 0.37731092436974795 0.32281205164992827 0.011764705882352941 0.03156384505021521
1 0.4 0.32137733142037306 0.016806722689075633 0.03156384505021521
1 0.4369747899159664 0.32424677187948353 0.016806722689075633 0.03730272596843616
1 0.3978991596638656 0.29124820659971307 0.014285714285714287 0.028694404591104734
1 0.3878151260504202 0.2496413199426112 0.014285714285714287 0.02582496413199426
1 0.40336134453781514 0.26614060258249644 0.011764705882352941 0.024390243902439025
1 0.41638655462184876 0.2517934002869441 0.01092436974789916 0.021520803443328552
1 0.4373949579831933 0.25251076040172166 0.01092436974789916 0.02582496413199426
1 0.4647058823529412 0.2962697274031564 0.013445378151260505 0.027259684361549498
1 0.4966386554621849 0.3149210903873745 0.015126050420168069 0.030129124820659974
1 0.45294117647058824 0.23888091822094693 0.011764705882352941 0.021520803443328552
1 0.4827731092436975 0.25609756097560976 0.014285714285714287 0.027259684361549498
1 0.49747899159663866 0.2503586800573888 0.011764705882352941 0.021520803443328552
1 0.5142857142857143 0.26255380200860834 0.013445378151260505 0.03156384505021521
1 0.55 0.2733142037302726 0.012605042016806723 0.027259684361549498
1 0.4243697478991597 0.29913916786226685 0.015126050420168069 0.03299856527977044
1 0.46176470588235297 0.22525107604017217 0.01092436974789916 0.02295552367288379
1 0.5151260504201681 0.22955523672883787 0.011764705882352941 0.028694404591104734
1 0.5365546218487395 0.2374461979913917 0.012605042016806723 0.027259684361549498
1 0.5663865546218487 0.2582496413199426 0.013445378151260505 0.03156384505021521
1 0.5609243697478992 0.20731707317073172 0.009243697478991597 0.021520803443328552
1 0.5672268907563025 0.22309899569583932 0.011764705882352941 0.024390243902439025
1 0.5794117647058824 0.23529411764705885 0.01092436974789916 0.020086083213773316
1 0.5920168067226891 0.2460545193687231 0.014285714285714287 0.024390243902439025
1 0.6449579831932774 0.23457675753228122 0.01092436974789916 0.021520803443328552
1 0.669327731092437 0.22094691535150646 0.009243697478991597 0.020086083213773316
1 0.6831932773109244 0.21664275466284075 0.011764705882352941 0.02582496413199426
1 0.6659663865546219 0.20014347202295554 0.01092436974789916 0.021520803443328552
1 0.6340336134453782 0.21951219512195122 0.012605042016806723 0.02582496413199426
1 0.623109243697479 0.2109038737446198 0.012605042016806723 0.02295552367288379
1 0.6016806722689076 0.2109038737446198 0.011764705882352941 0.028694404591104734
1 0.6025210084033614 0.19583931133428983 0.011764705882352941 0.024390243902439025
1 0.47983193277310926 0.3672883787661406 0.025210084033613446 0.05164992826398852
1 0.5411764705882354 0.3938307030129125 0.02689075630252101 0.05021520803443329
1 0.5336134453781513 0.3550932568149211 0.02689075630252101 0.04447632711621234
1 0.5907563025210084 0.35724533715925394 0.02184873949579832 0.04878048780487805
1 0.6054621848739496 0.4175035868005739 0.024369747899159664 0.06025824964131995
1 0.6294117647058823 0.4562410329985653 0.030252100840336138 0.06025824964131995
1 0.7021008403361345 0.5286944045911047 0.031092436974789917 0.07030129124820661
1 0.8327731092436975 0.5064562410329986 0.030252100840336138 0.06599713055954089
1 0.5957983193277311 0.3163558106169297 0.02184873949579832 0.04160688665710187
1 0.6428571428571429 0.32783357245337164 0.023529411764705882 0.04447632711621234
1 0.6281512605042017 0.2955523672883788 0.019327731092436976 0.04017216642754663
1 0.665546218487395 0.2704447632711621 0.018487394957983194 0.038737446197991396
1 0.6890756302521008 0.28981348637015786 0.015126050420168069 0.03730272596843616
1 0.7109243697478992 0.2833572453371593 0.015126050420168069 0.038737446197991396
1 0.7050420168067227 0.24031563845050216 0.015126050420168069 0.038737446197991396
1 0.7298319327731093 0.24820659971305598 0.01596638655462185 0.03443328550932569
1 0.7319327731092438 0.22812051649928264 0.013445378151260505 0.03443328550932569
1 0.7483193277310924 0.21951219512195122 0.014285714285714287 0.03156384505021521
1 0.7592436974789917 0.25466284074605455 0.012605042016806723 0.030129124820659974
1 0.7773109243697479 0.2733142037302726 0.015126050420168069 0.030129124820659974
1 0.7852941176470589 0.2539454806312769 0.012605042016806723 0.02582496413199426
1 0.7802521008403361 0.22740315638450503 0.01596638655462185 0.03299856527977044
1 0.6626050420168068 0.3737446197991392 0.024369747899159664 0.05308464849354376
1 0.6865546218487395 0.35437589670014347 0.02184873949579832 0.04878048780487805
1 0.7252100840336135 0.3931133428981349 0.025210084033613446 0.05164992826398852
1 0.7865546218487396 0.4167862266857963 0.02689075630252101 0.05595408895265423
1 0.8487394957983194 0.44978479196556675 0.030252100840336138 0.061692969870875185
1 0.9243697478991597 0.4562410329985653 0.02689075630252101 0.054519368723098996
1 0.9180672268907564 0.3866571018651363 0.022689075630252103 0.04447632711621234
1 0.861764705882353 0.3708751793400287 0.02100840336134454 0.05308464849354376
1 0.8138655462184874 0.3486370157819225 0.022689075630252103 0.043041606886657105
1 0.815966386554622 0.28981348637015786 0.016806722689075633 0.03156384505021521
1 0.811344537815126 0.23601147776183645 0.014285714285714287 0.030129124820659974
1 0.8441176470588235 0.24677187948350074 0.01092436974789916 0.02295552367288379
1 0.8500000000000001 0.2654232424677188 0.012605042016806723 0.02582496413199426
1 0.8449579831932773 0.296987087517934 0.014285714285714287 0.03730272596843616
1 0.8714285714285714 0.327116212338594 0.016806722689075633 0.03156384505021521
1 0.8718487394957983 0.2453371592539455 0.014285714285714287 0.03156384505021521
1 0.896218487394958 0.2682926829268293 0.012605042016806723 0.028694404591104734
1 0.8928571428571429 0.31061692969870874 0.014285714285714287 0.03299856527977044
1 0.9336134453781513 0.34576757532281205 0.016806722689075633 0.04017216642754663
1 0.9151260504201681 0.3005738880918221 0.013445378151260505 0.03299856527977044
1 0.9365546218487395 0.2998565279770445 0.014285714285714287 0.02582496413199426
1 0.9378151260504203 0.2582496413199426 0.013445378151260505 0.03156384505021521
