1 0.19813953488372094 0.5083194675540765 0.04093023255813954 0.0848585690515807
1 0.10883720930232559 0.324459234608985 0.018604651162790697 0.036605657237936774
1 0.2548837209302326 0.2271214642262895 0.014883720930232559 0.028286189683860232
1 0.42418604651162795 0.22296173044925124 0.01674418604651163 0.036605657237936774
1 0.4567441860465117 0.2271214642262895 0.018604651162790697 0.03161397670549085
1 0.42697674418604653 0.2770382695507488 0.018604651162790697 0.04159733777038269
1 0.48837209302325585 0.3136439267886855 0.026046511627906978 0.04159733777038269
1 0.541860465116279 0.36605657237936773 0.023255813953488372 0.04326123128119801
1 0.7116279069767443 0.15224625623960067 0.01674418604651163 0.03494176372712147
1 0.7413953488372094 0.15557404326123128 0.014883720930232559 0.03161397670549085
1 0.8748837209302326 0.2221297836938436 0.015813953488372095 0.03826955074875208
