1 0.9 0.5523076923076923 0.02666666666666667 0.052307692307692305
1 0.8408333333333334 0.6015384615384616 0.021666666666666667 0.046153846153846156
1 0.8158333333333334 0.5815384615384616 0.021666666666666667 0.043076923076923075
1 0.7625000000000001 0.563076923076923 0.028333333333333335 0.055384615384615386
1 0.8600000000000001 0.5461538461538461 0.02 0.046153846153846156
1 0.9316666666666668 0.5969230769230769 0.016666666666666666 0.043076923076923075
1 0.6491666666666667 0.5553846153846154 0.015000000000000001 0.027692307692307693
1 0.5575 0.556923076923077 0.018333333333333333 0.03692307692307692
1 0.5491666666666667 0.5723076923076923 0.015000000000000001 0.024615384615384615
1 0.4916666666666667 0.5661538461538461 0.013333333333333334 0.024615384615384615
1 0.47000000000000003 0.583076923076923 0.01 0.021538461538461538
1 0.4566666666666667 0.5784615384615385 0.01 0.01846153846153846
1 0.40166666666666667 0.5661538461538461 0.01 0.01846153846153846
1 0.2758333333333334 0.5769230769230769 0.021666666666666667 0.04
1 0.43833333333333335 0.5661538461538461 0.01 0.024615384615384615
1 0.4133333333333334 0.563076923076923 0.01 0.01846153846153846
1 0.029166666666666667 0.5738461538461539 0.015000000000000001 0.027692307692307693
1 0.0775 0.5969230769230769 0.015000000000000001 0.024615384615384615
1 0.1 0.5892307692307692 0.013333333333333334 0.027692307692307693
1 0.11583333333333334 0.5769230769230769 0.011666666666666667 0.033846153846153845
1 0.12833333333333335 0.5738461538461539 0.013333333333333334 0.027692307692307693
1 0.16833333333333333 0.58 0.013333333333333334 0.027692307692307693
