1 0.21153846153846154 0.8416666666666667 0.11025641025641025 0.20833333333333334
1 0.358974358974359 0.7291666666666666 0.08205128205128205 0.15
1 0.49615384615384617 0.9125 0.12051282051282051 0.175
1 0.26282051282051283 0.6833333333333333 0.07948717948717948 0.125
1 0.258974358974359 0.6208333333333333 0.07179487179487179 0.125
1 0.2141025641025641 0.6125 0.0641025641025641 0.10833333333333334
1 0.16923076923076924 0.5875 0.05128205128205128 0.1
1 0.4897435897435897 0.4979166666666667 0.041025641025641026 0.07916666666666666
1 0.5961538461538461 0.5583333333333333 0.05384615384615385 0.1
1 0.6653846153846154 0.5895833333333333 0.05384615384615385 0.09583333333333333
1 0.7012820512820512 0.6354166666666666 0.0641025641025641 0.1125
1 0.8307692307692308 0.6458333333333334 0.07692307692307693 0.15
