1 0.38125000000000003 0.4166666666666667 0.0375 0.06818181818181818
1 0.6125 0.4734848484848485 0.035 0.06060606060606061
1 0.7475 0.6401515151515151 0.03 0.05303030303030303
1 0.78125 0.6723484848484849 0.0325 0.05681818181818182
1 0.82375 0.6723484848484849 0.0325 0.06439393939393939
1 0.84875 0.7253787878787878 0.0375 0.07196969696969698
1 0.8975 0.7481060606060607 0.055 0.0946969696969697
1 0.19125 0.9356060606060607 0.0975 0.12878787878787878
1 0.215 0.8636363636363636 0.075 0.11363636363636365
1 0.225 0.7840909090909091 0.06 0.09848484848484848
1 0.26125 0.6477272727272727 0.0375 0.06060606060606061
1 0.23875000000000002 0.6136363636363636 0.0275 0.03787878787878788
1 0.2025 0.7272727272727273 0.05 0.06818181818181818
