1 0.0768595041322314 0.47022332506203474 0.14380165289256197 0.27543424317617865
1 0.25950413223140495 0.7158808933002482 0.17851239669421487 0.38461538461538464
1 0.43388429752066116 0.445409429280397 0.14049586776859505 0.21588089330024815
1 0.34793388429752065 0.24937965260545905 0.11074380165289256 0.19602977667493796
1 0.4041322314049587 0.14392059553349876 0.08429752066115702 0.16377171215880892
1 0.16033057851239668 0.13523573200992556 0.08264462809917356 0.15632754342431762
1 0.31074380165289256 0.034739454094292806 0.06942148760330578 0.06451612903225806
1 0.6801652892561983 0.08933002481389578 0.08429752066115702 0.16377171215880892
1 0.768595041322314 0.7543424317617866 0.19834710743801653 0.3076923076923077
1 0.9322314049586776 0.13647642679900746 0.0859504132231405 0.15384615384615385
1 0.9628099173553719 0.024813895781637715 0.05454545454545454 0.04466501240694789
1 0.7793388429752066 0.03225806451612903 0.07107438016528926 0.05955334987593052
