1 0.4807121661721068 0.18861209964412812 0.025717111770524232 0.05338078291814946
1 0.5089020771513353 0.2615658362989324 0.03461918892185954 0.06405693950177936
1 0.536597428288823 0.199288256227758 0.02274975272007913 0.03558718861209964
1 0.6211671612265084 0.19572953736654802 0.019782393669634024 0.03914590747330961
1 0.6706231454005934 0.21174377224199287 0.017804154302670624 0.03558718861209964
1 0.6562809099901088 0.19306049822064056 0.012858555885262116 0.030249110320284697
1 0.6592482690405539 0.24911032028469748 0.020771513353115726 0.0498220640569395
1 0.6963402571711177 0.19750889679715303 0.017804154302670624 0.03558718861209964
1 0.7433234421364985 0.2001779359430605 0.018793273986152322 0.03380782918149466
1 0.7156280909990108 0.26334519572953735 0.02472799208704253 0.0498220640569395
1 0.7660731948565777 0.23398576512455516 0.018793273986152322 0.04448398576512455
1 0.8155291790306627 0.251779359430605 0.018793273986152322 0.04448398576512455
1 0.7339268051434223 0.35409252669039143 0.02373887240356083 0.07117437722419928
1 0.8120672601384767 0.3905693950177936 0.029673590504451036 0.07651245551601422
1 0.8877349159248269 0.41370106761565834 0.028684470820969338 0.08362989323843416
