1 0.18487928843710294 0.2522624434389141 0.029224904701397714 0.047511312217194575
1 0.2668360864040661 0.22963800904977377 0.02287166454891995 0.04298642533936652
1 0.3094027954256671 0.21153846153846156 0.026683608640406607 0.05203619909502263
1 0.32719186785260485 0.21945701357466066 0.026683608640406607 0.05429864253393665
1 0.33862770012706483 0.1900452488687783 0.024142312579415504 0.04524886877828055
1 0.35069885641677256 0.26244343891402716 0.03303684879288437 0.07239819004524888
1 0.39008894536213473 0.21153846153846156 0.025412960609911057 0.05203619909502263
1 0.39135959339263027 0.16968325791855204 0.02795425667090216 0.05429864253393665
1 0.4282083862770013 0.18778280542986428 0.02795425667090216 0.0497737556561086
1 0.4822109275730623 0.17873303167420815 0.021601016518424398 0.05429864253393665
1 0.5527318932655655 0.20361990950226247 0.03303684879288437 0.06334841628959277
1 0.6200762388818297 0.2522624434389141 0.03811944091486658 0.06561085972850679
