1 0.032940019665683384 0.2946273830155979 0.018682399213372666 0.03466204506065858
1 0.2281219272369715 0.16724436741767765 0.017699115044247787 0.03986135181975736
1 0.28269419862340217 0.2261698440207972 0.02064896755162242 0.04332755632582322
1 0.33972468043264503 0.207105719237435 0.018682399213372666 0.04332755632582322
1 0.36529006882989185 0.2261698440207972 0.022615535889872175 0.03986135181975736
1 0.38446411012782694 0.2045060658578856 0.017699115044247787 0.04159445407279029
1 0.4026548672566372 0.231369150779896 0.022615535889872175 0.03986135181975736
1 0.4370698131760079 0.21230502599653378 0.022615535889872175 0.05025996533795494
1 0.4690265486725664 0.1897746967071057 0.015732546705998034 0.03292894280762565
1 0.41642084562438547 0.14904679376083188 0.014749262536873158 0.031195840554592718
1 0.44542772861356933 0.1412478336221837 0.01376597836774828 0.02946273830155979
1 0.464110127826942 0.15251299826689774 0.019665683382497544 0.038128249566724434
1 0.4906588003933137 0.1611785095320624 0.017699115044247787 0.03466204506065858
1 0.4832841691248771 0.13258232235701906 0.018682399213372666 0.03292894280762565
1 0.5550639134709932 0.17764298093587522 0.02064896755162242 0.04679376083188908
1 0.5825958702064897 0.04592720970537261 0.016715830875122913 0.02946273830155979
1 0.6066863323500492 0.12218370883882149 0.017699115044247787 0.03986135181975736
1 0.6155358898721731 0.10658578856152512 0.01376597836774828 0.025996533795493933
1 0.6420845624385447 0.10398613518197573 0.01376597836774828 0.02772963604852686
1 0.655850540806293 0.10311958405545926 0.011799410029498525 0.02946273830155979
1 0.596361848574238 0.23050259965337955 0.024582104228121928 0.04506065857885615
1 0.6238938053097346 0.23223570190641246 0.026548672566371685 0.05892547660311958
1 0.6597836774827925 0.23310225303292892 0.02753195673549656 0.04679376083188908
1 0.6966568338249755 0.1655112651646447 0.02064896755162242 0.03986135181975736
1 0.7330383480825959 0.1611785095320624 0.02064896755162242 0.04159445407279029
1 0.7335299901671584 0.14384748700173308 0.01376597836774828 0.031195840554592718
1 0.7281219272369716 0.2270363951473137 0.024582104228121928 0.04852686308492201
1 0.7915437561455261 0.31022530329289427 0.029498525073746316 0.06932409012131716
1 0.9085545722713865 0.3483535528596187 0.02753195673549656 0.06932409012131716
1 0.8554572271386431 0.20363951473136915 0.015732546705998034 0.04332755632582322
1 0.8879056047197641 0.23656845753899478 0.021632251720747297 0.04679376083188908
1 0.888888888888889 0.20537261698440207 0.015732546705998034 0.03292894280762565
1 0.8726647000983284 0.16637781629116116 0.012782694198623403 0.038128249566724434
1 0.8997050147492626 0.18110918544194107 0.01376597836774828 0.03986135181975736
1 0.9223205506391348 0.23830155979202772 0.025565388397246806 0.04679376083188908
1 0.9149459193706981 0.30069324090121313 0.024582104228121928 0.053726169844020795
1 0.9277286135693216 0.20277296360485267 0.018682399213372666 0.038128249566724434
1 0.9365781710914455 0.2019064124783362 0.012782694198623403 0.02946273830155979
1 0.9444444444444445 0.1143847487001733 0.014749262536873158 0.038128249566724434
