1 0.27844311377245506 0.5059880239520959 0.0778443113772455 0.1377245508982036
1 0.5139720558882235 0.5104790419161677 0.09381237524950099 0.1347305389221557
1 0.4860279441117764 0.44011976047904194 0.0778443113772455 0.10778443113772455
1 0.4710578842315369 0.29940119760479045 0.06387225548902195 0.11976047904191617
1 0.5518962075848303 0.22754491017964074 0.05389221556886227 0.10778443113772455
1 0.6676646706586826 0.4191616766467066 0.08982035928143711 0.14371257485029942
1 0.6776447105788422 0.31137724550898205 0.06986027944111776 0.1377245508982036
1 0.8622754491017963 0.5164670658682635 0.11976047904191615 0.18263473053892218
1 0.8622754491017963 0.3937125748502994 0.08782435129740518 0.11077844311377247
1 0.8502994011976047 0.3098802395209581 0.08383233532934131 0.1287425149700599
1 0.9620758483033931 0.34580838323353297 0.07584830339321356 0.15868263473053892
1 0.7614770459081835 0.18712574850299402 0.05389221556886227 0.09880239520958084
1 0.8033932135728542 0.1347305389221557 0.06187624750499002 0.10179640718562875
1 0.8672654690618762 0.0658682634730539 0.049900199600798396 0.08982035928143713
1 0.9820359281437125 0.12125748502994013 0.03592814371257485 0.07485029940119761
1 0.7025948103792414 0.029940119760479042 0.03992015968063872 0.05389221556886228
1 0.7664670658682634 0.028443113772455092 0.04391217564870259 0.05089820359281438
1 0.6147704590818363 0.062874251497006 0.04391217564870259 0.07185628742514971
1 0.5479041916167664 0.09580838323353294 0.041916167664670656 0.07185628742514971
1 0.5059880239520957 0.08233532934131738 0.03393213572854291 0.0688622754491018
1 0.49500998003992014 0.040419161676646706 0.031936127744510975 0.05089820359281438
1 0.4401197604790419 0.08233532934131738 0.041916167664670656 0.062874251497006
1 0.4610778443113772 0.15868263473053892 0.05189620758483034 0.08383233532934133
1 0.39121756487025944 0.1032934131736527 0.05189620758483034 0.09281437125748504
1 0.3952095808383233 0.04940119760479042 0.04391217564870259 0.0688622754491018
1 0.2934131736526946 0.05239520958083833 0.03992015968063872 0.062874251497006
1 0.29041916167664666 0.1062874251497006 0.041916167664670656 0.07485029940119761
1 0.2734530938123752 0.19610778443113774 0.04790419161676646 0.08682634730538923
1 0.18562874251497005 0.15868263473053892 0.07584830339321356 0.125748502994012
1 0.1087824351297405 0.2440119760479042 0.07385229540918163 0.1287425149700599
1 0.13273453093812373 0.17664670658682635 0.05389221556886227 0.10179640718562875
1 0.19860279441117762 0.04341317365269461 0.03393213572854291 0.062874251497006
1 0.03992015968063872 0.16467065868263475 0.04790419161676646 0.07784431137724551
1 0.060878243512974044 0.08383233532934133 0.03792415169660678 0.07185628742514971
