1 0.8743333333333333 0.3679558011049724 0.03 0.059668508287292824
1 0.6956666666666667 0.4243093922651934 0.024666666666666667 0.041988950276243095
1 0.616 0.3685082872928177 0.025333333333333333 0.04530386740331492
1 0.5953333333333333 0.3685082872928177 0.017333333333333333 0.04309392265193371
1 0.5763333333333334 0.3629834254143647 0.020666666666666667 0.038674033149171276
1 0.566 0.38011049723756907 0.026666666666666665 0.04861878453038675
1 0.5393333333333333 0.3806629834254144 0.030666666666666665 0.06077348066298343
1 0.5133333333333333 0.38508287292817683 0.030666666666666665 0.051933701657458566
1 0.4096666666666667 0.3917127071823205 0.043333333333333335 0.07403314917127073
1 0.3473333333333333 0.40607734806629836 0.052 0.08950276243093923
1 0.26166666666666666 0.3806629834254144 0.05933333333333333 0.1005524861878453
1 0.16733333333333333 0.3988950276243094 0.05733333333333333 0.10607734806629834
1 0.09933333333333333 0.37569060773480667 0.07866666666666666 0.1546961325966851
1 0.045 0.2668508287292818 0.049999999999999996 0.10276243093922653
1 0.146 0.2773480662983426 0.05466666666666666 0.08839779005524863
1 0.23666666666666666 0.28674033149171274 0.044 0.08729281767955802
1 0.2816666666666667 0.2812154696132597 0.038 0.07403314917127073
1 0.2743333333333333 0.21491712707182323 0.03266666666666666 0.06077348066298343
1 0.18466666666666667 0.23204419889502764 0.03333333333333333 0.07513812154696133
1 0.17933333333333332 0.18232044198895028 0.03333333333333333 0.05303867403314917
1 0.13799999999999998 0.18121546961325968 0.032 0.059668508287292824
1 0.12533333333333332 0.23425414364640887 0.034666666666666665 0.07292817679558011
1 0.08299999999999999 0.16795580110497238 0.03933333333333333 0.07292817679558011
1 0.036 0.19005524861878453 0.04133333333333333 0.0707182320441989
1 0.021666666666666667 0.14475138121546963 0.04066666666666666 0.06408839779005525
1 0.3153333333333333 0.24530386740331495 0.028 0.05303867403314917
1 0.35966666666666663 0.2574585635359116 0.03133333333333333 0.05303867403314917
1 0.384 0.2723756906077348 0.025333333333333333 0.04972375690607735
1 0.379 0.23370165745856356 0.022 0.038674033149171276
1 0.39899999999999997 0.23812154696132598 0.016666666666666666 0.04088397790055249
1 0.42 0.28950276243093925 0.028 0.06408839779005525
1 0.437 0.2795580110497238 0.018 0.05082872928176796
1 0.4543333333333333 0.27569060773480664 0.018 0.036464088397790057
1 0.45666666666666667 0.30994475138121547 0.029333333333333333 0.054143646408839785
1 0.48866666666666664 0.3082872928176796 0.024 0.05303867403314917
1 0.48133333333333334 0.2845303867403315 0.018666666666666665 0.04088397790055249
1 0.5113333333333333 0.3165745856353591 0.022666666666666665 0.04751381215469613
1 0.5276666666666666 0.31546961325966855 0.02733333333333333 0.056353591160221
1 0.5506666666666666 0.31767955801104975 0.024 0.04972375690607735
