1 0.1591715976331361 0.4125 0.05088757396449704 0.09583333333333333
1 0.38224852071005916 0.20104166666666667 0.01893491124260355 0.035416666666666666
1 0.42721893491124263 0.2625 0.023668639053254437 0.05416666666666667
1 0.450887573964497 0.228125 0.028402366863905328 0.04791666666666666
1 0.4834319526627219 0.16770833333333332 0.020118343195266272 0.03958333333333333
1 0.5698224852071005 0.13645833333333332 0.015384615384615385 0.027083333333333334
1 0.4621301775147929 0.32916666666666666 0.027218934911242602 0.05416666666666667
1 0.514792899408284 0.290625 0.033136094674556214 0.05625
1 0.6307692307692307 0.24166666666666667 0.023668639053254437 0.05
1 0.6923076923076923 0.18229166666666666 0.016568047337278107 0.04375
