1 0.17125 0.5800000000000001 0.14250000000000002 0.19333333333333336
1 0.09375 0.4266666666666667 0.10250000000000001 0.14666666666666667
1 0.38125000000000003 0.7033333333333334 0.14250000000000002 0.21333333333333335
1 0.295 0.34500000000000003 0.065 0.09666666666666668
1 0.41125 0.3766666666666667 0.0925 0.12000000000000001
1 0.5275 0.33666666666666667 0.045 0.07333333333333333
1 0.6175 0.3516666666666667 0.065 0.09000000000000001
1 0.68 0.4133333333333334 0.095 0.13333333333333333
1 0.7425 0.15666666666666668 0.08 0.12000000000000001
1 0.87875 0.36500000000000005 0.0725 0.11666666666666667
1 0.93125 0.48333333333333334 0.0825 0.14
