1 0.055625 0.8370998116760828 0.08375 0.1261770244821092
1 0.05375 0.9256120527306968 0.08750000000000001 0.1111111111111111
1 0.13125 0.8446327683615819 0.0825 0.12994350282485875
1 0.19375 0.7947269303201506 0.085 0.11299435028248588
1 0.336875 0.9284369114877589 0.11375 0.13559322033898305
1 0.40125 0.9124293785310734 0.065 0.11487758945386063
1 0.393125 0.8192090395480226 0.08375 0.128060263653484
1 0.43875000000000003 0.7994350282485876 0.0675 0.11487758945386063
1 0.6843750000000001 0.5677966101694915 0.07875 0.1374764595103578
1 0.873125 0.8126177024482109 0.07625 0.10734463276836158
1 0.83125 0.7721280602636534 0.0625 0.09792843691148775
1 0.9450000000000001 0.8738229755178908 0.0825 0.13935969868173256
1 0.96375 0.9058380414312618 0.0725 0.15065913370998116
