1 0.16442451420029897 0.3745019920318725 0.03288490284005979 0.06772908366533864
1 0.2047832585949178 0.3695219123505976 0.03886397608370703 0.053784860557768925
1 0.2399103139013453 0.35258964143426297 0.04035874439461883 0.055776892430278883
1 0.41704035874439466 0.5637450199203187 0.11061285500747385 0.16733067729083664
1 0.36771300448430494 0.45717131474103584 0.07772795216741406 0.11354581673306773
1 0.43497757847533636 0.4163346613545817 0.06278026905829596 0.0796812749003984
1 0.35127055306427507 0.3754980079681275 0.044843049327354265 0.05776892430278884
1 0.5672645739910314 0.3645418326693227 0.034379671150971604 0.05179282868525896
1 0.5964125560538117 0.39741035856573703 0.044843049327354265 0.07768924302788845
1 0.6360239162929746 0.40537848605577687 0.055306427503736925 0.0697211155378486
1 0.6285500747384156 0.44621513944223107 0.04633781763826607 0.07569721115537849
1 0.671898355754858 0.4581673306772908 0.055306427503736925 0.099601593625498
1 0.7130044843049328 0.4860557768924303 0.07473841554559044 0.11952191235059761
1 0.7062780269058296 0.6274900398406374 0.15695067264573992 0.1952191235059761
1 0.7855007473841554 0.5727091633466135 0.10911808669656203 0.15338645418326693
