1 0.3055555555555556 0.22709923664122136 0.01851851851851852 0.03816793893129771
1 0.3567538126361656 0.191793893129771 0.01851851851851852 0.02480916030534351
1 0.4052287581699347 0.2032442748091603 0.019607843137254905 0.03244274809160305
1 0.4368191721132898 0.18129770992366412 0.017429193899782137 0.030534351145038167
1 0.4428104575163399 0.2213740458015267 0.020697167755991286 0.03816793893129771
1 0.43355119825708066 0.258587786259542 0.019607843137254905 0.04007633587786259
1 0.4967320261437909 0.21755725190839695 0.02178649237472767 0.04198473282442748
1 0.4825708061002179 0.17080152671755724 0.017429193899782137 0.03244274809160305
1 0.539760348583878 0.16793893129770993 0.01198257080610022 0.022900763358778626
1 0.5544662309368192 0.18225190839694655 0.01525054466230937 0.03244274809160305
1 0.6279956427015251 0.12595419847328243 0.014161220043572986 0.03435114503816794
1 0.6606753812636166 0.18702290076335878 0.016339869281045753 0.022900763358778626
1 0.6236383442265796 0.2166030534351145 0.022875816993464054 0.03625954198473282
1 0.6655773420479304 0.22232824427480916 0.02396514161220044 0.04007633587786259
1 0.7260348583877997 0.23473282442748092 0.022875816993464054 0.03816793893129771
1 0.6710239651416122 0.2929389312977099 0.02396514161220044 0.04389312977099236
1 0.6258169934640524 0.3062977099236641 0.022875816993464054 0.055343511450381674
1 0.6661220043572985 0.36259541984732824 0.027233115468409588 0.06870229007633588
1 0.7957516339869282 0.2881679389312977 0.01851851851851852 0.05343511450381679
1 0.8131808278867103 0.25763358778625955 0.016339869281045753 0.04961832061068702
1 0.8709150326797387 0.2681297709923664 0.020697167755991286 0.04389312977099236
1 0.928649237472767 0.23664122137404578 0.020697167755991286 0.04198473282442748
1 0.9035947712418302 0.33874045801526714 0.025054466230936823 0.06297709923664122
1 0.849128540305011 0.3187022900763359 0.025054466230936823 0.061068702290076333
1 0.9035947712418302 0.4446564885496183 0.03159041394335512 0.0648854961832061
1 0.4586056644880175 0.14217557251908397 0.013071895424836603 0.02862595419847328
