1 0.41666666666666663 0.38503086419753085 0.057291666666666664 0.10648148148148148
1 0.3919270833333333 0.3263888888888889 0.033854166666666664 0.06635802469135801
1 0.3723958333333333 0.2692901234567901 0.026041666666666664 0.05401234567901234
1 0.4509548611111111 0.2770061728395062 0.02517361111111111 0.047839506172839504
1 0.5247395833333333 0.27391975308641975 0.02517361111111111 0.05092592592592592
1 0.55078125 0.3734567901234568 0.03732638888888889 0.07407407407407407
1 0.58203125 0.29398148148148145 0.030381944444444444 0.05092592592592592
1 0.62109375 0.2669753086419753 0.0234375 0.04938271604938271
1 0.8702256944444444 0.29166666666666663 0.17621527777777776 0.2777777777777778
1 0.2903645833333333 0.3179012345679012 0.030381944444444444 0.06172839506172839
1 0.2339409722222222 0.3672839506172839 0.0390625 0.08024691358024691
1 0.20529513888888887 0.3101851851851852 0.02690972222222222 0.05246913580246913
1 0.14583333333333331 0.3395061728395061 0.029513888888888888 0.06172839506172839
1 0.15060763888888887 0.3140432098765432 0.02517361111111111 0.047839506172839504
1 0.1349826388888889 0.28703703703703703 0.021701388888888888 0.043209876543209874
1 0.11328125 0.283179012345679 0.02517361111111111 0.06018518518518518
1 0.0681423611111111 0.29166666666666663 0.02690972222222222 0.043209876543209874
1 0.024305555555555552 0.31481481481481477 0.029513888888888888 0.05864197530864197
1 0.022135416666666664 0.2677469135802469 0.0234375 0.038580246913580245
