1 0.31369587109768376 0.21428571428571427 0.019133937562940583 0.02857142857142857
1 0.3675730110775428 0.2017857142857143 0.016112789526686808 0.03214285714285714
1 0.3726082578046324 0.17857142857142858 0.016112789526686808 0.03214285714285714
1 0.4149043303121853 0.17589285714285713 0.014098690835850957 0.030357142857142857
1 0.43051359516616317 0.17678571428571427 0.015105740181268881 0.03571428571428571
1 0.4511581067472306 0.22857142857142856 0.02215508559919436 0.039285714285714285
1 0.4738167170191339 0.18571428571428572 0.015105740181268881 0.02857142857142857
1 0.44008056394763345 0.1625 0.014098690835850957 0.02857142857142857
1 0.4390735146022155 0.14553571428571427 0.012084592145015106 0.026785714285714284
1 0.4607250755287009 0.14821428571428572 0.015105740181268881 0.02857142857142857
1 0.46173212487411885 0.18035714285714285 0.015105740181268881 0.03214285714285714
1 0.49395770392749244 0.14464285714285713 0.015105740181268881 0.024999999999999998
1 0.4954682779456193 0.13303571428571428 0.012084592145015106 0.023214285714285715
1 0.5251762336354482 0.12767857142857142 0.013091641490433032 0.023214285714285715
1 0.5171198388721048 0.13214285714285715 0.013091641490433032 0.02857142857142857
1 0.5342396777442094 0.15 0.013091641490433032 0.024999999999999998
1 0.5412890231621349 0.14017857142857143 0.01107754279959718 0.023214285714285715
1 0.5186304128902316 0.16607142857142856 0.01812688821752266 0.03214285714285714
1 0.5201409869083585 0.19017857142857142 0.017119838872104734 0.033928571428571426
1 0.554380664652568 0.19107142857142856 0.017119838872104734 0.039285714285714285
1 0.5725075528700906 0.1419642857142857 0.01107754279959718 0.023214285714285715
1 0.5906344410876133 0.14107142857142857 0.015105740181268881 0.024999999999999998
1 0.608257804632427 0.10803571428571428 0.012084592145015106 0.023214285714285715
1 0.5916414904330313 0.1732142857142857 0.015105740181268881 0.03571428571428571
1 0.56797583081571 0.2357142857142857 0.02215508559919436 0.049999999999999996
1 0.6238670694864048 0.13660714285714284 0.013091641490433032 0.026785714285714284
1 0.6289023162134945 0.16160714285714287 0.015105740181268881 0.033928571428571426
1 0.6153071500503524 0.21964285714285714 0.02014098690835851 0.049999999999999996
1 0.6500503524672709 0.20089285714285712 0.017119838872104734 0.04107142857142857
1 0.6596173212487412 0.21607142857142855 0.01812688821752266 0.04642857142857143
1 0.6470292044310171 0.12678571428571428 0.01107754279959718 0.024999999999999998
1 0.6560926485397784 0.11071428571428571 0.01107754279959718 0.024999999999999998
1 0.6706948640483383 0.11428571428571428 0.012084592145015106 0.024999999999999998
1 0.6636455186304129 0.14375 0.010070493454179255 0.026785714285714284
1 0.6802618328298087 0.15178571428571427 0.01107754279959718 0.024999999999999998
1 0.702416918429003 0.12410714285714285 0.01107754279959718 0.026785714285714284
1 0.6928499496475328 0.18125 0.014098690835850957 0.0375
1 0.7084592145015106 0.18214285714285713 0.015105740181268881 0.04285714285714286
1 0.7119838872104733 0.22589285714285715 0.02215508559919436 0.044642857142857144
1 0.7205438066465257 0.14642857142857144 0.013091641490433032 0.03214285714285714
1 0.730110775427996 0.18035714285714285 0.014098690835850957 0.039285714285714285
1 0.7537764350453172 0.31160714285714286 0.035246727089627394 0.08035714285714285
1 0.7371601208459214 0.15178571428571427 0.012084592145015106 0.02857142857142857
1 0.756294058408862 0.1419642857142857 0.012084592145015106 0.030357142857142857
1 0.7719033232628398 0.15625 0.013091641490433032 0.033928571428571426
1 0.7653575025176234 0.18571428571428572 0.016112789526686808 0.039285714285714285
1 0.7870090634441088 0.16874999999999998 0.015105740181268881 0.033928571428571426
1 0.7950654582074521 0.13303571428571428 0.01107754279959718 0.026785714285714284
1 0.8056394763343404 0.16160714285714287 0.014098690835850957 0.033928571428571426
1 0.824773413897281 0.13392857142857142 0.012084592145015106 0.03214285714285714
1 0.823262839879154 0.17678571428571427 0.013091641490433032 0.03571428571428571
1 0.798086606243706 0.20982142857142858 0.015105740181268881 0.044642857142857144
1 0.8096676737160121 0.20535714285714285 0.014098690835850957 0.03571428571428571
1 0.8494461228600202 0.14285714285714285 0.01107754279959718 0.03214285714285714
1 0.8559919436052367 0.1982142857142857 0.014098690835850957 0.03571428571428571
1 0.877643504531722 0.2294642857142857 0.015105740181268881 0.04107142857142857
1 0.8726082578046325 0.2732142857142857 0.017119838872104734 0.049999999999999996
1 0.8826787512588117 0.16160714285714287 0.01107754279959718 0.030357142857142857
1 0.8942598187311178 0.2125 0.014098690835850957 0.03214285714285714
1 0.9073514602215509 0.18303571428571427 0.014098690835850957 0.030357142857142857
1 0.9355488418932527 0.16785714285714284 0.012084592145015106 0.02857142857142857
1 0.93202416918429 0.19553571428571428 0.01107754279959718 0.030357142857142857
1 0.9315206445115811 0.22767857142857142 0.016112789526686808 0.04107142857142857
