1 0.21203438395415472 0.4712543554006969 0.04393505253104107 0.078397212543554
1 0.38108882521489973 0.23606271777003485 0.015281757402101241 0.033101045296167246
1 0.4068767908309455 0.24303135888501742 0.022922636103151862 0.04355400696864112
1 0.4512893982808023 0.25435540069686413 0.018147086914995225 0.03484320557491289
1 0.3758357211079274 0.1986062717770035 0.012416427889207259 0.0313588850174216
1 0.3930276981852913 0.20818815331010454 0.01623686723973257 0.02613240418118467
1 0.42502387774594075 0.20818815331010454 0.017191977077363897 0.029616724738675958
1 0.44364851957975165 0.20034843205574912 0.012416427889207259 0.027874564459930314
1 0.4732569245463228 0.23170731707317074 0.020057306590257878 0.041811846689895474
1 0.42406876790830944 0.156794425087108 0.013371537726838585 0.024390243902439025
1 0.4269340974212034 0.18205574912891986 0.011461318051575931 0.02264808362369338
1 0.4364851957975167 0.15505226480836237 0.011461318051575931 0.0313588850174216
1 0.4508118433619866 0.15940766550522648 0.011461318051575931 0.02613240418118467
1 0.45702005730659023 0.17073170731707318 0.012416427889207259 0.027874564459930314
1 0.4746895893027698 0.17682926829268292 0.015281757402101241 0.033101045296167246
1 0.4656160458452722 0.14547038327526132 0.012416427889207259 0.02264808362369338
1 0.47516714422158546 0.15069686411149827 0.012416427889207259 0.02264808362369338
1 0.4904489016236867 0.1402439024390244 0.010506208213944603 0.02613240418118467
1 0.49761222540592165 0.11933797909407666 0.011461318051575931 0.01916376306620209
1 0.5138490926456543 0.16898954703832753 0.013371537726838585 0.024390243902439025
1 0.5062082139446036 0.2029616724738676 0.017191977077363897 0.029616724738675958
1 0.5305635148042025 0.20121951219512196 0.018147086914995225 0.033101045296167246
1 0.5549188156638013 0.16550522648083624 0.015281757402101241 0.0313588850174216
1 0.5873925501432664 0.17073170731707318 0.015281757402101241 0.0313588850174216
1 0.5759312320916905 0.1402439024390244 0.013371537726838585 0.033101045296167246
1 0.5458452722063037 0.1332752613240418 0.010506208213944603 0.02264808362369338
1 0.5319961795606495 0.14285714285714285 0.013371537726838585 0.020905923344947737
1 0.5974212034383954 0.15156794425087108 0.014326647564469913 0.027874564459930314
1 0.6141356255969437 0.1297909407665505 0.011461318051575931 0.02613240418118467
1 0.6246418338108882 0.12195121951219512 0.013371537726838585 0.024390243902439025
1 0.5998089780324737 0.1132404181184669 0.013371537726838585 0.027874564459930314
1 0.6060171919770774 0.09146341463414634 0.012416427889207259 0.02264808362369338
1 0.558261700095511 0.2700348432055749 0.020057306590257878 0.04529616724738676
1 0.6217765042979942 0.3205574912891986 0.030563514804202482 0.05574912891986063
1 0.6700095510983763 0.3510452961672474 0.03151862464183381 0.06097560975609756
1 0.6117478510028653 0.2578397212543554 0.025787965616045846 0.05574912891986063
1 0.6346704871060171 0.22560975609756098 0.02387774594078319 0.050522648083623695
1 0.6671442215854823 0.20993031358885017 0.01623686723973257 0.036585365853658534
1 0.66189111747851 0.1437282229965157 0.015281757402101241 0.036585365853658534
1 0.6599808978032473 0.11236933797909408 0.013371537726838585 0.033101045296167246
1 0.6781279847182425 0.12020905923344948 0.013371537726838585 0.027874564459930314
1 0.7020057306590257 0.11759581881533102 0.015281757402101241 0.029616724738675958
1 0.6948424068767908 0.15766550522648085 0.012416427889207259 0.029616724738675958
1 0.7082139446036294 0.18902439024390244 0.01623686723973257 0.036585365853658534
1 0.7196752626552053 0.156794425087108 0.010506208213944603 0.027874564459930314
1 0.7325692454632282 0.17334494773519163 0.013371537726838585 0.029616724738675958
1 0.7559694364851958 0.15853658536585366 0.012416427889207259 0.0313588850174216
1 0.7597898758357211 0.13937282229965156 0.012416427889207259 0.027874564459930314
1 0.7774594078319006 0.1402439024390244 0.011461318051575931 0.029616724738675958
1 0.7917860553963706 0.16376306620209058 0.013371537726838585 0.03484320557491289
1 0.7765042979942693 0.19250871080139373 0.015281757402101241 0.033101045296167246
1 0.7468958930276982 0.20209059233449478 0.013371537726838585 0.0313588850174216
1 0.7521489971346704 0.2456445993031359 0.020057306590257878 0.04529616724738676
1 0.7378223495702005 0.28222996515679444 0.021967526265520534 0.05226480836236934
1 0.8156638013371538 0.29006968641114983 0.022922636103151862 0.050522648083623695
1 0.7951289398280802 0.21689895470383275 0.014326647564469913 0.036585365853658534
1 0.8285577841451767 0.16463414634146342 0.012416427889207259 0.033101045296167246
1 0.8414517669531996 0.15940766550522648 0.011461318051575931 0.036585365853658534
1 0.8610315186246418 0.19337979094076654 0.014326647564469913 0.027874564459930314
1 0.8452722063037249 0.2221254355400697 0.017191977077363897 0.033101045296167246
1 0.8409742120343839 0.3153310104529617 0.021967526265520534 0.05226480836236934
1 0.876313276026743 0.2883275261324042 0.01623686723973257 0.050522648083623695
1 0.9302769818529131 0.31097560975609756 0.019102196752626553 0.047038327526132406
1 0.8901623686723973 0.2578397212543554 0.013371537726838585 0.0313588850174216
1 0.8915950334288443 0.23257839721254356 0.014326647564469913 0.033101045296167246
1 0.896370582617001 0.1994773519163763 0.012416427889207259 0.036585365853658534
1 0.874880611270296 0.1794425087108014 0.013371537726838585 0.027874564459930314
1 0.9407831900668576 0.23780487804878048 0.015281757402101241 0.033101045296167246
1 0.9450811843361986 0.2029616724738676 0.014326647564469913 0.029616724738675958
1 0.9321872015281757 0.17247386759581881 0.015281757402101241 0.0313588850174216
