1 0.22604166666666667 0.4425925925925926 0.05625 0.0925925925925926
1 0.23072916666666665 0.38796296296296295 0.03229166666666666 0.06481481481481481
1 0.2578125 0.3712962962962963 0.026041666666666668 0.061111111111111116
1 0.16979166666666667 0.40092592592592596 0.03958333333333333 0.07592592592592592
1 0.17760416666666667 0.3768518518518519 0.03229166666666666 0.06481481481481481
1 0.14947916666666666 0.35462962962962963 0.028125 0.04259259259259259
1 0.10781249999999999 0.39722222222222225 0.04895833333333333 0.07222222222222223
1 0.12083333333333333 0.3416666666666667 0.03125 0.05
1 0.07447916666666667 0.3453703703703704 0.028125 0.05
1 0.049479166666666664 0.3675925925925926 0.034375 0.061111111111111116
1 0.04739583333333333 0.3138888888888889 0.026041666666666668 0.0462962962962963
1 0.021354166666666667 0.31851851851851853 0.026041666666666668 0.04814814814814815
1 0.008333333333333333 0.34814814814814815 0.014583333333333334 0.05185185185185186
1 0.09635416666666667 0.3092592592592593 0.02395833333333333 0.040740740740740744
1 0.078125 0.31574074074074077 0.025 0.04259259259259259
1 0.18385416666666665 0.337037037037037 0.028125 0.05555555555555556
1 0.196875 0.33981481481481485 0.020833333333333332 0.04259259259259259
1 0.21666666666666667 0.33796296296296297 0.020833333333333332 0.03518518518518519
1 0.23802083333333332 0.3416666666666667 0.021875 0.03518518518518519
1 0.2817708333333333 0.33425925925925926 0.017708333333333333 0.04259259259259259
1 0.3130208333333333 0.3675925925925926 0.028125 0.053703703703703705
1 0.3307291666666667 0.40555555555555556 0.03229166666666666 0.07037037037037037
1 0.3421875 0.362962962962963 0.021875 0.05925925925925926
1 0.38125 0.44074074074074077 0.04583333333333333 0.0962962962962963
1 0.396875 0.3824074074074074 0.029166666666666667 0.06851851851851852
1 0.4302083333333333 0.4287037037037037 0.0375 0.08333333333333334
1 0.4817708333333333 0.4277777777777778 0.03854166666666667 0.07037037037037037
1 0.4713541666666667 0.38703703703703707 0.030208333333333334 0.06666666666666667
1 0.49947916666666664 0.3768518518518519 0.021875 0.04259259259259259
1 0.4864583333333333 0.3472222222222222 0.020833333333333332 0.04259259259259259
1 0.4270833333333333 0.36388888888888893 0.020833333333333332 0.0462962962962963
1 0.37916666666666665 0.3675925925925926 0.025 0.0462962962962963
1 0.371875 0.3462962962962963 0.016666666666666666 0.02962962962962963
1 0.3619791666666667 0.337037037037037 0.015625 0.03333333333333333
1 0.5708333333333333 0.4388888888888889 0.035416666666666666 0.07037037037037037
1 0.5671875 0.37777777777777777 0.028125 0.05185185185185186
1 0.6192708333333333 0.3907407407407408 0.019791666666666666 0.04814814814814815
1 0.6510416666666666 0.41574074074074074 0.027083333333333334 0.053703703703703705
1 0.6859375 0.40555555555555556 0.026041666666666668 0.05925925925925926
1 0.6895833333333333 0.3287037037037037 0.01875 0.0462962962962963
1 0.9036458333333334 0.2712962962962963 0.06770833333333333 0.11296296296296297
