1 0.035500000000000004 0.4593333333333333 0.069 0.11866666666666666
1 0.10250000000000001 0.4073333333333333 0.065 0.09999999999999999
1 0.037 0.37 0.03 0.05733333333333333
1 0.188 0.4613333333333333 0.078 0.12266666666666666
1 0.2335 0.41466666666666663 0.043000000000000003 0.058666666666666666
1 0.20600000000000002 0.368 0.036000000000000004 0.05333333333333333
1 0.242 0.322 0.02 0.030666666666666665
1 0.1565 0.31466666666666665 0.019 0.034666666666666665
1 0.3165 0.3733333333333333 0.031 0.04533333333333333
1 0.2765 0.36533333333333334 0.023 0.04
1 0.2925 0.3506666666666667 0.021 0.03733333333333333
1 0.2535 0.354 0.019 0.036
1 0.23950000000000002 0.36133333333333334 0.021 0.04
1 0.17400000000000002 0.37133333333333335 0.026000000000000002 0.028
1 0.3945 0.40599999999999997 0.039 0.05733333333333333
1 0.3415 0.3753333333333333 0.019 0.036
1 0.3345 0.3193333333333333 0.021 0.030666666666666665
1 0.363 0.30866666666666664 0.014 0.036
1 0.367 0.3466666666666667 0.018000000000000002 0.029333333333333333
1 0.398 0.34933333333333333 0.026000000000000002 0.029333333333333333
1 0.439 0.344 0.02 0.026666666666666665
1 0.423 0.35133333333333333 0.012 0.028
1 0.455 0.3153333333333333 0.014 0.030666666666666665
1 0.68 0.46066666666666667 0.076 0.108
1 0.9065 0.6066666666666667 0.17500000000000002 0.2613333333333333
1 0.8475 0.45266666666666666 0.073 0.092
1 0.7715 0.38666666666666666 0.037 0.058666666666666666
1 0.7265 0.39466666666666667 0.047 0.05333333333333333
1 0.716 0.35733333333333334 0.026000000000000002 0.042666666666666665
1 0.7155 0.31 0.023 0.03866666666666667
1 0.7475 0.34933333333333333 0.019 0.032
1 0.74 0.3406666666666667 0.014 0.017333333333333333
1 0.7715 0.31266666666666665 0.023 0.036
1 0.809 0.37466666666666665 0.03 0.050666666666666665
1 0.839 0.35533333333333333 0.02 0.04133333333333333
1 0.8815000000000001 0.36333333333333334 0.019 0.036
1 0.9235 0.362 0.023 0.044
1 0.961 0.41666666666666663 0.064 0.08666666666666667
1 0.881 0.418 0.05 0.06533333333333333
1 0.6665 0.35666666666666663 0.023 0.025333333333333333
1 0.6435 0.37133333333333335 0.031 0.044
1 0.602 0.412 0.052000000000000005 0.064
1 0.5775 0.38666666666666666 0.039 0.048
1 0.5650000000000001 0.36933333333333335 0.026000000000000002 0.04
1 0.5545 0.35 0.025 0.030666666666666665
1 0.5365 0.35133333333333333 0.015 0.02
1 0.5285 0.35333333333333333 0.013000000000000001 0.021333333333333333
1 0.6105 0.352 0.023 0.042666666666666665
1 0.596 0.352 0.018000000000000002 0.029333333333333333
1 0.676 0.3446666666666667 0.018000000000000002 0.022666666666666665
1 0.6895 0.33666666666666667 0.015 0.025333333333333333
1 0.6545 0.344 0.017 0.026666666666666665
