1 0.5191115702479339 0.3186728395061728 0.0609504132231405 0.10956790123456789
1 0.6420454545454546 0.39969135802469136 0.02169421487603306 0.030864197530864196
1 0.24070247933884298 0.4899691358024691 0.07024793388429752 0.08487654320987653
1 0.1947314049586777 0.4760802469135802 0.058884297520661155 0.07561728395061729
1 0.1503099173553719 0.4567901234567901 0.04855371900826447 0.07098765432098765
1 0.2918388429752066 0.4143518518518518 0.02169421487603306 0.032407407407407406
1 0.3269628099173554 0.4012345679012346 0.01962809917355372 0.027777777777777776
1 0.3455578512396694 0.4104938271604938 0.02169421487603306 0.027777777777777776
1 0.37706611570247933 0.44521604938271603 0.026859504132231406 0.041666666666666664
1 0.4240702479338843 0.4629629629629629 0.027892561983471075 0.046296296296296294
1 0.4690082644628099 0.4351851851851852 0.01859504132231405 0.030864197530864196
1 0.45712809917355374 0.42052469135802467 0.013429752066115703 0.029320987654320986
1 0.44214876033057854 0.4282407407407407 0.01652892561983471 0.026234567901234566
1 0.4307851239669422 0.41898148148148145 0.014462809917355372 0.026234567901234566
1 0.44214876033057854 0.40509259259259256 0.014462809917355372 0.026234567901234566
1 0.4375 0.3881172839506173 0.013429752066115703 0.023148148148148147
1 0.41993801652892565 0.4066358024691358 0.015495867768595042 0.026234567901234566
1 0.4168388429752066 0.3881172839506173 0.013429752066115703 0.023148148148148147
1 0.4080578512396694 0.41975308641975306 0.01859504132231405 0.030864197530864196
1 0.3832644628099174 0.4212962962962963 0.01859504132231405 0.030864197530864196
1 0.38688016528925623 0.4020061728395061 0.015495867768595042 0.026234567901234566
1 0.39462809917355374 0.38348765432098764 0.01652892561983471 0.023148148148148147
1 0.3832644628099174 0.3780864197530864 0.012396694214876033 0.018518518518518517
1 0.39669421487603307 0.36959876543209874 0.01652892561983471 0.023148148148148147
1 0.3682851239669422 0.3819444444444444 0.01962809917355372 0.029320987654320986
1 0.35020661157024796 0.3765432098765432 0.014462809917355372 0.024691358024691357
1 0.34607438016528924 0.35725308641975306 0.014462809917355372 0.023148148148148147
1 0.33109504132231404 0.3665123456790123 0.013429752066115703 0.020061728395061727
1 0.3300619834710744 0.38657407407407407 0.015495867768595042 0.020061728395061727
1 0.3037190082644628 0.38348765432098764 0.014462809917355372 0.026234567901234566
1 0.31663223140495866 0.375 0.01756198347107438 0.027777777777777776
1 0.3119834710743802 0.3603395061728395 0.010330578512396695 0.016975308641975308
1 0.3269628099173554 0.35493827160493824 0.013429752066115703 0.021604938271604937
1 0.3068181818181818 0.34104938271604934 0.010330578512396695 0.018518518518518517
1 0.30010330578512395 0.3479938271604938 0.011363636363636364 0.020061728395061727
1 0.29338842975206614 0.35725308641975306 0.012396694214876033 0.026234567901234566
1 0.2753099173553719 0.36959876543209874 0.013429752066115703 0.023148148148148147
1 0.28564049586776863 0.39814814814814814 0.01962809917355372 0.033950617283950615
1 0.29080578512396693 0.3780864197530864 0.015495867768595042 0.018518518518518517
1 0.2582644628099174 0.3742283950617284 0.01859504132231405 0.026234567901234566
1 0.2525826446280992 0.3595679012345679 0.013429752066115703 0.018518518518518517
1 0.26394628099173556 0.3449074074074074 0.011363636363636364 0.023148148148148147
1 0.27789256198347106 0.34259259259259256 0.012396694214876033 0.018518518518518517
1 0.27117768595041325 0.32407407407407407 0.011363636363636364 0.021604938271604937
1 0.25413223140495866 0.3179012345679012 0.012396694214876033 0.021604938271604937
1 0.2556818181818182 0.33487654320987653 0.013429752066115703 0.021604938271604937
1 0.23398760330578514 0.3587962962962963 0.011363636363636364 0.023148148148148147
1 0.2262396694214876 0.3819444444444444 0.01652892561983471 0.029320987654320986
1 0.24070247933884298 0.408179012345679 0.024793388429752067 0.038580246913580245
1 0.2215909090909091 0.35802469135802467 0.015495867768595042 0.024691358024691357
1 0.21384297520661158 0.33564814814814814 0.014462809917355372 0.023148148148148147
1 0.23398760330578514 0.32021604938271603 0.013429752066115703 0.023148148148148147
1 0.2097107438016529 0.4020061728395061 0.02066115702479339 0.041666666666666664
1 0.18698347107438018 0.40046296296296297 0.024793388429752067 0.038580246913580245
1 0.1518595041322314 0.3942901234567901 0.022727272727272728 0.041666666666666664
1 0.1337809917355372 0.3742283950617284 0.01962809917355372 0.029320987654320986
1 0.0996900826446281 0.3618827160493827 0.01756198347107438 0.029320987654320986
1 0.07799586776859505 0.38657407407407407 0.032024793388429756 0.05401234567901234
1 0.059400826446280995 0.3672839506172839 0.01962809917355372 0.043209876543209874
1 0.038223140495867766 0.34953703703703703 0.02066115702479339 0.035493827160493825
1 0.05526859504132232 0.3263888888888889 0.013429752066115703 0.029320987654320986
1 0.06869834710743802 0.34259259259259256 0.015495867768595042 0.021604938271604937
1 0.06921487603305786 0.32793209876543206 0.010330578512396695 0.016975308641975308
1 0.06404958677685951 0.3101851851851852 0.014462809917355372 0.021604938271604937
1 0.07851239669421488 0.3055555555555555 0.012396694214876033 0.018518518518518517
1 0.10330578512396695 0.2847222222222222 0.014462809917355372 0.023148148148148147
1 0.12138429752066116 0.3001543209876543 0.011363636363636364 0.023148148148148147
1 0.14462809917355374 0.283179012345679 0.012396694214876033 0.023148148148148147
1 0.1756198347107438 0.37037037037037035 0.01859504132231405 0.027777777777777776
1 0.1916322314049587 0.3618827160493827 0.013429752066115703 0.026234567901234566
1 0.19834710743801653 0.35416666666666663 0.010330578512396695 0.023148148148148147
1 0.19886363636363638 0.3333333333333333 0.011363636363636364 0.021604938271604937
1 0.1890495867768595 0.32407407407407407 0.012396694214876033 0.021604938271604937
1 0.18388429752066116 0.30709876543209874 0.012396694214876033 0.021604938271604937
1 0.17510330578512398 0.3248456790123457 0.011363636363636364 0.020061728395061727
1 0.1441115702479339 0.3387345679012346 0.015495867768595042 0.026234567901234566
1 0.15960743801652894 0.32253086419753085 0.011363636363636364 0.018518518518518517
1 0.1683884297520661 0.33564814814814814 0.010330578512396695 0.016975308641975308
1 0.15547520661157024 0.30169753086419754 0.013429752066115703 0.020061728395061727
1 0.16477272727272727 0.3047839506172839 0.009297520661157025 0.020061728395061727
1 0.11621900826446281 0.345679012345679 0.01962809917355372 0.033950617283950615
1 0.11776859504132231 0.32175925925925924 0.012396694214876033 0.020061728395061727
1 0.10330578512396695 0.31481481481481477 0.01652892561983471 0.024691358024691357
1 0.13326446280991736 0.316358024691358 0.014462809917355372 0.027777777777777776
