1 0.15724815724815724 0.24781659388646288 0.022113022113022112 0.04148471615720524
1 0.8802211302211302 0.42903930131004364 0.052825552825552825 0.11135371179039301
1 0.5921375921375921 0.05458515283842794 0.0171990171990172 0.03930131004366812
1 0.5663390663390663 0.0665938864628821 0.014742014742014743 0.03275109170305677
1 0.37776412776412777 0.16921397379912662 0.01597051597051597 0.03275109170305677
1 0.4324324324324324 0.14192139737991266 0.0171990171990172 0.034934497816593885
1 0.4975429975429975 0.12663755458515283 0.012285012285012284 0.021834061135371178
1 0.46375921375921375 0.14410480349344978 0.018427518427518427 0.034934497816593885
1 0.5233415233415233 0.1299126637554585 0.014742014742014743 0.03275109170305677
1 0.5362407862407862 0.11135371179039301 0.018427518427518427 0.03056768558951965
1 0.42936117936117935 0.1834061135371179 0.025798525798525797 0.03930131004366812
1 0.44963144963144963 0.1834061135371179 0.019656019656019656 0.03056768558951965
1 0.47665847665847666 0.18777292576419213 0.027027027027027025 0.03056768558951965
1 0.5073710073710074 0.18013100436681223 0.022113022113022112 0.04148471615720524
1 0.5460687960687961 0.14519650655021835 0.01597051597051597 0.03275109170305677
1 0.5995085995085995 0.15065502183406113 0.02457002457002457 0.034934497816593885
1 0.6394348894348895 0.12117903930131003 0.01597051597051597 0.02838427947598253
1 0.6701474201474201 0.11790393013100436 0.013513513513513513 0.026200873362445413
1 0.7358722358722358 0.15065502183406113 0.0171990171990172 0.03930131004366812
1 0.7051597051597052 0.19104803493449782 0.0171990171990172 0.05021834061135371
1 0.6590909090909091 0.1888646288209607 0.02334152334152334 0.04148471615720524
1 0.6351351351351351 0.20633187772925762 0.019656019656019656 0.04148471615720524
1 0.71007371007371 0.23034934497816592 0.019656019656019656 0.04148471615720524
1 0.7727272727272727 0.1277292576419214 0.014742014742014743 0.03275109170305677
1 0.7788697788697788 0.17576419213973798 0.0171990171990172 0.04148471615720524
1 0.7948402948402948 0.21069868995633187 0.019656019656019656 0.05021834061135371
1 0.8753071253071253 0.26965065502183405 0.018427518427518427 0.04148471615720524
1 0.7966830466830467 0.16266375545851527 0.020884520884520884 0.04148471615720524
1 0.8089680589680589 0.1539301310043668 0.013513513513513513 0.037117903930131
1 0.8372235872235873 0.17467248908296942 0.013513513513513513 0.03056768558951965
1 0.906019656019656 0.19213973799126638 0.020884520884520884 0.034934497816593885
1 0.933046683046683 0.23144104803493448 0.01597051597051597 0.034934497816593885
1 0.921990171990172 0.18013100436681223 0.018427518427518427 0.037117903930131
1 0.9422604422604423 0.1539301310043668 0.014742014742014743 0.037117903930131
1 0.9373464373464373 0.19541484716157204 0.027027027027027025 0.04148471615720524
1 0.5730958230958231 0.14192139737991266 0.01597051597051597 0.03056768558951965
1 0.4858722358722359 0.14628820960698688 0.01597051597051597 0.026200873362445413
1 0.7371007371007371 0.17576419213973798 0.012285012285012284 0.03275109170305677
1 0.699017199017199 0.16593886462882096 0.019656019656019656 0.048034934497816595
1 0.5663390663390663 0.09061135371179038 0.0171990171990172 0.037117903930131
