1 0.19972826086956522 0.42216981132075476 0.042572463768115944 0.07389937106918239
1 0.39809782608695654 0.1281446540880503 0.01358695652173913 0.026729559748427674
1 0.42391304347826086 0.14937106918238993 0.010869565217391304 0.025157232704402517
1 0.447463768115942 0.18632075471698115 0.016304347826086956 0.0330188679245283
1 0.4682971014492754 0.18553459119496857 0.01992753623188406 0.03459119496855346
1 0.490036231884058 0.1556603773584906 0.014492753623188406 0.025157232704402517
1 0.49818840579710144 0.1729559748427673 0.016304347826086956 0.02830188679245283
1 0.5357789855072463 0.16823899371069184 0.01358695652173913 0.02830188679245283
1 0.5602355072463768 0.16745283018867926 0.015398550724637682 0.029874213836477988
1 0.7504528985507246 0.12106918238993711 0.020833333333333332 0.03459119496855346
