1 0.060000000000000005 0.765 0.11666666666666667 0.225
1 0.12000000000000001 0.6425 0.14 0.20500000000000002
1 0.11166666666666668 0.525 0.06666666666666667 0.095
1 0.17666666666666667 0.4925 0.060000000000000005 0.1
1 0.20750000000000002 0.6062500000000001 0.085 0.14250000000000002
1 0.24666666666666667 0.57375 0.07 0.1375
1 0.29083333333333333 0.54 0.058333333333333334 0.11
1 0.5133333333333334 0.67375 0.11 0.1975
1 0.4166666666666667 0.8512500000000001 0.21666666666666667 0.2625
1 0.4391666666666667 0.64375 0.06833333333333334 0.1125
1 0.43833333333333335 0.50375 0.04 0.0775
1 0.5416666666666667 0.485 0.05 0.07
1 0.5425 0.535 0.05166666666666667 0.09
1 0.49583333333333335 0.5387500000000001 0.06166666666666667 0.0775
1 0.6058333333333333 0.53 0.045000000000000005 0.085
1 0.6358333333333334 0.54875 0.05166666666666667 0.0775
1 0.6591666666666667 0.505 0.04166666666666667 0.06
1 0.6891666666666667 0.54625 0.07500000000000001 0.10250000000000001
1 0.6666666666666667 0.62625 0.07333333333333333 0.1275
1 0.7333333333333334 0.635 0.08 0.15
1 0.8125 0.62875 0.11833333333333335 0.1975
1 0.7741666666666667 0.5325 0.06833333333333334 0.09
1 0.7475 0.34875 0.045000000000000005 0.0725
1 0.9208333333333334 0.7125 0.125 0.24
1 0.8875000000000001 0.56875 0.06833333333333334 0.1075
1 0.9325000000000001 0.5700000000000001 0.06166666666666667 0.115
