1 0.146875 0.7555555555555555 0.20208333333333334 0.31666666666666665
1 0.03958333333333333 0.5833333333333334 0.075 0.22222222222222224
1 0.07604166666666666 0.4152777777777778 0.05625 0.09166666666666667
1 0.04375 0.4 0.0375 0.061111111111111116
1 0.23645833333333333 0.46111111111111114 0.05625 0.08888888888888889
1 0.19166666666666665 0.3680555555555556 0.0375 0.05277777777777778
1 0.378125 0.46805555555555556 0.07291666666666667 0.11388888888888889
1 0.2677083333333333 0.36388888888888893 0.035416666666666666 0.05555555555555556
1 0.32916666666666666 0.39722222222222225 0.0375 0.05
1 0.39479166666666665 0.4083333333333333 0.04791666666666666 0.07222222222222223
1 0.5104166666666666 0.4083333333333333 0.05416666666666667 0.08333333333333334
1 0.634375 0.43194444444444446 0.052083333333333336 0.075
1 0.7135416666666666 0.3736111111111111 0.027083333333333334 0.058333333333333334
1 0.8197916666666667 0.43472222222222223 0.052083333333333336 0.08055555555555556
