1 0.1856060606060606 0.45302013422818793 0.05303030303030303 0.087248322147651
1 0.31107954545454547 0.2407718120805369 0.027462121212121212 0.04865771812080537
1 0.34280303030303033 0.2105704697986577 0.022727272727272728 0.03859060402684564
1 0.8920454545454546 0.46308724832214765 0.04166666666666667 0.10067114093959731
1 0.4109848484848485 0.1669463087248322 0.020833333333333336 0.025167785234899327
1 0.4422348484848485 0.1535234899328859 0.015151515151515152 0.031879194630872486
1 0.4166666666666667 0.21476510067114093 0.020833333333333336 0.03355704697986577
1 0.4285037878787879 0.18036912751677853 0.016098484848484848 0.028523489932885907
1 0.4431818181818182 0.2332214765100671 0.022727272727272728 0.040268456375838924
1 0.47774621212121215 0.23406040268456374 0.027462121212121212 0.03859060402684564
1 0.4715909090909091 0.1342281879194631 0.022727272727272728 0.020134228187919462
1 0.4588068181818182 0.17701342281879195 0.019886363636363636 0.03859060402684564
1 0.47490530303030304 0.18540268456375839 0.023674242424242424 0.04194630872483222
1 0.49242424242424243 0.14345637583892618 0.017045454545454544 0.03859060402684564
1 0.5132575757575758 0.1493288590604027 0.015151515151515152 0.03355704697986577
1 0.5336174242424243 0.1174496644295302 0.014204545454545456 0.030201342281879193
1 0.5440340909090909 0.1266778523489933 0.017992424242424244 0.028523489932885907
1 0.5449810606060607 0.20218120805369127 0.019886363636363636 0.03859060402684564
1 0.5326704545454546 0.16526845637583892 0.016098484848484848 0.031879194630872486
1 0.5629734848484849 0.15855704697986578 0.016098484848484848 0.04194630872483222
1 0.5989583333333334 0.16359060402684564 0.02556818181818182 0.04530201342281879
1 0.6231060606060607 0.1476510067114094 0.022727272727272728 0.03355704697986577
1 0.6543560606060607 0.15100671140939598 0.01893939393939394 0.04697986577181208
1 0.49242424242424243 0.30788590604026844 0.030303030303030304 0.0587248322147651
1 0.5639204545454546 0.2684563758389262 0.027462121212121212 0.060402684563758385
1 0.5833333333333334 0.29278523489932884 0.032196969696969696 0.0721476510067114
1 0.6107954545454546 0.22399328859060402 0.026515151515151516 0.04194630872483222
1 0.6619318181818182 0.23406040268456374 0.026515151515151516 0.03859060402684564
1 0.6245265151515151 0.30201342281879195 0.036931818181818184 0.07718120805369127
1 0.6699810606060607 0.28942953020134227 0.03314393939393939 0.04530201342281879
1 0.681344696969697 0.34395973154362414 0.03125 0.07046979865771812
1 0.6647727272727273 0.19379194630872482 0.020833333333333336 0.04530201342281879
1 0.7514204545454546 0.08808724832214765 0.017992424242424244 0.03859060402684564
1 0.6936553030303031 0.17365771812080535 0.023674242424242424 0.031879194630872486
1 0.7192234848484849 0.17533557046979864 0.021780303030303032 0.028523489932885907
1 0.7111742424242424 0.24328859060402683 0.02840909090909091 0.060402684563758385
1 0.7362689393939394 0.18875838926174496 0.021780303030303032 0.04530201342281879
1 0.7528409090909091 0.16526845637583892 0.017045454545454544 0.04194630872483222
1 0.7765151515151515 0.18875838926174496 0.020833333333333336 0.03859060402684564
1 0.7945075757575758 0.1040268456375839 0.020833333333333336 0.03691275167785235
1 0.7888257575757576 0.21895973154362416 0.022727272727272728 0.04194630872483222
1 0.7992424242424243 0.18456375838926173 0.02840909090909091 0.0436241610738255
1 0.8101325757575758 0.20553691275167785 0.017992424242424244 0.03859060402684564
1 0.8304924242424243 0.17701342281879195 0.017045454545454544 0.03859060402684564
1 0.806344696969697 0.3028523489932886 0.02556818181818182 0.0721476510067114
1 0.8461174242424243 0.22651006711409397 0.016098484848484848 0.03691275167785235
1 0.8423295454545455 0.3162751677852349 0.027462121212121212 0.06543624161073826
1 0.8607954545454546 0.1929530201342282 0.020833333333333336 0.03691275167785235
1 0.8858901515151515 0.24496644295302014 0.023674242424242424 0.05704697986577181
1 0.8863636363636364 0.20218120805369127 0.015151515151515152 0.04194630872483222
1 0.9034090909090909 0.20134228187919462 0.01893939393939394 0.040268456375838924
1 0.9322916666666667 0.25167785234899326 0.02556818181818182 0.053691275167785234
1 0.9251893939393939 0.3087248322147651 0.02462121212121212 0.050335570469798654
1 0.9086174242424243 0.37667785234899326 0.036931818181818184 0.0587248322147651
1 0.8678977272727273 0.3053691275167785 0.02556818181818182 0.04697986577181208
