1 0.05818181818181818 0.5461309523809523 0.04363636363636364 0.08035714285714285
1 0.16272727272727272 0.6041666666666666 0.07454545454545454 0.1369047619047619
1 0.25272727272727274 0.5684523809523809 0.03636363636363636 0.06547619047619047
1 0.27545454545454545 0.5565476190476191 0.034545454545454546 0.06547619047619047
1 0.3609090909090909 0.5907738095238095 0.06 0.09226190476190475
1 0.3881818181818182 0.5565476190476191 0.04181818181818182 0.05952380952380952
1 0.4290909090909091 0.5491071428571428 0.01818181818181818 0.03869047619047619
1 0.4690909090909091 0.5 0.02181818181818182 0.041666666666666664
1 0.4818181818181818 0.5892857142857143 0.04363636363636364 0.08928571428571427
1 0.52 0.6830357142857143 0.08363636363636363 0.1636904761904762
1 0.59 0.5982142857142857 0.045454545454545456 0.06547619047619047
1 0.5890909090909091 0.5476190476190476 0.02909090909090909 0.047619047619047616
1 0.6036363636363636 0.5029761904761905 0.01818181818181818 0.03571428571428571
1 0.610909090909091 0.550595238095238 0.02181818181818182 0.041666666666666664
1 0.6309090909090909 0.5461309523809523 0.01818181818181818 0.03273809523809523
1 0.6454545454545455 0.5491071428571428 0.02909090909090909 0.05654761904761904
1 0.6872727272727273 0.5758928571428571 0.04 0.0744047619047619
1 0.7127272727272728 0.4895833333333333 0.01818181818181818 0.04464285714285714
1 0.7363636363636363 0.5446428571428571 0.02181818181818182 0.041666666666666664
1 0.7536363636363637 0.5491071428571428 0.023636363636363636 0.03869047619047619
1 0.7672727272727272 0.5773809523809523 0.02909090909090909 0.05952380952380952
1 0.7827272727272727 0.5535714285714285 0.02 0.041666666666666664
1 0.7990909090909091 0.5684523809523809 0.023636363636363636 0.041666666666666664
1 0.8345454545454546 0.5714285714285714 0.02909090909090909 0.047619047619047616
1 0.7054545454545454 0.6904761904761905 0.06181818181818182 0.125
1 0.850909090909091 0.6488095238095237 0.05454545454545454 0.10714285714285714
1 0.9127272727272727 0.6220238095238095 0.04727272727272727 0.10119047619047619
1 0.9481818181818181 0.6071428571428571 0.045454545454545456 0.07142857142857142
1 0.9345454545454546 0.5044642857142857 0.02181818181818182 0.050595238095238096
1 0.9881818181818182 0.6086309523809523 0.023636363636363636 0.06845238095238095
