1 0.0975 0.5819672131147541 0.085 0.1434426229508197
1 0.041875 0.46106557377049184 0.04625 0.0778688524590164
1 0.16875 0.5061475409836066 0.07 0.11475409836065574
1 0.200625 0.45696721311475413 0.043750000000000004 0.0860655737704918
1 0.175625 0.40266393442622955 0.02875 0.04713114754098361
1 0.236875 0.39344262295081966 0.03125 0.06557377049180328
1 0.37125 0.42827868852459017 0.035 0.06967213114754099
1 0.381875 0.4016393442622951 0.02875 0.05737704918032787
1 0.4475 0.4211065573770492 0.0325 0.06352459016393443
1 0.49125 0.4098360655737705 0.025 0.06147540983606558
1 0.5275 0.4077868852459017 0.0325 0.06147540983606558
1 0.573125 0.43135245901639346 0.03875 0.08401639344262296
1 0.610625 0.39241803278688525 0.02875 0.06352459016393443
1 0.67375 0.4334016393442623 0.04 0.07172131147540985
1 0.81125 0.5297131147540984 0.0625 0.1168032786885246
1 0.926875 0.5983606557377049 0.09875 0.18442622950819673
1 0.795625 0.451844262295082 0.05375 0.09631147540983608
1 0.785 0.39139344262295084 0.03 0.05737704918032787
1 0.881875 0.4129098360655738 0.02875 0.059426229508196725
1 0.909375 0.4334016393442623 0.04875 0.07991803278688525
