1 0.07578125000000001 0.24305555555555555 0.065625 0.15833333333333333
1 0.054296875 0.15486111111111112 0.04453125 0.08472222222222223
1 0.011328125000000001 0.22361111111111112 0.01953125 0.11388888888888889
1 0.178125 0.19166666666666668 0.040625 0.08333333333333334
1 0.19492187500000002 0.25416666666666665 0.03828125 0.08611111111111111
1 0.278515625 0.2388888888888889 0.055468750000000004 0.11666666666666667
1 0.30078125 0.19722222222222224 0.05 0.09444444444444444
1 0.39140625 0.22569444444444445 0.0421875 0.09027777777777778
1 0.48359375000000004 0.21180555555555555 0.035937500000000004 0.07361111111111111
1 0.519140625 0.21180555555555555 0.05234375 0.11527777777777778
1 0.559765625 0.1875 0.03359375 0.10277777777777779
1 0.594140625 0.1798611111111111 0.032031250000000004 0.07083333333333333
1 0.6625000000000001 0.20555555555555557 0.037500000000000006 0.09722222222222222
1 0.696875 0.20347222222222222 0.035937500000000004 0.07916666666666666
1 0.792578125 0.18819444444444444 0.03515625 0.09583333333333334
1 0.92734375 0.41805555555555557 0.109375 0.23611111111111113
