1 0.32232070910556004 0.20845272206303725 0.0177276390008058 0.03008595988538682
1 0.3666398066075745 0.20702005730659026 0.0145044319097502 0.03008595988538682
1 0.3775181305398872 0.19126074498567336 0.0136986301369863 0.027220630372492834
1 0.410958904109589 0.1819484240687679 0.0128928283642224 0.025787965616045846
1 0.4359387590652699 0.17765042979942694 0.0145044319097502 0.028653295128939826
1 0.4335213537469782 0.15472779369627507 0.011281224818694601 0.022922636103151862
1 0.44842868654311036 0.15544412607449856 0.0136986301369863 0.024355300859598854
1 0.45930701047542305 0.17836676217765043 0.0128928283642224 0.027220630372492834
1 0.475423045930701 0.18624641833810887 0.0128928283642224 0.03151862464183381
1 0.4580983078162772 0.2313753581661891 0.0185334407735697 0.03581661891117478
1 0.5076551168412571 0.19269340974212035 0.0145044319097502 0.0329512893982808
1 0.48589846897663175 0.15472779369627507 0.0145044319097502 0.020057306590257878
1 0.4734085414987913 0.16475644699140402 0.0136986301369863 0.022922636103151862
1 0.47904915390813857 0.13896848137535817 0.012087026591458501 0.028653295128939826
1 0.49717969379532634 0.14111747851002865 0.011281224818694601 0.02148997134670487
1 0.5132957292506043 0.1475644699140401 0.0128928283642224 0.028653295128939826
1 0.5213537469782433 0.17335243553008595 0.0128928283642224 0.034383954154727794
1 0.5556003223207091 0.1969914040114613 0.0185334407735697 0.0329512893982808
1 0.5459307010475423 0.1504297994269341 0.012087026591458501 0.022922636103151862
1 0.5423045930701047 0.1353868194842407 0.011281224818694601 0.02148997134670487
1 0.5749395648670427 0.15616045845272206 0.0153102336825141 0.03151862464183381
1 0.580177276390008 0.1325214899713467 0.0128928283642224 0.027220630372492834
1 0.5970991136180499 0.13825214899713467 0.0145044319097502 0.0329512893982808
1 0.5991136180499597 0.16977077363896848 0.0153102336825141 0.027220630372492834
1 0.6402095084609186 0.16332378223495703 0.012087026591458501 0.03151862464183381
1 0.6301369863013698 0.1475644699140401 0.011281224818694601 0.025787965616045846
1 0.620467365028203 0.11819484240687679 0.009669621273166801 0.02148997134670487
1 0.6579371474617244 0.1318051575931232 0.010475423045930701 0.020057306590257878
1 0.6591458501208702 0.1160458452722063 0.008058017727639 0.020057306590257878
1 0.6784850926672038 0.12392550143266476 0.011281224818694601 0.02148997134670487
1 0.685334407735697 0.14111747851002865 0.010475423045930701 0.027220630372492834
1 0.7103142626913779 0.12893982808022922 0.010475423045930701 0.028653295128939826
1 0.6261079774375503 0.2148997134670487 0.019339242546333603 0.040114613180515755
1 0.5705076551168412 0.252865329512894 0.020950846091861403 0.04154727793696275
1 0.6627719580983078 0.2320916905444126 0.0169218372280419 0.04297994269340974
1 0.6635777598710717 0.19627507163323782 0.020145044319097503 0.03151862464183381
1 0.6974214343271555 0.18839541547277935 0.0136986301369863 0.0329512893982808
1 0.7135374697824335 0.20558739255014327 0.0169218372280419 0.0329512893982808
1 0.7377115229653505 0.18553008595988538 0.0136986301369863 0.03868194842406877
1 0.7340854149879129 0.15616045845272206 0.011281224818694601 0.028653295128939826
1 0.7639000805801772 0.1461318051575931 0.0145044319097502 0.025787965616045846
1 0.7775987107171636 0.1833810888252149 0.0145044319097502 0.03151862464183381
1 0.7199838839645447 0.2507163323782235 0.020145044319097503 0.045845272206303724
1 0.6913779210314263 0.3123209169054441 0.0354552780016116 0.0659025787965616
1 0.8049959709911362 0.21633237822349569 0.016116035455278 0.03724928366762178
1 0.798146655922643 0.17693409742120345 0.012087026591458501 0.0329512893982808
1 0.8154713940370668 0.19269340974212035 0.0128928283642224 0.03008595988538682
1 0.8158742949234488 0.166189111747851 0.010475423045930701 0.028653295128939826
1 0.830781627719581 0.14469914040114612 0.0128928283642224 0.028653295128939826
1 0.8356164383561644 0.18553008595988538 0.011281224818694601 0.03008595988538682
1 0.8666398066075744 0.20630372492836677 0.0169218372280419 0.040114613180515755
1 0.863013698630137 0.1489971346704871 0.011281224818694601 0.028653295128939826
1 0.8892022562449637 0.16117478510028652 0.012087026591458501 0.024355300859598854
1 0.9161966156325544 0.19269340974212035 0.0128928283642224 0.03868194842406877
1 0.8887993553585818 0.2521489971346705 0.0145044319097502 0.034383954154727794
1 0.8803384367445608 0.2836676217765043 0.0185334407735697 0.04871060171919771
1 0.9439967767929089 0.23710601719197708 0.0153102336825141 0.04154727793696275
1 0.935535858178888 0.20558739255014327 0.0128928283642224 0.027220630372492834
1 0.9456083803384367 0.18624641833810887 0.010475423045930701 0.022922636103151862
