1 0.035673515981735154 0.4227311643835616 0.06050228310502283 0.10830479452054793
1 0.0221175799086758 0.3309075342465753 0.043093607305936074 0.10017123287671233
1 0.09417808219178081 0.3167808219178082 0.043949771689497714 0.08647260273972603
1 0.18378995433789952 0.3077910958904109 0.05365296803652968 0.10017123287671233
1 0.16937785388127852 0.25920376712328763 0.0396689497716895 0.06977739726027397
1 0.22916666666666666 0.39811643835616434 0.0884703196347032 0.1429794520547945
1 0.2792522831050228 0.36686643835616434 0.05507990867579908 0.10530821917808218
1 0.3273401826484018 0.3154965753424657 0.04509132420091324 0.09503424657534246
1 0.2796803652968036 0.2744006849315068 0.034817351598173514 0.07277397260273973
1 0.3728595890410959 0.2889554794520548 0.040239726027397255 0.07705479452054795
1 0.41709474885844744 0.2718321917808219 0.031107305936073058 0.05736301369863013
1 0.4664668949771689 0.3694349315068493 0.056221461187214605 0.09417808219178081
1 0.4456335616438356 0.3247003424657534 0.03681506849315068 0.06892123287671233
1 0.45990296803652964 0.293236301369863 0.03738584474885845 0.0625
1 0.4828767123287671 0.2681934931506849 0.02910958904109589 0.056078767123287666
1 0.5525114155251141 0.305222602739726 0.041666666666666664 0.07191780821917808
1 0.632134703196347 0.3615154109589041 0.0730593607305936 0.1074486301369863
1 0.6669520547945205 0.300513698630137 0.03424657534246575 0.07534246575342465
1 0.7271689497716894 0.3386130136986301 0.04737442922374429 0.09332191780821918
1 0.7873858447488584 0.13035102739726026 0.10787671232876711 0.16309931506849315
