1 0.11904761904761904 0.5803981623277182 0.047619047619047616 0.08575803981623277
1 0.2120811287477954 0.3522205206738132 0.018518518518518517 0.03981623277182236
1 0.24074074074074073 0.385145482388974 0.021164021164021163 0.05053598774885146
1 0.2698412698412698 0.3943338437978561 0.024691358024691357 0.04747320061255743
1 0.27469135802469136 0.32006125574272587 0.02204585537918871 0.03981623277182236
1 0.32451499118165783 0.3790199081163859 0.024691358024691357 0.053598774885145486
1 0.3505291005291005 0.33690658499234305 0.01675485008818342 0.03981623277182236
1 0.3447971781305115 0.3062787136294028 0.021164021164021163 0.033690658499234305
1 0.3800705467372134 0.34839203675344566 0.02292768959435626 0.04134762633996937
1 0.4052028218694885 0.3430321592649311 0.020282186948853614 0.04900459418070444
1 0.40343915343915343 0.3116385911179173 0.02204585537918871 0.03522205206738132
1 0.39991181657848324 0.2848392036753446 0.013227513227513227 0.021439509954058193
1 0.38668430335097 0.27105666156202146 0.013227513227513227 0.030627871362940276
1 0.431657848324515 0.25344563552833077 0.013227513227513227 0.03522205206738132
1 0.4466490299823633 0.26416539050535986 0.013227513227513227 0.03522205206738132
1 0.46472663139329806 0.277947932618683 0.01763668430335097 0.03522205206738132
1 0.46781305114638444 0.2450229709035222 0.01146384479717813 0.02450229709035222
1 0.4739858906525573 0.2327718223583461 0.014991181657848324 0.02756508422664625
1 0.4466490299823633 0.3522205206738132 0.020282186948853614 0.045941807044410414
1 0.4334215167548501 0.3185298621745789 0.020282186948853614 0.045941807044410414
1 0.4673721340388007 0.3284839203675345 0.021164021164021163 0.04747320061255743
1 0.49823633156966485 0.3300153139356815 0.024691358024691357 0.04134762633996937
1 0.5074955908289241 0.273353751914242 0.01675485008818342 0.03522205206738132
1 0.52336860670194 0.28254211332312407 0.020282186948853614 0.04134762633996937
1 0.5229276895943562 0.24732006125574274 0.01763668430335097 0.03522205206738132
1 0.5449735449735449 0.25880551301684535 0.019400352733686066 0.03981623277182236
1 0.5612874779541446 0.2848392036753446 0.02204585537918871 0.045941807044410414
1 0.5864197530864197 0.2611026033690659 0.019400352733686066 0.03828483920367535
1 0.5723104056437389 0.2197549770290965 0.012345679012345678 0.026033690658499236
1 0.5850970017636684 0.20673813169984687 0.01675485008818342 0.030627871362940276
1 0.6155202821869488 0.2549770290964778 0.01763668430335097 0.03215926493108729
1 0.6225749559082892 0.2082695252679939 0.01763668430335097 0.030627871362940276
1 0.6428571428571428 0.2082695252679939 0.015873015873015872 0.033690658499234305
1 0.6538800705467371 0.22588055130168455 0.014991181657848324 0.02909647779479326
1 0.6507936507936507 0.2572741194486983 0.019400352733686066 0.036753445635528334
1 0.6812169312169312 0.2105666156202144 0.01675485008818342 0.03522205206738132
1 0.693121693121693 0.2343032159264931 0.015873015873015872 0.033690658499234305
1 0.6997354497354497 0.2197549770290965 0.01675485008818342 0.03828483920367535
1 0.6860670194003526 0.2833078101071976 0.021164021164021163 0.03981623277182236
1 0.724426807760141 0.26416539050535986 0.020282186948853614 0.03828483920367535
1 0.7328042328042328 0.30857580398162326 0.019400352733686066 0.04134762633996937
1 0.6984126984126984 0.332312404287902 0.02292768959435626 0.042879019908116385
1 0.6481481481481481 0.3169984686064319 0.02292768959435626 0.03981623277182236
1 0.611111111111111 0.33690658499234305 0.029982363315696647 0.045941807044410414
1 0.5418871252204586 0.37978560490045943 0.0291005291005291 0.0551301684532925
1 0.4739858906525573 0.4326186830015314 0.03791887125220458 0.056661562021439515
1 0.5326278659611993 0.44869831546707506 0.037037037037037035 0.0765696784073507
1 0.6005291005291005 0.4670750382848392 0.03527336860670194 0.0765696784073507
1 0.6459435626102292 0.4877488514548239 0.03439153439153439 0.07503828483920368
1 0.6732804232804233 0.3874425727411945 0.030864197530864196 0.06125574272588055
1 0.6622574955908289 0.3522205206738132 0.021164021164021163 0.03981623277182236
1 0.6261022927689595 0.39280245022970905 0.029982363315696647 0.053598774885145486
1 0.7231040564373897 0.5712098009188362 0.04056437389770723 0.0765696784073507
1 0.7103174603174602 0.38284839203675347 0.027336860670194002 0.0551301684532925
1 0.7411816578483245 0.42496171516079634 0.030864197530864196 0.06278713629402757
1 0.79673721340388 0.4418070444104135 0.03262786596119929 0.06278713629402757
1 0.8536155202821869 0.5428790199081164 0.04056437389770723 0.08422664624808576
1 0.882716049382716 0.4900459418070444 0.03350970017636684 0.0765696784073507
1 0.9506172839506173 0.4908116385911179 0.03527336860670194 0.0781010719754977
1 0.8884479717813051 0.4065849923430322 0.027336860670194002 0.05972434915773354
1 0.8399470899470899 0.3728943338437979 0.023809523809523808 0.05053598774885146
1 0.8536155202821869 0.35298621745788666 0.019400352733686066 0.03828483920367535
1 0.8293650793650793 0.31470137825421135 0.018518518518518517 0.03828483920367535
1 0.8020282186948853 0.2856049004594181 0.018518518518518517 0.03828483920367535
1 0.7883597883597884 0.2741194486983155 0.01763668430335097 0.03981623277182236
1 0.7698412698412698 0.273353751914242 0.021164021164021163 0.0444104134762634
1 0.7588183421516754 0.2450229709035222 0.020282186948853614 0.033690658499234305
1 0.8077601410934744 0.2442572741194487 0.015873015873015872 0.04134762633996937
1 0.8381834215167548 0.24655436447166923 0.01675485008818342 0.02756508422664625
1 0.849647266313933 0.27105666156202146 0.01675485008818342 0.036753445635528334
1 0.8725749559082892 0.2611026033690659 0.01146384479717813 0.02909647779479326
1 0.8844797178130511 0.2787136294027565 0.015873015873015872 0.036753445635528334
1 0.9029982363315696 0.2649310872894334 0.015873015873015872 0.036753445635528334
1 0.8796296296296295 0.3346094946401225 0.020282186948853614 0.05053598774885146
1 0.9052028218694885 0.34839203675344566 0.02204585537918871 0.04747320061255743
1 0.9298941798941799 0.3315467075038285 0.02204585537918871 0.03828483920367535
1 0.9316578483245149 0.2986217457886677 0.018518518518518517 0.03981623277182236
1 0.9497354497354497 0.3346094946401225 0.021164021164021163 0.05053598774885146
1 0.9563492063492063 0.3169984686064319 0.014991181657848324 0.033690658499234305
1 0.9748677248677248 0.29096477794793263 0.01146384479717813 0.02450229709035222
1 0.9788359788359788 0.31316998468606433 0.012345679012345678 0.03828483920367535
1 0.9770723104056437 0.37978560490045943 0.021164021164021163 0.045941807044410414
