1 0.826875 0.6543151969981238 0.07875 0.11538461538461539
1 0.76 0.6181988742964353 0.051250000000000004 0.07692307692307693
1 0.6278125 0.6111632270168855 0.055625 0.08724202626641651
1 0.5290625 0.6693245778611632 0.073125 0.11350844277673545
1 0.46625 0.6050656660412758 0.0525 0.08442776735459662
1 0.4146875 0.9052532833020638 0.21937500000000001 0.18198874296435272
1 0.26875 0.6815196998123827 0.065 0.11350844277673545
1 0.275625 0.6378986866791745 0.0575 0.075046904315197
1 0.2790625 0.5478424015009381 0.036875 0.05065666041275797
1 0.32406250000000003 0.5347091932457786 0.028125 0.03564727954971857
1 0.171875 0.6050656660412758 0.0475 0.0675422138836773
1 0.15 0.5816135084427767 0.03875 0.054409005628517824
1 0.1496875 0.551125703564728 0.033125 0.04409005628517824
1 0.1690625 0.5196998123827392 0.024375 0.0450281425891182
1 0.1078125 0.5469043151969981 0.033125 0.04878048780487805
1 0.058750000000000004 0.5938086303939962 0.06375 0.0900562851782364
1 0.120625 0.6796435272045028 0.0825 0.12101313320825516
1 0.04125 0.49577861163227016 0.02625 0.04784240150093809
1 0.07375 0.47560975609756095 0.02375 0.03564727954971857
1 0.0984375 0.4924953095684803 0.025625000000000002 0.0375234521575985
1 0.0678125 0.4530956848030019 0.016875 0.028142589118198873
1 0.1353125 0.4629455909943715 0.018125 0.03095684803001876
1 0.154375 0.4910881801125704 0.0225 0.036585365853658534
1 0.14625 0.44887429643527205 0.01375 0.025328330206378986
1 0.1853125 0.46669793621013134 0.018125 0.029080675422138838
1 0.18875 0.45121951219512196 0.0175 0.028142589118198873
1 0.215 0.48592870544090055 0.02125 0.03189493433395872
1 0.243125 0.5117260787992496 0.02375 0.038461538461538464
1 0.2409375 0.46669793621013134 0.014375 0.029080675422138838
1 0.2684375 0.4826454033771107 0.018125 0.03095684803001876
1 0.273125 0.4535647279549719 0.01625 0.03095684803001876
1 0.3021875 0.45825515947467166 0.015625 0.02345215759849906
1 0.3365625 0.4540337711069418 0.014375 0.024390243902439025
1 0.3053125 0.49577861163227016 0.020625 0.036585365853658534
1 0.325625 0.4549718574108818 0.01125 0.0225140712945591
1 0.365 0.45919324577861165 0.0175 0.025328330206378986
1 0.39687500000000003 0.475140712945591 0.01625 0.02345215759849906
1 0.405625 0.45872420262664165 0.01375 0.028142589118198873
1 0.4171875 0.4446529080675422 0.014375 0.0300187617260788
1 0.43593750000000003 0.46763602251407127 0.016875 0.03283302063789869
1 0.4421875 0.4901500938086304 0.018125 0.027204502814258912
1 0.4509375 0.46622889305816134 0.014375 0.0225140712945591
1 0.4821875 0.4793621013133208 0.020625 0.028142589118198873
1 0.48531250000000004 0.4549718574108818 0.014375 0.0225140712945591
1 0.5003125 0.44887429643527205 0.010625 0.025328330206378986
1 0.4990625 0.4826454033771107 0.018125 0.03283302063789869
1 0.5096875 0.5220450281425891 0.019375 0.036585365853658534
1 0.53125 0.4812382739212008 0.015 0.0300187617260788
1 0.5340625 0.45590994371482174 0.016875 0.0300187617260788
1 0.5559375 0.49906191369606 0.020625 0.0375234521575985
1 0.56125 0.5290806754221389 0.01875 0.028142589118198873
1 0.5815625 0.5028142589118199 0.014375 0.028142589118198873
1 0.575625 0.474671669793621 0.01625 0.0300187617260788
1 0.574375 0.4545028142589118 0.01375 0.027204502814258912
1 0.6228125 0.474671669793621 0.016875 0.03189493433395872
1 0.6353125000000001 0.5225140712945591 0.020625 0.03189493433395872
1 0.6521875 0.48686679174484054 0.014375 0.026266416510318948
1 0.6671875 0.49859287054409007 0.018125 0.03283302063789869
1 0.6871875000000001 0.4948405253283302 0.015625 0.025328330206378986
1 0.7056250000000001 0.4873358348968105 0.02375 0.04409005628517824
1 0.7075 0.4629455909943715 0.0125 0.029080675422138838
1 0.734375 0.5046904315196998 0.01375 0.020637898686679174
1 0.75875 0.5079737335834896 0.01875 0.03470919324577861
1 0.729375 0.48874296435272047 0.01375 0.0225140712945591
