1 0.11875000000000001 0.5294943820224719 0.0425 0.0702247191011236
1 0.22 0.34339887640449435 0.016666666666666666 0.0351123595505618
1 0.2504166666666667 0.36446629213483145 0.01916666666666667 0.046348314606741575
1 0.2854166666666667 0.36235955056179775 0.01916666666666667 0.0449438202247191
1 0.2783333333333334 0.3146067415730337 0.018333333333333333 0.033707865168539325
1 0.33166666666666667 0.35112359550561795 0.023333333333333334 0.047752808988764044
1 0.37333333333333335 0.3419943820224719 0.018333333333333333 0.0351123595505618
1 0.4033333333333334 0.34129213483146065 0.016666666666666666 0.03651685393258427
1 0.34625 0.3012640449438202 0.01916666666666667 0.0351123595505618
1 0.40125000000000005 0.30617977528089885 0.015833333333333335 0.028089887640449437
1 0.4441666666666667 0.3532303370786517 0.021666666666666667 0.03792134831460674
1 0.385 0.2675561797752809 0.013333333333333334 0.03230337078651685
1 0.4216666666666667 0.2584269662921348 0.013333333333333334 0.02247191011235955
1 0.4566666666666667 0.28441011235955055 0.016666666666666666 0.02949438202247191
1 0.45 0.2584269662921348 0.013333333333333334 0.025280898876404494
1 0.46375000000000005 0.2366573033707865 0.010833333333333334 0.018258426966292134
1 0.4591666666666667 0.25351123595505615 0.011666666666666667 0.023876404494382022
1 0.5004166666666667 0.32724719101123595 0.022500000000000003 0.03651685393258427
1 0.46625000000000005 0.31601123595505615 0.020833333333333336 0.033707865168539325
1 0.5175000000000001 0.2851123595505618 0.021666666666666667 0.03089887640449438
1 0.5008333333333334 0.27457865168539325 0.015000000000000001 0.026685393258426966
1 0.5479166666666667 0.2521067415730337 0.014166666666666668 0.03230337078651685
1 0.5683333333333334 0.2816011235955056 0.016666666666666666 0.0351123595505618
1 0.5804166666666667 0.27106741573033705 0.014166666666666668 0.033707865168539325
1 0.55625 0.22401685393258428 0.014166666666666668 0.023876404494382022
1 0.5745833333333333 0.21558988764044942 0.015833333333333335 0.02949438202247191
1 0.6083333333333334 0.20646067415730338 0.015000000000000001 0.028089887640449437
1 0.6245833333333334 0.21980337078651685 0.014166666666666668 0.026685393258426966
1 0.6408333333333334 0.22752808988764045 0.018333333333333333 0.028089887640449437
1 0.64 0.25702247191011235 0.018333333333333333 0.025280898876404494
1 0.6000000000000001 0.25491573033707865 0.015000000000000001 0.023876404494382022
1 0.6679166666666667 0.21629213483146068 0.014166666666666668 0.025280898876404494
1 0.6995833333333333 0.2226123595505618 0.015833333333333335 0.03230337078651685
1 0.6754166666666667 0.23314606741573032 0.0125 0.028089887640449437
1 0.7050000000000001 0.25912921348314605 0.02 0.03792134831460674
1 0.6691666666666667 0.2851123595505618 0.02 0.033707865168539325
1 0.63375 0.31320224719101125 0.01916666666666667 0.03651685393258427
1 0.5991666666666667 0.33497191011235955 0.02666666666666667 0.04915730337078651
1 0.5291666666666667 0.3813202247191011 0.028333333333333335 0.046348314606741575
1 0.46 0.42485955056179775 0.03333333333333333 0.06039325842696629
1 0.5245833333333334 0.44030898876404495 0.035833333333333335 0.0547752808988764
1 0.5879166666666668 0.4515449438202247 0.0325 0.06601123595505617
1 0.59125 0.3890449438202247 0.025833333333333337 0.05056179775280899
1 0.6395833333333334 0.3658707865168539 0.0175 0.04073033707865169
1 0.66 0.37570224719101125 0.023333333333333334 0.05196629213483146
1 0.6370833333333333 0.4803370786516854 0.030833333333333334 0.0702247191011236
1 0.6987500000000001 0.5470505617977528 0.04083333333333333 0.0800561797752809
1 0.7212500000000001 0.41713483146067415 0.0275 0.05898876404494382
1 0.6900000000000001 0.3714887640449438 0.023333333333333334 0.04073033707865169
1 0.6837500000000001 0.31952247191011235 0.020833333333333336 0.046348314606741575
1 0.7129166666666668 0.300561797752809 0.01916666666666667 0.03932584269662921
1 0.7341666666666667 0.25140449438202245 0.015000000000000001 0.03089887640449438
1 0.76 0.2366573033707865 0.015000000000000001 0.03230337078651685
1 0.7833333333333334 0.24508426966292135 0.015000000000000001 0.03792134831460674
1 0.7704166666666667 0.2837078651685393 0.015833333333333335 0.03651685393258427
1 0.7608333333333334 0.2661516853932584 0.015000000000000001 0.023876404494382022
1 0.81 0.24929775280898875 0.016666666666666666 0.03792134831460674
1 0.8208333333333334 0.3026685393258427 0.021666666666666667 0.03230337078651685
1 0.8408333333333334 0.25912921348314605 0.013333333333333334 0.03230337078651685
1 0.8579166666666668 0.2837078651685393 0.014166666666666668 0.042134831460674156
1 0.8670833333333334 0.2752808988764045 0.0125 0.03932584269662921
1 0.8804166666666667 0.2633426966292135 0.0125 0.02949438202247191
1 0.8970833333333333 0.2808988764044944 0.0175 0.042134831460674156
1 0.9333333333333333 0.30547752808988765 0.018333333333333333 0.04073033707865169
1 0.9400000000000001 0.28441011235955055 0.016666666666666666 0.02949438202247191
1 0.8495833333333334 0.3279494382022472 0.022500000000000003 0.03792134831460674
1 0.8779166666666667 0.3188202247191011 0.0175 0.033707865168539325
1 0.9104166666666668 0.34058988764044945 0.0175 0.043539325842696625
1 0.9329166666666667 0.3658707865168539 0.0175 0.04915730337078651
1 0.8120833333333334 0.36235955056179775 0.02416666666666667 0.06179775280898876
1 0.8225 0.3342696629213483 0.018333333333333333 0.028089887640449437
1 0.8633333333333334 0.3771067415730337 0.025 0.046348314606741575
1 0.775 0.4396067415730337 0.03333333333333333 0.05898876404494382
1 0.8275 0.5210674157303371 0.03333333333333333 0.07584269662921347
1 0.8500000000000001 0.46980337078651685 0.03333333333333333 0.0547752808988764
1 0.9154166666666668 0.48946629213483145 0.037500000000000006 0.07443820224719101
1 0.9125000000000001 0.4431179775280899 0.021666666666666667 0.04073033707865169
1 0.42833333333333334 0.31601123595505615 0.018333333333333333 0.03932584269662921
1 0.515 0.25702247191011235 0.015000000000000001 0.025280898876404494
