1 0.026556776556776556 0.4108527131782946 0.04945054945054945 0.10852713178294573
1 0.32783882783882784 0.28294573643410853 0.14285714285714285 0.2144702842377261
1 0.38553113553113555 0.4224806201550388 0.08974358974358974 0.16795865633074936
1 0.49175824175824173 0.4560723514211886 0.05311355311355311 0.08527131782945736
1 0.43772893772893773 0.46640826873385016 0.029304029304029304 0.06459948320413438
1 0.45695970695970695 0.39534883720930236 0.023809523809523808 0.0516795865633075
1 0.5238095238095238 0.4186046511627907 0.021978021978021976 0.041343669250646
1 0.5558608058608059 0.47028423772609823 0.04212454212454213 0.0723514211886305
1 0.575091575091575 0.43669250645994834 0.03296703296703297 0.056847545219638244
1 0.5338827838827839 0.2803617571059432 0.11538461538461539 0.17312661498708012
1 0.7783882783882784 0.5025839793281653 0.054945054945054944 0.12144702842377261
1 0.7445054945054945 0.4470284237726098 0.045787545787545784 0.09302325581395349
1 0.7967032967032966 0.43927648578811374 0.040293040293040296 0.06718346253229975
1 0.8296703296703297 0.4741602067183463 0.04395604395604395 0.08527131782945736
1 0.8672161172161172 0.44573643410852715 0.05311355311355311 0.10077519379844961
1 0.9221611721611722 0.48578811369509045 0.04945054945054945 0.0723514211886305
1 0.9413919413919414 0.46640826873385016 0.029304029304029304 0.05943152454780362
