1 0.7266666666666667 0.11278195488721804 0.05666666666666667 0.09022556390977443
1 0.5416666666666667 0.6553884711779449 0.08666666666666667 0.15288220551378445
1 0.4683333333333334 0.5664160401002506 0.07666666666666667 0.11528822055137844
1 0.4441666666666667 0.512531328320802 0.055 0.09273182957393483
1 0.41000000000000003 0.4649122807017544 0.060000000000000005 0.08771929824561403
1 0.37333333333333335 0.42606516290726815 0.05 0.08020050125313283
1 0.3325 0.40476190476190477 0.04166666666666667 0.07268170426065163
1 0.37583333333333335 0.36466165413533835 0.04833333333333334 0.05764411027568922
1 0.33416666666666667 0.3333333333333333 0.035 0.06015037593984962
1 0.3716666666666667 0.2919799498746867 0.030000000000000002 0.05764411027568922
1 0.18666666666666668 0.3070175438596491 0.043333333333333335 0.06265664160401002
1 0.19833333333333333 0.28696741854636587 0.030000000000000002 0.05263157894736842
1 0.14333333333333334 0.3671679197994987 0.04666666666666667 0.06766917293233082
1 0.1325 0.3283208020050125 0.04166666666666667 0.05012531328320802
1 0.07666666666666667 0.43859649122807015 0.06333333333333334 0.10025062656641603
1 0.08333333333333334 0.38972431077694236 0.060000000000000005 0.07769423558897243
1 0.0475 0.5363408521303258 0.09166666666666667 0.11027568922305764
1 0.0275 0.46115288220551376 0.05166666666666667 0.10025062656641603
1 0.03166666666666667 0.6541353383458646 0.05666666666666667 0.11027568922305764
1 0.06166666666666667 0.7694235588972431 0.11333333333333334 0.17042606516290726
