1 0.0809090909090909 0.5622895622895623 0.02727272727272727 0.0606060606060606
1 0.1290909090909091 0.5875420875420875 0.025454545454545455 0.057239057239057235
1 0.13454545454545455 0.7104377104377104 0.03636363636363636 0.06734006734006734
1 0.2 0.7188552188552189 0.02909090909090909 0.057239057239057235
1 0.18272727272727274 0.5791245791245792 0.02727272727272727 0.05387205387205387
1 0.16545454545454547 0.5555555555555556 0.025454545454545455 0.05387205387205387
1 0.2109090909090909 0.5740740740740741 0.02181818181818182 0.050505050505050504
1 0.23363636363636364 0.5824915824915825 0.02 0.05387205387205387
1 0.25545454545454543 0.5841750841750841 0.02727272727272727 0.057239057239057235
1 0.27 0.7508417508417508 0.03090909090909091 0.06734006734006734
1 0.29 0.601010101010101 0.02727272727272727 0.050505050505050504
1 0.28545454545454546 0.5639730639730639 0.025454545454545455 0.050505050505050504
1 0.3090909090909091 0.5942760942760943 0.025454545454545455 0.057239057239057235
1 0.33090909090909093 0.5740740740740741 0.025454545454545455 0.050505050505050504
1 0.3418181818181818 0.5791245791245792 0.02181818181818182 0.05387205387205387
1 0.32636363636363636 0.7205387205387205 0.034545454545454546 0.06734006734006734
1 0.36454545454545456 0.5892255892255892 0.023636363636363636 0.05387205387205387
1 0.37727272727272726 0.5892255892255892 0.023636363636363636 0.05387205387205387
1 0.3981818181818182 0.5774410774410774 0.025454545454545455 0.050505050505050504
1 0.42454545454545456 0.5707070707070707 0.023636363636363636 0.050505050505050504
1 0.3990909090909091 0.7188552188552189 0.038181818181818185 0.07744107744107744
1 0.46090909090909093 0.7373737373737373 0.03090909090909091 0.0606060606060606
1 0.4536363636363636 0.5791245791245792 0.02 0.05387205387205387
1 0.4781818181818182 0.5858585858585859 0.02181818181818182 0.0606060606060606
1 0.4909090909090909 0.5740740740740741 0.01818181818181818 0.050505050505050504
1 0.5054545454545455 0.5774410774410774 0.02181818181818182 0.050505050505050504
1 0.519090909090909 0.7138047138047138 0.03090909090909091 0.0606060606060606
1 0.5354545454545454 0.5791245791245792 0.023636363636363636 0.0606060606060606
1 0.5663636363636364 0.5858585858585859 0.02 0.0606060606060606
1 0.5909090909090909 0.6043771043771043 0.025454545454545455 0.057239057239057235
1 0.5909090909090909 0.5723905723905723 0.01818181818181818 0.0404040404040404
1 0.5827272727272728 0.7222222222222222 0.03090909090909091 0.0707070707070707
1 0.6309090909090909 0.712121212121212 0.02909090909090909 0.0707070707070707
1 0.6154545454545455 0.5841750841750841 0.023636363636363636 0.050505050505050504
1 0.6327272727272727 0.5622895622895623 0.01818181818181818 0.04713804713804714
1 0.649090909090909 0.5774410774410774 0.02181818181818182 0.050505050505050504
1 0.6718181818181819 0.5875420875420875 0.02 0.050505050505050504
1 0.6845454545454546 0.5723905723905723 0.02 0.0404040404040404
1 0.6990909090909091 0.5942760942760943 0.023636363636363636 0.057239057239057235
1 0.7136363636363636 0.5892255892255892 0.02 0.04713804713804714
1 0.73 0.5656565656565656 0.02 0.04713804713804714
1 0.74 0.5959595959595959 0.025454545454545455 0.0606060606060606
1 0.6827272727272727 0.7424242424242424 0.023636363636363636 0.057239057239057235
1 0.74 0.7272727272727273 0.02909090909090909 0.0606060606060606
1 0.7672727272727272 0.5942760942760943 0.02181818181818182 0.043771043771043766
1 0.7963636363636364 0.6060606060606061 0.02181818181818182 0.05387205387205387
1 0.8227272727272728 0.5925925925925926 0.023636363636363636 0.0606060606060606
1 0.8481818181818181 0.5942760942760943 0.023636363636363636 0.057239057239057235
1 0.8627272727272727 0.7373737373737373 0.03090909090909091 0.06734006734006734
1 0.81 0.7373737373737373 0.02727272727272727 0.06734006734006734
1 0.899090909090909 0.6043771043771043 0.023636363636363636 0.050505050505050504
1 0.8881818181818182 0.5774410774410774 0.02 0.043771043771043766
1 0.9445454545454546 0.5757575757575757 0.03090909090909091 0.0606060606060606
