1 0.07175925925925926 0.21296296296296294 0.045524691358024685 0.11042524005486967
1 0.19290123456790123 0.23045267489711932 0.05401234567901234 0.1262002743484225
1 0.3310185185185185 0.22016460905349794 0.08333333333333333 0.1646090534979424
1 0.5368441358024691 0.20301783264746226 0.10686728395061727 0.22770919067215362
1 0.6334876543209876 0.21090534979423867 0.051697530864197525 0.08710562414266117
1 0.7098765432098765 0.21056241426611796 0.03626543209876543 0.08093278463648833
1 0.7563657407407407 0.21124828532235937 0.028935185185185182 0.0823045267489712
1 0.8030478395061728 0.22427983539094648 0.06674382716049382 0.15089163237311384
1 0.8335262345679012 0.19547325102880658 0.028935185185185182 0.0905349794238683
1 0.8501157407407407 0.21536351165980794 0.02353395061728395 0.06858710562414265
1 0.9145447530864197 0.19135802469135801 0.04205246913580247 0.07956104252400548
