1 0.3305 0.1962025316455696 0.025 0.04159132007233273
1 0.431 0.24321880650994573 0.02 0.04159132007233273
1 0.436 0.2043399638336347 0.022 0.05063291139240506
1 0.45 0.20795660036166363 0.018000000000000002 0.04701627486437613
1 0.5 0.22151898734177214 0.022 0.048824593128390596
1 0.5105000000000001 0.14285714285714285 0.015 0.0325497287522604
1 0.558 0.20253164556962025 0.022 0.054249547920433995
1 0.5735 0.1220614828209765 0.015 0.027124773960216998
1 0.652 0.1166365280289331 0.014 0.03074141048824593
1 0.643 0.244122965641953 0.026000000000000002 0.05786618444846293
