1 0.085 0.2818991097922849 0.04666666666666667 0.08308605341246292
1 0.13083333333333333 0.23887240356083086 0.035 0.08011869436201781
1 0.1575 0.2314540059347181 0.03166666666666667 0.0771513353115727
1 0.17333333333333334 0.29525222551928787 0.03333333333333333 0.08605341246290801
1 0.22166666666666668 0.2551928783382789 0.03666666666666667 0.0712166172106825
1 0.23333333333333334 0.21216617210682492 0.030000000000000002 0.06231454005934718
1 0.2841666666666667 0.2522255192878338 0.03833333333333334 0.06528189910979229
1 0.2775 0.3887240356083086 0.04833333333333334 0.09495548961424333
1 0.37833333333333335 0.4599406528189911 0.04666666666666667 0.11275964391691395
1 0.36500000000000005 0.3902077151335312 0.043333333333333335 0.08605341246290801
1 0.44083333333333335 0.2744807121661721 0.035 0.0741839762611276
1 0.4716666666666667 0.2522255192878338 0.02666666666666667 0.05341246290801187
1 0.5058333333333334 0.30415430267062316 0.025 0.050445103857566766
1 0.5533333333333333 0.30712166172106825 0.02666666666666667 0.06231454005934718
1 0.46166666666666667 0.43768545994065283 0.05 0.11572700296735905
1 0.5125000000000001 0.48961424332344217 0.07500000000000001 0.1483679525222552
1 0.5408333333333334 0.3931750741839763 0.035 0.08605341246290801
1 0.6016666666666667 0.3620178041543027 0.03333333333333333 0.06528189910979229
1 0.6283333333333334 0.4020771513353116 0.04666666666666667 0.08605341246290801
1 0.64 0.5489614243323442 0.06666666666666667 0.13649851632047477
1 0.7733333333333334 0.6646884272997033 0.10666666666666667 0.20771513353115728
1 0.9550000000000001 0.6231454005934718 0.09000000000000001 0.19584569732937687
1 0.775 0.45845697329376855 0.05 0.09792284866468844
1 0.7125 0.40949554896142437 0.03833333333333334 0.0712166172106825
1 0.6950000000000001 0.35459940652818994 0.03666666666666667 0.06824925816023739
1 0.7491666666666668 0.34718100890207715 0.03166666666666667 0.06528189910979229
1 0.7833333333333334 0.3397626112759644 0.02666666666666667 0.05637982195845698
1 0.8425 0.39762611275964393 0.03833333333333334 0.0771513353115727
1 0.885 0.42878338278931755 0.043333333333333335 0.09792284866468844
1 0.8483333333333334 0.3397626112759644 0.02666666666666667 0.06231454005934718
1 0.9266666666666667 0.3649851632047478 0.03333333333333333 0.06528189910979229
1 0.925 0.33086053412462907 0.030000000000000002 0.04451038575667656
1 0.9808333333333334 0.3486646884272997 0.025 0.06231454005934718
1 0.9900000000000001 0.4302670623145401 0.02 0.08308605341246292
