1 0.17610364683301344 0.46113989637305697 0.04510556621880998 0.08635578583765112
1 0.2696737044145873 0.22711571675302245 0.019193857965451054 0.03281519861830742
1 0.29558541266794625 0.24352331606217614 0.02495201535508637 0.048359240069084625
1 0.3426103646833013 0.22711571675302245 0.02111324376199616 0.04317789291882556
1 0.34644913627639157 0.19084628670120898 0.01727447216890595 0.039723661485319514
1 0.3661228406909789 0.19430051813471502 0.01439539347408829 0.03626943005181347
1 0.3761996161228407 0.2003454231433506 0.015355086372360844 0.027633851468048358
1 0.39875239923224565 0.2219343696027634 0.018234165067178502 0.03626943005181347
1 0.41314779270633395 0.2081174438687392 0.025911708253358923 0.0535405872193437
1 0.3901151631477927 0.1701208981001727 0.01439539347408829 0.02936096718480138
1 0.44817658349328215 0.19948186528497408 0.02111324376199616 0.04317789291882556
1 0.43905950095969287 0.1770293609671848 0.01439539347408829 0.02936096718480138
1 0.43905950095969287 0.1459412780656304 0.01439539347408829 0.02245250431778929
1 0.4788867562380038 0.1545768566493955 0.01727447216890595 0.03626943005181347
1 0.486084452975048 0.14162348877374784 0.012476007677543186 0.024179620034542312
1 0.4971209213051823 0.1312607944732297 0.011516314779270634 0.024179620034542312
1 0.5201535508637236 0.12867012089810018 0.011516314779270634 0.02936096718480138
1 0.5091170825335892 0.19516407599309152 0.018234165067178502 0.037996545768566495
1 0.5129558541266794 0.1692573402417962 0.016314779270633396 0.027633851468048358
1 0.5307101727447217 0.2167530224525043 0.023032629558541268 0.04317789291882556
1 0.5374280230326295 0.14335060449050085 0.013435700575815739 0.027633851468048358
1 0.5455854126679462 0.1459412780656304 0.01055662188099808 0.02245250431778929
1 0.5585412667946257 0.1407599309153713 0.013435700575815739 0.025906735751295335
1 0.5734165067178503 0.13212435233160622 0.012476007677543186 0.025906735751295335
1 0.5820537428023033 0.1234887737478411 0.01055662188099808 0.02245250431778929
1 0.5772552783109405 0.1770293609671848 0.02015355086372361 0.04317789291882556
1 0.6127639155470249 0.16062176165803108 0.016314779270633396 0.037996545768566495
1 0.6156429942418425 0.13730569948186527 0.018234165067178502 0.03281519861830742
1 0.6065259117082533 0.10967184801381692 0.013435700575815739 0.02936096718480138
1 0.6238003838771593 0.12089810017271156 0.015355086372360844 0.031088082901554404
1 0.6367562380038387 0.10362694300518134 0.012476007677543186 0.024179620034542312
1 0.6559500959692898 0.11053540587219343 0.016314779270633396 0.037996545768566495
1 0.6741842610364683 0.1070811744386874 0.01439539347408829 0.031088082901554404
1 0.6866602687140115 0.11658031088082901 0.012476007677543186 0.02936096718480138
1 0.7111324376199616 0.11830742659758203 0.013435700575815739 0.025906735751295335
1 0.5619001919385797 0.30483592400690845 0.02783109404990403 0.0535405872193437
1 0.5671785028790787 0.2607944732297064 0.02495201535508637 0.05181347150259067
1 0.6127639155470249 0.2504317789291882 0.022072936660268713 0.048359240069084625
1 0.6242802303262955 0.21502590673575128 0.02015355086372361 0.03626943005181347
1 0.6789827255278311 0.229706390328152 0.02399232245681382 0.04145077720207253
1 0.6679462571976967 0.18998272884283246 0.019193857965451054 0.037996545768566495
1 0.696257197696737 0.18998272884283246 0.022072936660268713 0.04145077720207253
1 0.7106525911708254 0.23834196891191708 0.02015355086372361 0.04490500863557858
1 0.6761036468330134 0.272020725388601 0.025911708253358923 0.056994818652849735
1 0.7404030710172744 0.2780656303972366 0.02399232245681382 0.05872193436960276
1 0.7509596928982726 0.2607944732297064 0.018234165067178502 0.04145077720207253
1 0.7715930902111324 0.25215889464594127 0.026871401151631478 0.048359240069084625
1 0.7394433781190018 0.20293609671848012 0.02015355086372361 0.039723661485319514
1 0.710172744721689 0.16839378238341968 0.019193857965451054 0.03626943005181347
1 0.7600767754318618 0.18307426597582038 0.01727447216890595 0.027633851468048358
1 0.7696737044145873 0.12607944732297063 0.015355086372360844 0.031088082901554404
1 0.7946257197696737 0.1614853195164076 0.013435700575815739 0.02936096718480138
1 0.783109404990403 0.15025906735751296 0.013435700575815739 0.031088082901554404
1 0.8171785028790787 0.1252158894645941 0.012476007677543186 0.025906735751295335
1 0.8075815738963531 0.15284974093264247 0.016314779270633396 0.03626943005181347
1 0.8325335892514395 0.16321243523316062 0.01439539347408829 0.03281519861830742
1 0.8488483685220729 0.15284974093264247 0.012476007677543186 0.025906735751295335
1 0.8560460652591171 0.19689119170984454 0.015355086372360844 0.03454231433506045
1 0.8392514395393473 0.20984455958549222 0.018234165067178502 0.03626943005181347
1 0.8450095969289827 0.23316062176165803 0.02015355086372361 0.03454231433506045
1 0.8790786948176583 0.25734024179620035 0.02111324376199616 0.06217616580310881
1 0.8248560460652591 0.3644214162348877 0.02783109404990403 0.048359240069084625
1 0.9174664107485604 0.39810017271157166 0.026871401151631478 0.056994818652849735
1 0.9251439539347408 0.29015544041450775 0.02495201535508637 0.055267702936096716
1 0.9213051823416506 0.2469775474956822 0.023032629558541268 0.04145077720207253
1 0.9419385796545106 0.19775474956822106 0.012476007677543186 0.03626943005181347
1 0.9347408829174664 0.17271157167530224 0.013435700575815739 0.031088082901554404
1 0.9049904030710172 0.15803108808290156 0.013435700575815739 0.03281519861830742
1 0.8963531669865643 0.19775474956822106 0.01727447216890595 0.03626943005181347
1 0.8814779270633397 0.1623488773747841 0.016314779270633396 0.031088082901554404
1 0.8685220729366603 0.17357512953367873 0.01727447216890595 0.03626943005181347
