1 0.20727272727272728 0.4016393442622951 0.12 0.2459016393442623
1 0.13545454545454547 0.2527322404371585 0.07818181818181819 0.1448087431693989
1 0.25 0.21584699453551912 0.05272727272727273 0.08196721311475409
1 0.29818181818181816 0.23224043715846995 0.05454545454545454 0.10382513661202186
1 0.37363636363636366 0.2336065573770492 0.06727272727272728 0.13387978142076504
1 0.44181818181818183 0.20081967213114754 0.05090909090909091 0.09016393442622951
1 0.47909090909090907 0.34972677595628415 0.08181818181818182 0.21311475409836064
1 0.5563636363636364 0.23224043715846995 0.05818181818181818 0.12568306010928962
1 0.5054545454545455 0.22131147540983606 0.03636363636363636 0.08743169398907104
1 0.5854545454545454 0.226775956284153 0.02909090909090909 0.08743169398907104
1 0.5954545454545455 0.18032786885245902 0.02727272727272727 0.060109289617486336
1 0.7072727272727273 0.2827868852459016 0.08 0.1721311475409836
1 0.8545454545454545 0.28415300546448086 0.06545454545454546 0.13114754098360656
1 0.9727272727272728 0.2336065573770492 0.05454545454545454 0.1557377049180328
1 0.81 0.226775956284153 0.05272727272727273 0.10382513661202186
