1 0.10291353383458646 0.48494983277591974 0.04981203007518797 0.09698996655518395
1 0.2424812030075188 0.23662207357859533 0.020676691729323307 0.038461538461538464
1 0.32424812030075184 0.2516722408026756 0.013157894736842105 0.03177257525083612
1 0.3820488721804511 0.2717391304347826 0.021616541353383457 0.03511705685618729
1 0.3665413533834586 0.25418060200668896 0.015037593984962405 0.030100334448160536
1 0.3298872180451128 0.2265886287625418 0.013157894736842105 0.02508361204013378
1 0.3139097744360902 0.23578595317725753 0.013157894736842105 0.030100334448160536
1 0.3651315789473684 0.18979933110367891 0.014097744360902255 0.02508361204013378
1 0.3872180451127819 0.1931438127090301 0.013157894736842105 0.028428093645484948
1 0.4022556390977443 0.21822742474916387 0.020676691729323307 0.028428093645484948
1 0.375 0.22408026755852842 0.013157894736842105 0.030100334448160536
1 0.41024436090225563 0.18561872909698995 0.014097744360902255 0.033444816053511704
1 0.45112781954887216 0.18896321070234112 0.011278195488721804 0.030100334448160536
1 0.4755639097744361 0.20150501672240803 0.015037593984962405 0.02508361204013378
1 0.4708646616541353 0.2391304347826087 0.018796992481203006 0.03678929765886287
1 0.5291353383458647 0.20735785953177258 0.020676691729323307 0.03678929765886287
1 0.512687969924812 0.1906354515050167 0.012218045112781954 0.030100334448160536
1 0.4976503759398496 0.16387959866220736 0.014097744360902255 0.030100334448160536
1 0.5230263157894737 0.1697324414715719 0.014097744360902255 0.028428093645484948
1 0.5493421052631579 0.16220735785953178 0.014097744360902255 0.03678929765886287
1 0.5780075187969924 0.16387959866220736 0.016917293233082706 0.033444816053511704
1 0.5742481203007519 0.12123745819397994 0.013157894736842105 0.03177257525083612
1 0.581766917293233 0.14214046822742474 0.015037593984962405 0.030100334448160536
1 0.5906954887218044 0.1245819397993311 0.012218045112781954 0.03177257525083612
1 0.6193609022556391 0.14966555183946487 0.013157894736842105 0.02508361204013378
1 0.4600563909774436 0.22742474916387959 0.017857142857142856 0.033444816053511704
1 0.4840225563909774 0.3394648829431438 0.02631578947368421 0.05016722408026756
1 0.556390977443609 0.3102006688963211 0.02443609022556391 0.061872909698996656
1 0.6005639097744361 0.32525083612040134 0.02819548872180451 0.05518394648829431
1 0.5944548872180451 0.2683946488294314 0.023496240601503758 0.048494983277591976
1 0.6343984962406015 0.20903010033444816 0.016917293233082706 0.04013377926421405
1 0.6541353383458646 0.1939799331103679 0.015037593984962405 0.03678929765886287
1 0.6668233082706767 0.21906354515050167 0.019736842105263157 0.043478260869565216
1 0.6795112781954887 0.25752508361204013 0.020676691729323307 0.05016722408026756
1 0.718984962406015 0.2842809364548495 0.022556390977443608 0.046822742474916385
1 0.7194548872180451 0.21906354515050167 0.017857142857142856 0.04013377926421405
1 0.7039473684210525 0.1906354515050167 0.018796992481203006 0.04013377926421405
1 0.6983082706766917 0.1596989966555184 0.013157894736842105 0.028428093645484948
1 0.7114661654135338 0.14799331103678928 0.011278195488721804 0.03177257525083612
1 0.7297932330827067 0.16304347826086957 0.015977443609022556 0.03511705685618729
1 0.7476503759398496 0.15217391304347827 0.014097744360902255 0.033444816053511704
1 0.7382518796992481 0.12374581939799331 0.014097744360902255 0.033444816053511704
1 0.7744360902255638 0.12792642140468227 0.013157894736842105 0.02508361204013378
1 0.7687969924812029 0.1588628762541806 0.016917293233082706 0.03678929765886287
1 0.787124060150376 0.18478260869565216 0.017857142857142856 0.03511705685618729
1 0.7420112781954887 0.18896321070234112 0.014097744360902255 0.030100334448160536
1 0.7659774436090225 0.2265886287625418 0.020676691729323307 0.0451505016722408
1 0.7828947368421052 0.2834448160535117 0.02443609022556391 0.048494983277591976
1 0.8421052631578947 0.3269230769230769 0.02443609022556391 0.05852842809364548
1 0.8660714285714285 0.26672240802675584 0.021616541353383457 0.05518394648829431
1 0.9140037593984962 0.27424749163879597 0.017857142857142856 0.04013377926421405
1 0.9234022556390977 0.23244147157190634 0.017857142857142856 0.046822742474916385
1 0.887687969924812 0.20150501672240803 0.015977443609022556 0.03511705685618729
1 0.894736842105263 0.1697324414715719 0.015037593984962405 0.03511705685618729
1 0.8552631578947368 0.1688963210702341 0.015037593984962405 0.030100334448160536
1 0.8458646616541353 0.18394648829431437 0.015037593984962405 0.033444816053511704
1 0.8374060150375939 0.22324414715719063 0.016917293233082706 0.03511705685618729
1 0.8096804511278195 0.15635451505016723 0.015977443609022556 0.038461538461538464
1 0.7890037593984962 0.14381270903010032 0.014097744360902255 0.030100334448160536
1 0.8341165413533834 0.13210702341137123 0.014097744360902255 0.033444816053511704
1 0.9708646616541353 0.33277591973244147 0.03571428571428571 0.08361204013377926
