1 0.08574380165289257 0.4166666666666667 0.10950413223140495 0.18000000000000002
1 0.34710743801652894 0.5433333333333333 0.06611570247933884 0.11333333333333334
1 0.36260330578512395 0.4633333333333334 0.05165289256198347 0.08
1 0.503099173553719 0.49000000000000005 0.05991735537190083 0.08
1 0.48863636363636365 0.4216666666666667 0.03512396694214876 0.06333333333333334
1 0.5640495867768596 0.41500000000000004 0.03305785123966942 0.06333333333333334
1 0.6033057851239669 0.44 0.0371900826446281 0.06666666666666667
1 0.6260330578512396 0.4116666666666667 0.02066115702479339 0.05
1 0.6694214876033058 0.4266666666666667 0.03305785123966942 0.060000000000000005
1 0.7324380165289256 0.41000000000000003 0.022727272727272728 0.04666666666666667
1 0.9803719008264463 0.5183333333333333 0.03512396694214876 0.10333333333333335
1 0.9648760330578513 0.4666666666666667 0.04132231404958678 0.060000000000000005
1 0.9462809917355373 0.43333333333333335 0.028925619834710745 0.05333333333333334
1 0.972107438016529 0.4166666666666667 0.030991735537190084 0.060000000000000005
