1 0.23555776892430277 0.41134751773049644 0.06274900398406374 0.1347517730496454
1 0.3710159362549801 0.4654255319148936 0.07071713147410358 0.13652482269503546
1 0.2455179282868526 0.16489361702127658 0.022908366533864542 0.0425531914893617
1 0.40587649402390436 0.19946808510638298 0.022908366533864542 0.044326241134751775
1 0.43376494023904383 0.19946808510638298 0.018924302788844622 0.04078014184397163
1 0.44173306772908366 0.2562056737588652 0.02091633466135458 0.047872340425531915
1 0.4646414342629482 0.22163120567375885 0.022908366533864542 0.04609929078014184
1 0.48854581673306774 0.20833333333333331 0.022908366533864542 0.044326241134751775
1 0.5622509960159362 0.18351063829787234 0.026892430278884463 0.05851063829787234
1 0.6394422310756972 0.22695035460992907 0.02589641434262948 0.05673758865248227
1 0.5911354581673307 0.10283687943262411 0.014940239043824702 0.031914893617021274
1 0.6110557768924303 0.09397163120567376 0.014940239043824702 0.028368794326241134
1 0.6344621513944223 0.11524822695035461 0.01593625498007968 0.031914893617021274
1 0.6603585657370518 0.10904255319148935 0.01195219123505976 0.030141843971631204
