1 0.07786483839373164 0.3310810810810811 0.020568070519098924 0.030405405405405407
1 0.20421155729676788 0.5160472972972974 0.05190989226248776 0.09966216216216217
1 0.22331047992164546 0.23057432432432434 0.019588638589618023 0.03547297297297297
1 0.4338883447600392 0.2702702702702703 0.02742409402546523 0.04391891891891892
1 0.43046033300685604 0.21537162162162163 0.022526934378060727 0.03885135135135136
1 0.465230166503428 0.2221283783783784 0.025465230166503428 0.045608108108108114
1 0.4985308521057787 0.30658783783783783 0.03330068560235064 0.0625
1 0.555337904015671 0.3623310810810811 0.03330068560235064 0.05912162162162163
1 0.7350636630754163 0.14020270270270271 0.01665034280117532 0.04054054054054054
1 0.7678746327130265 0.14864864864864866 0.01762977473065622 0.0472972972972973
1 0.9074436826640548 0.21875 0.022526934378060727 0.05574324324324324
