1 0.17833333333333334 0.4968789013732834 0.3016666666666667 0.5842696629213483
1 0.3716666666666667 0.6092384519350812 0.11833333333333335 0.1797752808988764
1 0.24333333333333335 0.1560549313358302 0.060000000000000005 0.10486891385767791
1 0.26208333333333333 0.08052434456928839 0.04583333333333334 0.08114856429463171
1 0.4491666666666667 0.2128589263420724 0.06666666666666667 0.11610486891385768
1 0.5783333333333334 0.34269662921348315 0.07166666666666667 0.14856429463171036
1 0.5729166666666667 0.1379525593008739 0.04583333333333334 0.09612983770287141
1 0.7366666666666667 0.20287141073657927 0.05333333333333334 0.09113607990012484
1 0.70875 0.13420724094881398 0.035833333333333335 0.05368289637952559
1 0.8808333333333334 0.21161048689138576 0.05333333333333334 0.09363295880149813
1 0.7870833333333334 0.4787765293383271 0.09583333333333334 0.16853932584269662
