1 0.08740234375 0.2759882869692533 0.1083984375 0.18887262079062958
1 0.1474609375 0.14275256222547583 0.05859375 0.09809663250366032
1 0.24072265625 0.14348462664714495 0.0537109375 0.09663250366032211
1 0.310546875 0.2445095168374817 0.10546875 0.16105417276720352
1 0.4921875 0.37481698389458273 0.134765625 0.2664714494875549
1 0.427734375 0.1698389458272328 0.068359375 0.10834553440702782
1 0.50634765625 0.1354319180087848 0.0634765625 0.11273792093704246
1 0.6787109375 0.3140556368960469 0.123046875 0.2240117130307467
1 0.70263671875 0.191800878477306 0.0830078125 0.13469985358711567
1 0.82470703125 0.15519765739385066 0.0791015625 0.12298682284040996
