1 0.554 0.4575645756457564 0.024 0.05166051660516605
1 0.461 0.7841328413284132 0.11 0.2177121771217712
1 0.241 0.8560885608856088 0.194 0.2656826568265683
1 0.197 0.7084870848708487 0.08600000000000001 0.12546125461254612
1 0.153 0.6734317343173432 0.058 0.1070110701107011
1 0.029 0.6162361623616236 0.05 0.11808118081180811
1 0.061 0.6014760147601476 0.038 0.08118081180811808
1 0.091 0.584870848708487 0.022 0.047970479704797044
1 0.218 0.5977859778597786 0.028 0.06642066420664207
1 0.246 0.6697416974169742 0.036000000000000004 0.07011070110701106
1 0.262 0.6328413284132841 0.036000000000000004 0.06273062730627306
1 0.257 0.5904059040590406 0.03 0.05904059040590406
1 0.309 0.6180811808118081 0.026000000000000002 0.06273062730627306
1 0.336 0.6568265682656826 0.04 0.06642066420664207
1 0.342 0.6273062730627306 0.028 0.05904059040590406
1 0.369 0.6254612546125461 0.022 0.047970479704797044
1 0.385 0.6420664206642066 0.022 0.05166051660516605
1 0.398 0.7121771217712177 0.052000000000000005 0.11070110701107011
1 0.42 0.6328413284132841 0.028 0.07011070110701106
1 0.445 0.6365313653136531 0.034 0.07749077490774907
1 0.47100000000000003 0.6328413284132841 0.026000000000000002 0.07011070110701106
1 0.492 0.6328413284132841 0.024 0.06273062730627306
1 0.511 0.6457564575645757 0.022 0.05166051660516605
1 0.542 0.6937269372693726 0.048 0.11808118081180811
1 0.554 0.6605166051660516 0.036000000000000004 0.09594095940959409
1 0.5710000000000001 0.6420664206642066 0.03 0.07380073800738007
1 0.137 0.6070110701107011 0.022 0.047970479704797044
1 0.14200000000000002 0.584870848708487 0.032 0.06273062730627306
1 0.742 0.6494464944649446 0.028 0.05904059040590406
1 0.78 0.6439114391143911 0.024 0.07749077490774907
1 0.812 0.6586715867158671 0.036000000000000004 0.09225092250922509
1 0.838 0.6789667896678967 0.036000000000000004 0.07380073800738007
1 0.919 0.6789667896678967 0.05 0.11070110701107011
1 0.896 0.6549815498154982 0.032 0.07011070110701106
1 0.964 0.6660516605166051 0.04 0.09225092250922509
