1 0.16833333333333333 0.35625 0.07 0.11750000000000001
1 0.2516666666666667 0.365 0.05 0.09
1 0.4366666666666667 0.47750000000000004 0.09666666666666668 0.155
1 0.4766666666666667 0.44875 0.05333333333333334 0.0975
1 0.5775 0.42875 0.04166666666666667 0.0725
1 0.6233333333333334 0.45875 0.08333333333333334 0.1475
1 0.6641666666666667 0.43875000000000003 0.058333333333333334 0.0975
1 0.7675000000000001 0.435 0.05166666666666667 0.095
1 0.8158333333333334 0.32625 0.045000000000000005 0.0825
1 0.8841666666666668 0.42125 0.07833333333333334 0.1225
1 0.8741666666666668 0.52 0.06833333333333334 0.1
