1 0.18971061093247588 0.24616858237547892 0.021436227224008574 0.044061302681992334
1 0.3022508038585209 0.225095785440613 0.015005359056806002 0.028735632183908046
1 0.3483386923901393 0.18773946360153257 0.012861736334405145 0.03065134099616858
1 0.42068595927116825 0.2567049808429119 0.01607717041800643 0.038314176245210725
1 0.40728831725616294 0.19636015325670497 0.015005359056806002 0.032567049808429116
1 0.4405144694533762 0.22413793103448273 0.01714898177920686 0.026819923371647507
1 0.44319399785637725 0.17049808429118773 0.011789924973204715 0.03065134099616858
1 0.47695605573419075 0.17337164750957854 0.01714898177920686 0.040229885057471264
1 0.4512325830653805 0.13409961685823754 0.012861736334405145 0.022988505747126436
1 0.5380493033226152 0.18295019157088122 0.015005359056806002 0.032567049808429116
1 0.5423365487674169 0.15996168582375478 0.015005359056806002 0.028735632183908046
1 0.6221864951768489 0.11590038314176244 0.011789924973204715 0.028735632183908046
1 0.62486602357985 0.3007662835249042 0.02357984994640943 0.06130268199233716
1 0.657556270096463 0.3620689655172414 0.031082529474812434 0.06896551724137931
1 0.620042872454448 0.20306513409961685 0.01822079314040729 0.042145593869731796
1 0.662379421221865 0.210727969348659 0.01929260450160772 0.038314176245210725
1 0.657556270096463 0.1743295019157088 0.013933547695605574 0.026819923371647507
1 0.7170418006430868 0.07279693486590037 0.012861736334405145 0.026819923371647507
1 0.7197213290460879 0.22701149425287356 0.01822079314040729 0.040229885057471264
1 0.6618435155412647 0.289272030651341 0.01822079314040729 0.038314176245210725
1 0.7920685959271169 0.3400383141762452 0.04072883172561629 0.08620689655172413
1 0.812433011789925 0.25383141762452105 0.01714898177920686 0.040229885057471264
1 0.8553054662379421 0.2557471264367816 0.01929260450160772 0.047892720306513405
1 0.9217577706323687 0.21743295019157086 0.015005359056806002 0.036398467432950186
1 0.9866023579849946 0.23563218390804597 0.022508038585209004 0.06896551724137931
1 0.987674169346195 0.318007662835249 0.020364415862808145 0.08045977011494253
