1 0.03431372549019608 0.7516339869281046 0.05821078431372549 0.09068627450980392
1 0.1171875 0.778390522875817 0.09283088235294118 0.11887254901960785
1 0.34589460784313725 0.7794117647058824 0.06740196078431372 0.11029411764705882
1 0.3443627450980392 0.7305964052287582 0.05392156862745098 0.0763888888888889
1 0.4606311274509804 0.721609477124183 0.07261029411764706 0.09681372549019608
1 0.5723039215686274 0.5872140522875817 0.0508578431372549 0.09272875816993464
1 0.6813725490196079 0.7520424836601307 0.06556372549019608 0.1053921568627451
1 0.7506127450980392 0.7822712418300654 0.06801470588235294 0.10049019607843138
1 0.8244485294117647 0.7322303921568628 0.06066176470588235 0.1017156862745098
1 0.892156862745098 0.7516339869281046 0.0625 0.10457516339869281
1 0.9430147058823529 0.7334558823529412 0.05821078431372549 0.0886437908496732
