1 0.0795339412360689 0.4839034205231389 0.06990881458966566 0.1348088531187123
1 0.25329280648429586 0.40342052313883303 0.030395136778115502 0.05835010060362174
1 0.28976697061803447 0.41348088531187127 0.040526849037487336 0.09054325955734407
1 0.41691995947315097 0.4496981891348089 0.04559270516717326 0.11066398390342053
1 0.46859169199594736 0.40744466800804835 0.033434650455927056 0.06639839034205232
1 0.552178318135765 0.3993963782696177 0.03647416413373861 0.0824949698189135
1 0.53242147922999 0.39235412474849096 0.019250253292806486 0.05633802816901409
1 0.6160081053698075 0.3008048289738431 0.02634245187436677 0.06639839034205232
1 0.5141843971631206 0.5875251509054327 0.09422492401215807 0.21730382293762576
1 0.745694022289767 0.454728370221328 0.056737588652482275 0.12474849094567406
1 0.6854103343465046 0.41851106639839036 0.033434650455927056 0.07243460764587525
1 0.7335359675785208 0.37223340040241454 0.02634245187436677 0.06036217303822938
1 0.9670719351570416 0.3973843058350101 0.04559270516717326 0.09859154929577466
