1 0.0813424345847554 0.26528599605522685 0.014789533560864617 0.03353057199211046
1 0.41638225255972694 0.21203155818540434 0.01820250284414107 0.03353057199211046
1 0.4658703071672355 0.13806706114398423 0.012514220705346985 0.02366863905325444
1 0.49317406143344705 0.16666666666666669 0.017064846416382253 0.03353057199211046
1 0.46245733788395904 0.1755424063116371 0.017064846416382253 0.03550295857988166
1 0.45335608646188846 0.22682445759368838 0.019340159271899884 0.03944773175542406
1 0.5551763367463026 0.16962524654832348 0.015927189988623434 0.027613412228796846
1 0.5477815699658702 0.1844181459566075 0.014789533560864617 0.037475345167652864
1 0.6331058020477816 0.21597633136094677 0.021615472127417518 0.04142011834319527
1 0.6336746302616609 0.2583826429980276 0.022753128555176336 0.04733727810650888
1 0.6405005688282138 0.31065088757396453 0.0273037542662116 0.0611439842209073
1 0.6780432309442548 0.2869822485207101 0.020477815699658702 0.04142011834319527
1 0.6780432309442548 0.17061143984220908 0.015927189988623434 0.04142011834319527
1 0.6860068259385665 0.21203155818540434 0.020477815699658702 0.045364891518737675
1 0.7423208191126279 0.21301775147928995 0.019340159271899884 0.04339250493096647
1 0.6393629124004551 0.12426035502958581 0.0136518771331058 0.03550295857988166
1 0.9431171786120591 0.2435897435897436 0.015927189988623434 0.04142011834319527
