1 0.055625 0.5925 0.03125 0.04833333333333334
1 0.076875 0.5783333333333334 0.02875 0.05
1 0.146875 0.5958333333333333 0.03125 0.045000000000000005
1 0.2125 0.6025 0.0325 0.04833333333333334
1 0.253125 0.6466666666666667 0.04875 0.07
1 0.26937500000000003 0.5283333333333333 0.01875 0.02666666666666667
1 0.41125 0.7975000000000001 0.1 0.14500000000000002
1 0.390625 0.6475000000000001 0.03125 0.058333333333333334
1 0.409375 0.6016666666666667 0.03125 0.043333333333333335
1 0.498125 0.5991666666666667 0.02875 0.04166666666666667
1 0.476875 0.5925 0.02875 0.03833333333333334
1 0.5275 0.5875 0.0275 0.04166666666666667
1 0.64125 0.7641666666666667 0.085 0.135
1 0.588125 0.5808333333333334 0.02375 0.03833333333333334
1 0.6175 0.6208333333333333 0.035 0.045000000000000005
1 0.633125 0.5950000000000001 0.03375 0.043333333333333335
1 0.618125 0.5625 0.02125 0.035
1 0.67 0.5691666666666667 0.0225 0.03166666666666667
1 0.69125 0.5533333333333333 0.0175 0.03666666666666667
1 0.720625 0.5708333333333334 0.02375 0.03833333333333334
1 0.73625 0.5983333333333334 0.0325 0.05
1 0.7675000000000001 0.6375000000000001 0.0375 0.05166666666666667
1 0.7825 0.5483333333333333 0.025 0.030000000000000002
1 0.831875 0.6233333333333334 0.04125 0.06666666666666667
1 0.875625 0.6191666666666668 0.04125 0.065
1 0.8675 0.5808333333333334 0.0225 0.03833333333333334
1 0.831875 0.5591666666666667 0.01875 0.03833333333333334
1 0.803125 0.5516666666666667 0.01625 0.030000000000000002
1 0.9025 0.5566666666666668 0.025 0.030000000000000002
1 0.94375 0.5625 0.02 0.03166666666666667
1 0.92125 0.6166666666666667 0.035 0.05666666666666667
1 0.9825 0.5908333333333333 0.0275 0.04833333333333334
