1 0.07892156862745098 0.4481865284974093 0.04607843137254902 0.10189982728842832
1 0.28480392156862744 0.2504317789291882 0.022549019607843137 0.027633851468048358
1 0.33431372549019606 0.21502590673575128 0.021568627450980392 0.039723661485319514
1 0.38872549019607844 0.20207253886010362 0.018627450980392157 0.03454231433506045
1 0.36813725490196075 0.22020725388601034 0.022549019607843137 0.04317789291882556
1 0.4034313725490196 0.23316062176165803 0.020588235294117647 0.037996545768566495
1 0.41274509803921566 0.19948186528497408 0.01764705882352941 0.03281519861830742
1 0.42058823529411765 0.1563039723661485 0.01568627450980392 0.03281519861830742
1 0.453921568627451 0.14507772020725387 0.01568627450980392 0.027633851468048358
1 0.4676470588235294 0.15544041450777202 0.013725490196078431 0.03454231433506045
1 0.4852941176470588 0.1563039723661485 0.013725490196078431 0.02936096718480138
1 0.4950980392156863 0.16321243523316062 0.013725490196078431 0.03281519861830742
1 0.5348039215686274 0.16062176165803108 0.018627450980392157 0.037996545768566495
1 0.5583333333333333 0.18652849740932642 0.020588235294117647 0.037996545768566495
1 0.5843137254901961 0.1079447322970639 0.013725490196078431 0.02936096718480138
1 0.6196078431372549 0.12003454231433505 0.013725490196078431 0.02936096718480138
1 0.6568627450980392 0.11139896373056994 0.013725490196078431 0.025906735751295335
1 0.4715686274509804 0.19170984455958548 0.0196078431372549 0.037996545768566495
1 0.44362745098039214 0.21502590673575128 0.018627450980392157 0.03626943005181347
1 0.5985294117647059 0.22797927461139894 0.024509803921568627 0.037996545768566495
1 0.6367647058823529 0.2245250431778929 0.028431372549019607 0.05181347150259067
1 0.6661764705882353 0.24093264248704663 0.026470588235294117 0.05008635578583765
1 0.7009803921568627 0.19516407599309152 0.021568627450980392 0.04145077720207253
1 0.7338235294117647 0.15112262521588946 0.016666666666666666 0.03626943005181347
1 0.8053921568627451 0.28929188255613125 0.024509803921568627 0.06735751295336788
1 0.8995098039215687 0.3324697754749568 0.028431372549019607 0.06390328151986183
1 0.9151960784313725 0.28065630397236613 0.026470588235294117 0.05008635578583765
1 0.8936274509803921 0.24093264248704663 0.018627450980392157 0.04317789291882556
1 0.9215686274509803 0.23661485319516407 0.0196078431372549 0.03454231433506045
1 0.9014705882352941 0.20207253886010362 0.014705882352941176 0.037996545768566495
1 0.9470588235294117 0.2003454231433506 0.013725490196078431 0.031088082901554404
1 0.9450980392156862 0.16407599309153711 0.011764705882352941 0.031088082901554404
