1 0.06555555555555556 0.4245562130177515 0.08666666666666667 0.15680473372781065
1 0.19333333333333333 0.3195266272189349 0.07111111111111111 0.13609467455621302
1 0.08 0.21745562130177515 0.04888888888888889 0.07396449704142012
1 0.1811111111111111 0.16863905325443787 0.042222222222222223 0.07692307692307693
1 0.23333333333333334 0.1863905325443787 0.04 0.07100591715976332
1 0.30666666666666664 0.14792899408284024 0.03111111111111111 0.05917159763313609
1 0.36777777777777776 0.28698224852071 0.08222222222222222 0.11242603550295857
1 0.2733333333333333 0.4556213017751479 0.12444444444444444 0.15976331360946744
1 0.35888888888888887 0.22041420118343194 0.06 0.07396449704142012
1 0.36666666666666664 0.15828402366863906 0.044444444444444446 0.07396449704142012
1 0.40555555555555556 0.1346153846153846 0.028888888888888888 0.056213017751479286
1 0.4888888888888889 0.1937869822485207 0.044444444444444446 0.07988165680473372
1 0.4822222222222222 0.1331360946745562 0.03111111111111111 0.05325443786982249
1 0.5033333333333333 0.11686390532544379 0.028888888888888888 0.05029585798816568
1 0.5677777777777778 0.128698224852071 0.028888888888888888 0.05029585798816568
1 0.5466666666666666 0.11538461538461538 0.026666666666666665 0.04142011834319526
1 0.6211111111111111 0.019230769230769232 0.024444444444444446 0.03254437869822485
1 0.5344444444444444 0.24260355029585798 0.06888888888888889 0.09467455621301775
1 0.5522222222222222 0.3609467455621302 0.09111111111111111 0.14201183431952663
1 0.8011111111111111 0.6079881656804733 0.17555555555555555 0.23964497041420119
1 0.9733333333333334 0.4230769230769231 0.05333333333333333 0.15384615384615385
1 0.7055555555555556 0.28698224852071 0.07777777777777778 0.1301775147928994
1 0.8033333333333333 0.21597633136094674 0.06 0.09467455621301775
1 0.9055555555555556 0.16863905325443787 0.06 0.07692307692307693
1 0.94 0.14497041420118342 0.035555555555555556 0.07692307692307693
1 0.9766666666666667 0.15828402366863906 0.03333333333333333 0.06804733727810651
1 0.8511111111111112 0.1257396449704142 0.04 0.0621301775147929
1 0.81 0.143491124260355 0.042222222222222223 0.0621301775147929
1 0.7311111111111112 0.17899408284023668 0.05333333333333333 0.08579881656804733
1 0.7455555555555555 0.1227810650887574 0.03777777777777778 0.056213017751479286
1 0.6866666666666666 0.14497041420118342 0.035555555555555556 0.05917159763313609
1 0.63 0.1242603550295858 0.024444444444444446 0.047337278106508875
1 0.6455555555555555 0.20414201183431951 0.051111111111111114 0.08284023668639053
1 0.5977777777777777 0.17455621301775148 0.04888888888888889 0.0650887573964497
