1 0.54437564499484 0.3099630996309963 0.04231166150670794 0.07749077490774907
1 0.38906088751289986 0.15867158671586715 0.014447884416924663 0.033210332103321034
1 0.4153766769865841 0.15867158671586715 0.01135190918472652 0.033210332103321034
1 0.42621259029927755 0.16605166051660517 0.014447884416924663 0.025830258302583026
1 0.4442724458204334 0.17527675276752766 0.01547987616099071 0.02952029520295203
1 0.43034055727554177 0.13745387453874539 0.012383900928792569 0.027675276752767528
1 0.45201238390092874 0.14022140221402213 0.012383900928792569 0.02952029520295203
1 0.4716202270381837 0.15498154981549814 0.014447884416924663 0.02952029520295203
1 0.47729618163054693 0.18542435424354242 0.01547987616099071 0.027675276752767528
1 0.5046439628482972 0.17619926199261993 0.016511867905056758 0.03505535055350553
1 0.4829721362229102 0.13837638376383762 0.012383900928792569 0.025830258302583026
1 0.4633642930856553 0.13284132841328414 0.010319917440660475 0.025830258302583026
1 0.4958720330237358 0.12453874538745387 0.01135190918472652 0.023985239852398522
1 0.5288957688338493 0.12269372693726936 0.013415892672858616 0.03136531365313653
1 0.545923632610939 0.13745387453874539 0.012383900928792569 0.03505535055350553
1 0.5784313725490196 0.13468634686346864 0.013415892672858616 0.033210332103321034
1 0.6037151702786377 0.14760147601476015 0.012383900928792569 0.025830258302583026
1 0.6351909184726522 0.11346863468634687 0.01135190918472652 0.027675276752767528
1 0.6666666666666666 0.11254612546125461 0.014447884416924663 0.025830258302583026
1 0.632094943240454 0.2011070110701107 0.0196078431372549 0.04428044280442804
1 0.6713106295149638 0.18450184501845018 0.013415892672858616 0.03690036900369004
1 0.7115583075335397 0.21309963099630996 0.017543859649122806 0.046125461254612546
1 0.8668730650154798 0.27675276752767525 0.016511867905056758 0.04428044280442804
1 0.9324045407636739 0.22601476014760147 0.013415892672858616 0.03505535055350553
1 0.9406604747162022 0.19649446494464945 0.013415892672858616 0.03505535055350553
1 0.9127966976264189 0.1595940959409594 0.01547987616099071 0.038745387453874534
1 0.936532507739938 0.16236162361623616 0.013415892672858616 0.025830258302583026
1 0.8266253869969039 0.16974169741697417 0.014447884416924663 0.033210332103321034
1 0.7982456140350876 0.15867158671586715 0.01135190918472652 0.033210332103321034
1 0.8080495356037151 0.14022140221402213 0.014447884416924663 0.033210332103321034
1 0.7961816305469556 0.2029520295202952 0.01547987616099071 0.03690036900369004
1 0.7719298245614035 0.1688191881918819 0.014447884416924663 0.03505535055350553
1 0.7745098039215685 0.13376383763837638 0.013415892672858616 0.03136531365313653
1 0.761609907120743 0.12361623616236161 0.010319917440660475 0.025830258302583026
1 0.7347781217750258 0.17343173431734316 0.016511867905056758 0.033210332103321034
1 0.7311661506707946 0.1392988929889299 0.013415892672858616 0.027675276752767528
1 0.7033023735810113 0.17527675276752766 0.01547987616099071 0.025830258302583026
1 0.6986584107327141 0.1522140221402214 0.012383900928792569 0.02029520295202952
