1 0.051562500000000004 0.9040064102564103 0.08629807692307692 0.15929487179487178
1 0.06766826923076924 0.8334935897435898 0.05552884615384616 0.0983974358974359
1 0.11610576923076923 0.8605769230769231 0.05625 0.11025641025641025
1 0.18677884615384616 0.8216346153846154 0.05336538461538462 0.08814102564102565
1 0.2580528846153846 0.9217948717948717 0.08341346153846155 0.14423076923076922
1 0.25396634615384617 0.8591346153846153 0.061778846153846156 0.09519230769230769
1 0.33774038461538464 0.8209935897435897 0.05625 0.07916666666666666
1 0.3652644230769231 0.9413461538461538 0.1266826923076923 0.11730769230769231
1 0.3932692307692308 0.8836538461538461 0.09230769230769231 0.1282051282051282
1 0.47103365384615387 0.8564102564102564 0.06466346153846154 0.09615384615384616
1 0.5533653846153846 0.9126602564102564 0.09086538461538463 0.14198717948717948
1 0.6048076923076924 0.8415064102564103 0.046634615384615385 0.07019230769230769
1 0.6385817307692309 0.9006410256410257 0.07043269230769231 0.09615384615384616
1 0.6840144230769231 0.8830128205128205 0.07139423076923078 0.11923076923076924
1 0.8008413461538462 0.6407051282051281 0.05264423076923077 0.0673076923076923
