1 0.1538821328344247 0.356312292358804 0.04957904583723106 0.08471760797342193
1 0.2600561272217025 0.2807308970099668 0.01683816651075772 0.036544850498338874
1 0.2951356407857811 0.26328903654485053 0.021515434985968196 0.03820598006644518
1 0.3147801683816651 0.24750830564784054 0.01777362020579981 0.04318936877076412
1 0.34565014031805424 0.21262458471760798 0.019644527595884004 0.036544850498338874
1 0.3302151543498597 0.24335548172757476 0.018709073900841908 0.03156146179401993
1 0.36202057998129095 0.24418604651162792 0.018709073900841908 0.04318936877076412
1 0.3783910196445276 0.22674418604651164 0.01777362020579981 0.03488372093023256
1 0.38493919550982225 0.19767441860465118 0.015902712815715623 0.036544850498338874
1 0.411599625818522 0.16777408637873756 0.013096351730589336 0.03322259136212625
1 0.43264733395696914 0.22093023255813954 0.019644527595884004 0.03986710963455149
1 0.4560336763330215 0.22757475083056478 0.019644527595884004 0.036544850498338874
1 0.47661365762394764 0.24916943521594684 0.023386342376052385 0.04318936877076412
1 0.42516370439663237 0.18355481727574752 0.019644527595884004 0.02823920265780731
1 0.4462114125350795 0.19019933554817275 0.018709073900841908 0.04152823920265781
1 0.45275958840037417 0.1744186046511628 0.018709073900841908 0.036544850498338874
1 0.4667913938260056 0.1553156146179402 0.014967259120673527 0.02823920265780731
1 0.47801683816651075 0.17358803986710963 0.022450888681010292 0.03156146179401993
1 0.4831618334892423 0.20598006644518274 0.019644527595884004 0.03322259136212625
1 0.5173058933582788 0.20348837209302326 0.022450888681010292 0.044850498338870434
1 0.5112254443405051 0.16777408637873756 0.019644527595884004 0.03322259136212625
1 0.48503274087932646 0.1303986710963455 0.01403180542563143 0.024916943521594685
1 0.5205799812909261 0.1303986710963455 0.01216089803554724 0.02823920265780731
1 0.5332086061739943 0.13538205980066445 0.014967259120673527 0.03156146179401993
1 0.5477081384471468 0.14950166112956811 0.01777362020579981 0.04318936877076412
1 0.5743685687558466 0.17275747508305647 0.018709073900841908 0.03986710963455149
1 0.5603367633302152 0.11129568106312293 0.014967259120673527 0.029900332225913623
1 0.5701590271281571 0.12790697674418605 0.01216089803554724 0.023255813953488372
1 0.5841908325537886 0.1345514950166113 0.01216089803554724 0.026578073089700997
1 0.5949485500467727 0.11960132890365449 0.013096351730589336 0.023255813953488372
1 0.6192703461178671 0.14119601328903655 0.01683816651075772 0.03322259136212625
1 0.6342376052385407 0.12043189368770764 0.01683816651075772 0.02823920265780731
1 0.6197380729653882 0.057308970099667775 0.01403180542563143 0.02823920265780731
1 0.64733395696913 0.0946843853820598 0.013096351730589336 0.029900332225913623
1 0.6347053320860617 0.09800664451827243 0.01216089803554724 0.019933554817275746
1 0.6711880261927035 0.11627906976744186 0.015902712815715623 0.029900332225913623
1 0.5163704396632367 0.276578073089701 0.02432179607109448 0.051495016611295685
1 0.5341440598690365 0.34551495016611294 0.029934518241347054 0.05647840531561462
1 0.5930776426566885 0.35215946843853824 0.029934518241347054 0.07308970099667775
1 0.568755846585594 0.24584717607973422 0.0205799812909261 0.046511627906976744
1 0.6066417212347989 0.2724252491694352 0.023386342376052385 0.04983388704318937
1 0.6351730589335828 0.2084717607973422 0.022450888681010292 0.051495016611295685
1 0.6637043966323667 0.21013289036544852 0.021515434985968196 0.051495016611295685
1 0.6688493919550982 0.17524916943521596 0.014967259120673527 0.03488372093023256
1 0.6945743685687559 0.1818936877076412 0.019644527595884004 0.04152823920265781
1 0.6880261927034612 0.223421926910299 0.025257249766136577 0.044850498338870434
1 0.656688493919551 0.29485049833887045 0.02806361085126286 0.05813953488372093
1 0.675397567820393 0.3430232558139535 0.029934518241347054 0.061461794019933555
1 0.7390084190832554 0.29401993355481726 0.02806361085126286 0.06976744186046512
1 0.7577174929840973 0.2558139534883721 0.029934518241347054 0.05647840531561462
1 0.7904583723105706 0.3181063122923588 0.026192703461178673 0.06478405315614619
1 0.8091674462114126 0.25830564784053156 0.026192703461178673 0.054817275747508304
1 0.7427502338634238 0.19684385382059802 0.0205799812909261 0.04817275747508306
1 0.7100093545369505 0.15448504983388706 0.0205799812909261 0.046511627906976744
1 0.7231057062675398 0.14202657807308972 0.01683816651075772 0.04152823920265781
1 0.7188961646398503 0.07890365448504984 0.01403180542563143 0.03156146179401993
1 0.7385406922357344 0.12292358803986711 0.01403180542563143 0.029900332225913623
1 0.7507015902712816 0.14119601328903655 0.01777362020579981 0.03322259136212625
1 0.764733395696913 0.12790697674418605 0.01777362020579981 0.04318936877076412
1 0.7829747427502338 0.12043189368770764 0.013096351730589336 0.03488372093023256
1 0.7946679139382601 0.14202657807308972 0.01777362020579981 0.03488372093023256
1 0.8058933582787652 0.13538205980066445 0.015902712815715623 0.03156146179401993
1 0.7899906454630495 0.18604651162790697 0.019644527595884004 0.036544850498338874
1 0.753975678203929 0.17691029900332225 0.0205799812909261 0.03820598006644518
1 0.872310570626754 0.2425249169435216 0.01777362020579981 0.04318936877076412
1 0.9144059869036483 0.2707641196013289 0.023386342376052385 0.05647840531561462
1 0.8264733395696913 0.15614617940199335 0.01403180542563143 0.03322259136212625
1 0.8447146866230122 0.15780730897009967 0.01683816651075772 0.036544850498338874
1 0.8391019644527596 0.13205980066445183 0.013096351730589336 0.024916943521594685
1 0.8620205799812909 0.143687707641196 0.01777362020579981 0.044850498338870434
1 0.8928905519176801 0.1669435215946844 0.01777362020579981 0.03488372093023256
1 0.9270346117867165 0.19269102990033224 0.014967259120673527 0.03322259136212625
1 0.9289055191768008 0.15448504983388706 0.014967259120673527 0.036544850498338874
1 0.8928905519176801 0.13870431893687707 0.01216089803554724 0.024916943521594685
