1 0.12521222410865873 0.5315186246418337 0.039898132427843805 0.07736389684813753
1 0.22792869269949065 0.3424068767908309 0.017826825127334463 0.03724928366762178
1 0.25509337860780984 0.37106017191977075 0.019524617996604415 0.03724928366762178
1 0.28395585738539897 0.31876790830945556 0.017826825127334463 0.0329512893982808
1 0.33743633276740237 0.3746418338108882 0.02461799660441426 0.050143266475644696
1 0.2869269949066214 0.38108882521489973 0.023769100169779286 0.045845272206303724
1 0.3569609507640068 0.330945558739255 0.019524617996604415 0.03724928366762178
1 0.3556876061120543 0.3008595988538682 0.01867572156196944 0.034383954154727794
1 0.41553480475382004 0.332378223495702 0.017826825127334463 0.03724928366762178
1 0.43845500848896435 0.3151862464183381 0.019524617996604415 0.03724928366762178
1 0.41129032258064513 0.2979942693409742 0.016129032258064516 0.03151862464183381
1 0.39473684210526316 0.2650429799426934 0.015280135823429542 0.03151862464183381
1 0.42020373514431236 0.2593123209169054 0.015280135823429542 0.034383954154727794
1 0.432937181663837 0.2593123209169054 0.01697792869269949 0.025787965616045846
1 0.4533106960950764 0.2614613180515759 0.013582342954159592 0.03008595988538682
1 0.466893039049236 0.2686246418338109 0.015280135823429542 0.027220630372492834
1 0.4499151103565365 0.35028653295128936 0.023769100169779286 0.04727793696275071
1 0.4741086587436333 0.3144699140401146 0.02461799660441426 0.04154727793696275
1 0.5110356536502546 0.3330945558739255 0.022071307300509338 0.03868194842406877
1 0.4694397283531409 0.24426934097421202 0.013582342954159592 0.027220630372492834
1 0.5106112054329371 0.27507163323782235 0.019524617996604415 0.03724928366762178
1 0.5301358234295416 0.27650429799426934 0.016129032258064516 0.03724928366762178
1 0.5314091680814941 0.2464183381088825 0.015280135823429542 0.03151862464183381
1 0.5619694397283531 0.2786532951289398 0.01697792869269949 0.03581661891117478
1 0.5640916808149405 0.2299426934097421 0.012733446519524618 0.03008595988538682
1 0.5700339558573854 0.24785100286532952 0.012733446519524618 0.025787965616045846
1 0.583616298811545 0.25358166189111747 0.016129032258064516 0.028653295128939826
1 0.5810696095076401 0.22063037249283668 0.014431239388794566 0.022922636103151862
1 0.6090831918505942 0.25429799426934097 0.012733446519524618 0.027220630372492834
1 0.615874363327674 0.2306590257879656 0.012733446519524618 0.025787965616045846
1 0.6226655348047538 0.2134670487106017 0.012733446519524618 0.028653295128939826
1 0.6430390492359932 0.20773638968481375 0.012733446519524618 0.022922636103151862
1 0.4872665534804754 0.41189111747851004 0.030560271646859084 0.05873925501432665
1 0.5471137521222411 0.35959885386819485 0.02461799660441426 0.05157593123209169
1 0.5539049235993209 0.40544412607449853 0.029711375212224108 0.05444126074498567
1 0.6039898132427843 0.4505730659025788 0.031409168081494056 0.06446991404011461
1 0.6218166383701188 0.3638968481375358 0.022920203735144314 0.04297994269340974
1 0.6112054329371817 0.332378223495702 0.022071307300509338 0.045845272206303724
1 0.6447368421052632 0.2979942693409742 0.021222410865874362 0.040114613180515755
1 0.6375212224108658 0.25716332378223494 0.01697792869269949 0.0329512893982808
1 0.6540747028862479 0.22421203438395415 0.014431239388794566 0.0329512893982808
1 0.6791171477079796 0.20988538681948424 0.015280135823429542 0.03008595988538682
1 0.6697792869269948 0.3775071633237822 0.03225806451612903 0.061604584527220625
1 0.6549235993208828 0.4713467048710602 0.038200339558573854 0.07163323782234957
1 0.6591680814940577 0.3452722063037249 0.021222410865874362 0.040114613180515755
1 0.6850594227504244 0.2800859598853868 0.01697792869269949 0.03581661891117478
1 0.7101018675721562 0.30515759312320917 0.017826825127334463 0.03724928366762178
1 0.7219864176570459 0.2994269340974212 0.017826825127334463 0.03724928366762178
1 0.7224108658743633 0.2521489971346705 0.01697792869269949 0.03151862464183381
1 0.6884550084889643 0.2335243553008596 0.013582342954159592 0.025787965616045846
1 0.6965195246179966 0.22134670487106017 0.012733446519524618 0.027220630372492834
1 0.7512733446519525 0.23925501432664756 0.015280135823429542 0.028653295128939826
1 0.7597623089983022 0.2614613180515759 0.015280135823429542 0.03008595988538682
1 0.7652801358234296 0.2306590257879656 0.012733446519524618 0.028653295128939826
1 0.7818336162988115 0.25716332378223494 0.015280135823429542 0.0329512893982808
1 0.797962648556876 0.28581661891117477 0.01697792869269949 0.03868194842406877
1 0.8000848896434635 0.24283667621776503 0.016129032258064516 0.03581661891117478
1 0.8285229202037351 0.2449856733524355 0.015280135823429542 0.03724928366762178
1 0.833616298811545 0.3022922636103152 0.020373514431239387 0.03724928366762178
1 0.8382852292020373 0.2714899713467049 0.014431239388794566 0.03008595988538682
1 0.8603565365025467 0.2607449856733524 0.016129032258064516 0.034383954154727794
1 0.8794567062818336 0.27578796561604585 0.015280135823429542 0.0329512893982808
1 0.8688455008488964 0.3230659025787965 0.019524617996604415 0.04727793696275071
1 0.8433786078098472 0.33954154727793695 0.022920203735144314 0.04297994269340974
1 0.7050084889643463 0.3624641833810888 0.022920203735144314 0.05157593123209169
1 0.7376910016977929 0.40401146131805155 0.03225806451612903 0.05444126074498567
1 0.7185908319185059 0.5379656160458453 0.04499151103565365 0.07593123209169055
1 0.7903225806451613 0.43266475644699137 0.03395585738539898 0.06876790830945559
1 0.8467741935483871 0.501432664756447 0.029711375212224108 0.06876790830945559
1 0.8612054329371817 0.4591690544412607 0.02801358234295416 0.05873925501432665
1 0.8314940577249575 0.3631805157593123 0.019524617996604415 0.04727793696275071
1 0.8773344651952462 0.38968481375358166 0.02631578947368421 0.05444126074498567
1 0.8985568760611206 0.35028653295128936 0.022920203735144314 0.044412607449856735
1 0.9125636672325976 0.32163323782234954 0.01697792869269949 0.03581661891117478
1 0.918081494057725 0.2836676217765043 0.016129032258064516 0.03151862464183381
1 0.898981324278438 0.2607449856733524 0.015280135823429542 0.03151862464183381
1 0.9426994906621392 0.330945558739255 0.022920203735144314 0.04297994269340974
1 0.948641765704584 0.37034383954154726 0.022920203735144314 0.04727793696275071
1 0.9333616298811545 0.45415472779369626 0.03310696095076401 0.0659025787965616
1 0.9541595925297114 0.3022922636103152 0.015280135823429542 0.025787965616045846
1 0.9609507640067911 0.2822349570200573 0.015280135823429542 0.028653295128939826
