1 0.08333333333333333 0.5772727272727273 0.08181818181818182 0.14545454545454545
1 0.07878787878787878 0.44999999999999996 0.06060606060606061 0.09999999999999999
1 0.048484848484848485 0.3818181818181818 0.04242424242424243 0.07272727272727272
1 0.06818181818181818 0.35227272727272724 0.03333333333333333 0.05909090909090909
1 0.07424242424242425 0.325 0.03333333333333333 0.049999999999999996
1 0.16363636363636364 0.3227272727272727 0.03636363636363636 0.05454545454545454
1 0.17424242424242425 0.35454545454545455 0.03333333333333333 0.05454545454545454
1 0.19090909090909092 0.3840909090909091 0.03636363636363636 0.05909090909090909
1 0.21515151515151515 0.4340909090909091 0.05454545454545454 0.08636363636363636
1 0.29848484848484846 0.4954545454545454 0.08181818181818182 0.12727272727272726
1 0.6515151515151515 0.4318181818181818 0.05454545454545454 0.09090909090909091
1 0.6227272727272727 0.38636363636363635 0.03333333333333333 0.05454545454545454
1 0.6 0.3318181818181818 0.030303030303030304 0.045454545454545456
1 0.5833333333333334 0.3227272727272727 0.021212121212121213 0.05454545454545454
1 0.5212121212121212 0.3977272727272727 0.03636363636363636 0.07727272727272727
1 0.4409090909090909 0.3795454545454545 0.03333333333333333 0.05909090909090909
1 0.4484848484848485 0.33636363636363636 0.030303030303030304 0.05454545454545454
1 0.4818181818181818 0.3 0.024242424242424242 0.045454545454545456
1 0.3984848484848485 0.325 0.02727272727272727 0.049999999999999996
1 0.37424242424242427 0.3477272727272727 0.02727272727272727 0.05909090909090909
1 0.36363636363636365 0.2954545454545454 0.024242424242424242 0.045454545454545456
1 0.33636363636363636 0.33409090909090905 0.030303030303030304 0.049999999999999996
1 0.29848484848484846 0.3068181818181818 0.02727272727272727 0.05909090909090909
1 0.5348484848484848 0.3181818181818182 0.02727272727272727 0.05454545454545454
1 0.6454545454545455 0.33636363636363636 0.024242424242424242 0.045454545454545456
1 0.6818181818181818 0.3704545454545454 0.030303030303030304 0.05909090909090909
1 0.6863636363636364 0.3 0.021212121212121213 0.045454545454545456
1 0.7272727272727273 0.3090909090909091 0.024242424242424242 0.03636363636363636
1 0.753030303030303 0.3477272727272727 0.02727272727272727 0.049999999999999996
1 0.7515151515151515 0.4159090909090909 0.048484848484848485 0.08636363636363636
1 0.7848484848484848 0.375 0.030303030303030304 0.05909090909090909
1 0.8015151515151515 0.32045454545454544 0.021212121212121213 0.04090909090909091
1 0.853030303030303 0.3795454545454545 0.03333333333333333 0.05909090909090909
1 0.8454545454545455 0.33636363636363636 0.024242424242424242 0.045454545454545456
1 0.8939393939393939 0.3386363636363636 0.024242424242424242 0.04090909090909091
1 0.9303030303030303 0.39545454545454545 0.03636363636363636 0.08181818181818182
1 0.9863636363636363 0.3886363636363636 0.02727272727272727 0.05909090909090909
1 0.9666666666666667 0.35909090909090907 0.030303030303030304 0.045454545454545456
