1 0.17647058823529413 0.386986301369863 0.032507739938080496 0.04794520547945205
1 0.1706656346749226 0.34726027397260273 0.025541795665634675 0.031506849315068496
1 0.20859133126934987 0.2993150684931507 0.025541795665634675 0.03972602739726028
1 0.2236842105263158 0.3287671232876712 0.02476780185758514 0.04657534246575343
1 0.2801857585139319 0.27123287671232876 0.017027863777089786 0.038356164383561646
1 0.30185758513931893 0.2452054794520548 0.018575851393188854 0.03287671232876713
1 0.3285603715170279 0.2554794520547945 0.020897832817337463 0.045205479452054796
1 0.35526315789473684 0.2589041095890411 0.020123839009287926 0.0410958904109589
1 0.40247678018575855 0.2356164383561644 0.02321981424148607 0.052054794520547946
1 0.43150154798761614 0.24726027397260275 0.02863777089783282 0.050684931506849315
1 0.32430340557275544 0.3575342465753425 0.026315789473684213 0.0547945205479452
1 0.36726006191950467 0.44726027397260276 0.04102167182662539 0.0726027397260274
1 0.34674922600619196 0.552054794520548 0.052631578947368425 0.09315068493150686
