1 0.08085937500000001 0.5357561547479484 0.06171875 0.10316529894490034
1 0.12382812500000001 0.20574443141852283 0.057031250000000006 0.09261430246189917
1 0.43476562500000004 0.26436107854630714 0.05078125 0.09495896834701055
1 0.47265625 0.5164126611957796 0.06406250000000001 0.11840562719812425
1 0.40625 0.8212192262602579 0.10625000000000001 0.16060961313012895
1 0.18476562500000002 0.8499413833528722 0.12578125 0.1969519343493552
1 0.034765625 0.738569753810082 0.06796875000000001 0.12661195779601406
1 0.03359375 0.6629542790152403 0.06406250000000001 0.11371629542790151
1 0.69453125 0.14595545134818289 0.065625 0.12778429073856976
1 0.5703125 0.7930832356389214 0.1015625 0.1465416178194607
1 0.8621093750000001 0.15767878077373973 0.055468750000000004 0.09261430246189917
1 0.9242187500000001 0.48593200468933173 0.0859375 0.14185228604923797
1 0.9593750000000001 0.6922626025791324 0.08125 0.20281359906213364
1 0.89609375 0.8593200468933176 0.1453125 0.20867526377491205
