0 0.8508333333333334 0.181875 0.08 0.15375
0 0.8829166666666667 0.230625 0.03916666666666667 0.08125
0 0.9245833333333334 0.194375 0.0425 0.08875
0 0.7991666666666667 0.235625 0.05 0.08375
0 0.7754166666666668 0.21625 0.03416666666666667 0.0825
0 0.7383333333333334 0.19187500000000002 0.06166666666666667 0.16125
0 0.6925 0.1925 0.09000000000000001 0.17500000000000002
0 0.5833333333333334 0.144375 0.11333333333333334 0.21625
0 0.49000000000000005 0.15125 0.09833333333333334 0.24
0 0.4116666666666667 0.1875 0.19 0.36
0 0.27125 0.17500000000000002 0.07416666666666667 0.1375
0 0.22208333333333335 0.079375 0.050833333333333335 0.13125
