1 0.026666666666666665 0.5391666666666667 0.051111111111111114 0.13166666666666668
1 0.027777777777777776 0.4916666666666667 0.04888888888888889 0.09000000000000001
1 0.06 0.45833333333333337 0.042222222222222223 0.07333333333333333
1 0.13166666666666665 0.48333333333333334 0.058888888888888886 0.10333333333333335
1 0.18 0.4541666666666667 0.051111111111111114 0.09833333333333334
1 0.20944444444444443 0.44583333333333336 0.03888888888888889 0.07166666666666667
1 0.11666666666666667 0.7308333333333333 0.15777777777777777 0.225
1 0.2816666666666667 0.5458333333333334 0.08555555555555555 0.125
1 0.26166666666666666 0.49250000000000005 0.06555555555555556 0.08833333333333333
1 0.2966666666666667 0.48583333333333334 0.04888888888888889 0.08166666666666667
1 0.3288888888888889 0.4425 0.044444444444444446 0.07500000000000001
1 0.43833333333333335 0.4441666666666667 0.034444444444444444 0.058333333333333334
1 0.45555555555555555 0.4666666666666667 0.044444444444444446 0.05666666666666667
1 0.4583333333333333 0.5058333333333334 0.058888888888888886 0.08833333333333333
1 0.5216666666666666 0.5175000000000001 0.07888888888888888 0.12166666666666667
1 0.5833333333333334 0.6333333333333334 0.12222222222222222 0.17
1 0.7405555555555555 0.8566666666666667 0.23444444444444446 0.2866666666666667
1 0.7222222222222222 0.44 0.04 0.060000000000000005
1 0.7738888888888888 0.29833333333333334 0.034444444444444444 0.05666666666666667
1 0.775 0.42333333333333334 0.04555555555555556 0.06666666666666667
1 0.8322222222222222 0.42250000000000004 0.044444444444444446 0.07166666666666667
1 0.8788888888888889 0.4841666666666667 0.06 0.08166666666666667
1 0.9105555555555556 0.4491666666666667 0.043333333333333335 0.06833333333333334
1 0.9527777777777777 0.4166666666666667 0.043333333333333335 0.060000000000000005
