1 0.1307385229540918 0.4715808170515098 0.057884231536926144 0.10479573712255773
1 0.3138722554890219 0.22646536412078153 0.016966067864271454 0.047957371225577264
1 0.3138722554890219 0.20071047957371227 0.012974051896207584 0.028419182948490232
1 0.3493013972055888 0.19538188277087035 0.01397205588822355 0.03197158081705151
1 0.41167664670658677 0.19360568383658971 0.016966067864271454 0.03907637655417407
1 0.4471057884231536 0.20337477797513323 0.015968063872255488 0.03730017761989343
1 0.4471057884231536 0.16962699822380106 0.01397205588822355 0.026642984014209593
1 0.4765469061876247 0.216696269982238 0.01896207584830339 0.046181172291296625
1 0.4805389221556886 0.18738898756660746 0.016966067864271454 0.03374777975133215
1 0.5319361277445109 0.19982238010657194 0.017964071856287425 0.03730017761989343
1 0.5623752495009979 0.15364120781527532 0.01497005988023952 0.03374777975133215
1 0.5833333333333333 0.15896980461811724 0.016966067864271454 0.03374777975133215
1 0.6152694610778443 0.09325044404973358 0.010978043912175647 0.026642984014209593
1 0.687624750499002 0.1172291296625222 0.011976047904191616 0.03197158081705151
1 0.7005988023952096 0.11278863232682061 0.011976047904191616 0.026642984014209593
1 0.5139720558882235 0.29484902309058614 0.01996007984031936 0.05328596802841919
1 0.5838323353293413 0.23090586145648315 0.01996007984031936 0.04262877442273535
1 0.590818363273453 0.28507992895204265 0.017964071856287425 0.05150976909413855
1 0.6072854291417166 0.2841918294849023 0.026946107784431135 0.0674955595026643
1 0.6267465069860279 0.27087033747779754 0.02594810379241517 0.0586145648312611
1 0.6791417165668662 0.23712255772646537 0.020958083832335328 0.04085257548845471
1 0.6896207584830338 0.3241563055062167 0.03393213572854291 0.07282415630550622
1 0.6756487025948104 0.2060390763765542 0.01996007984031936 0.04262877442273535
1 0.6771457085828343 0.16785079928952043 0.01497005988023952 0.03374777975133215
1 0.7070858283433133 0.18650088809946716 0.016966067864271454 0.046181172291296625
1 0.7225548902195608 0.22113676731793963 0.01996007984031936 0.04440497335701599
1 0.7260479041916167 0.35346358792184723 0.024950099800399198 0.06394316163410302
1 0.7435129740518961 0.16962699822380106 0.011976047904191616 0.03730017761989343
1 0.7629740518962075 0.14298401420959148 0.012974051896207584 0.03374777975133215
1 0.7849301397205588 0.12877442273534637 0.010978043912175647 0.023090586145648313
1 0.7879241516966067 0.16962699822380106 0.01497005988023952 0.04440497335701599
1 0.8023952095808382 0.19094138543516875 0.01397205588822355 0.03730017761989343
1 0.8298403193612773 0.17317939609236235 0.012974051896207584 0.03019538188277087
1 0.8428143712574849 0.14653641207815277 0.012974051896207584 0.03374777975133215
1 0.8428143712574849 0.18294849023090587 0.01497005988023952 0.04262877442273535
1 0.8687624750499001 0.17939609236234458 0.012974051896207584 0.03197158081705151
1 0.9056886227544909 0.15719360568383658 0.012974051896207584 0.03730017761989343
1 0.9416167664670658 0.16785079928952043 0.01497005988023952 0.03019538188277087
1 0.8393213572854291 0.23179396092362345 0.017964071856287425 0.04085257548845471
1 0.808882235528942 0.2593250444049734 0.01896207584830339 0.046181172291296625
1 0.8148702594810379 0.28063943161634103 0.01896207584830339 0.046181172291296625
1 0.8168662674650697 0.34813499111900537 0.026946107784431135 0.06039076376554174
1 0.8473053892215568 0.3197158081705151 0.02395209580838323 0.06039076376554174
1 0.904191616766467 0.41563055062166965 0.02594810379241517 0.07460035523978686
1 0.9211576846307384 0.3259325044404974 0.01996007984031936 0.05150976909413855
1 0.9101796407185628 0.3019538188277087 0.02395209580838323 0.046181172291296625
1 0.8682634730538922 0.2886323268206039 0.021956087824351295 0.03374777975133215
1 0.8897205588822354 0.2246891651865009 0.016966067864271454 0.05150976909413855
1 0.9301397205588822 0.24067495559502666 0.017964071856287425 0.047957371225577264
1 0.9471057884231536 0.20159857904085257 0.01397205588822355 0.03019538188277087
1 0.9246506986027944 0.15985790408525755 0.010978043912175647 0.03197158081705151
1 0.8812375249500998 0.14298401420959148 0.011976047904191616 0.03019538188277087
1 0.8782435129740518 0.16074600355239788 0.011976047904191616 0.03374777975133215
1 0.8173652694610778 0.1838365896980462 0.015968063872255488 0.047957371225577264
1 0.6307385229540917 0.21847246891651867 0.01996007984031936 0.04262877442273535
1 0.41916167664670656 0.1483126110124334 0.011976047904191616 0.019538188277087035
1 0.41916167664670656 0.16785079928952043 0.01397205588822355 0.03019538188277087
1 0.47455089820359275 0.14742451154529307 0.010978043912175647 0.028419182948490232
1 0.4960079840319361 0.1447602131438721 0.011976047904191616 0.03019538188277087
1 0.5189620758483033 0.1518650088809947 0.01397205588822355 0.03374777975133215
1 0.5364271457085827 0.1296625222024867 0.010978043912175647 0.028419182948490232
1 0.5948103792415169 0.10213143872113677 0.00998003992015968 0.023090586145648313
1 0.5888223552894211 0.14298401420959148 0.015968063872255488 0.03019538188277087
1 0.6322355289421158 0.09591474245115453 0.008982035928143712 0.021314387211367674
1 0.6367265469061876 0.12078152753108348 0.00998003992015968 0.028419182948490232
1 0.6327345309381237 0.13765541740674955 0.011976047904191616 0.03019538188277087
1 0.6556886227544909 0.1296625222024867 0.011976047904191616 0.028419182948490232
1 0.5503992015968063 0.15452930728241562 0.010978043912175647 0.028419182948490232
