1 0.034736842105263156 0.3228228228228228 0.06526315789473684 0.1111111111111111
1 0.1094736842105263 0.3153153153153153 0.06736842105263158 0.10810810810810811
1 0.24421052631578946 0.3228228228228228 0.06736842105263158 0.0990990990990991
1 0.35157894736842105 0.29429429429429427 0.08 0.11411411411411411
1 0.44 0.2822822822822823 0.05473684210526315 0.10810810810810811
1 0.5221052631578947 0.35435435435435436 0.10526315789473684 0.16816816816816815
1 0.5431578947368421 0.2777777777777778 0.06736842105263158 0.09309309309309309
1 0.6389473684210526 0.2987987987987988 0.0863157894736842 0.14114114114114115
1 0.7652631578947369 0.3288288288288288 0.12 0.2012012012012012
1 0.8757894736842105 0.23573573573573572 0.05052631578947368 0.08108108108108109
