1 0.10609756097560975 0.4633699633699634 0.046341463414634146 0.09157509157509157
1 0.16585365853658537 0.4908424908424908 0.05365853658536585 0.08058608058608059
1 0.27195121951219514 0.4084249084249084 0.041463414634146344 0.0695970695970696
1 0.3475609756097561 0.43772893772893773 0.041463414634146344 0.0695970695970696
1 0.4195121951219512 0.5128205128205128 0.06829268292682927 0.11721611721611722
1 0.42560975609756097 0.38644688644688646 0.036585365853658534 0.0695970695970696
1 0.4926829268292683 0.3901098901098901 0.04390243902439024 0.07692307692307693
1 0.6378048780487805 0.5805860805860806 0.08048780487804878 0.1575091575091575
1 0.6158536585365854 0.4468864468864469 0.06585365853658537 0.10989010989010989
1 0.7597560975609756 0.315018315018315 0.1048780487804878 0.1758241758241758
