1 0.07084785133565621 0.2724489795918368 0.020905923344947737 0.04693877551020409
1 0.42334494773519166 0.22551020408163266 0.015098722415795587 0.030612244897959186
1 0.4721254355400697 0.17346938775510207 0.017421602787456445 0.0326530612244898
1 0.4924506387921022 0.17653061224489797 0.020905923344947737 0.04285714285714286
1 0.45934959349593496 0.23775510204081635 0.017421602787456445 0.030612244897959186
1 0.5603948896631823 0.1806122448979592 0.017421602787456445 0.03877551020408164
1 0.5737514518002322 0.19489795918367347 0.018583042973286876 0.04693877551020409
1 0.6469221835075494 0.12755102040816327 0.011614401858304297 0.030612244897959186
1 0.6881533101045296 0.1795918367346939 0.017421602787456445 0.036734693877551024
1 0.6451800232288037 0.22448979591836737 0.024390243902439025 0.04081632653061225
1 0.6463414634146342 0.27346938775510204 0.019744483159117306 0.04489795918367347
1 0.6492450638792102 0.33571428571428574 0.025551684088269452 0.05510204081632654
1 0.7015098722415796 0.3051020408163266 0.020905923344947737 0.05102040816326531
1 0.6957026713124274 0.23163265306122452 0.018583042973286876 0.03877551020408164
1 0.9564459930313589 0.2459183673469388 0.019744483159117306 0.03877551020408164
