1 0.78 0.3716666666666667 0.0975 0.1366666666666667
1 0.849375 0.51 0.02125 0.04666666666666667
1 0.864375 0.4941666666666667 0.02625 0.05166666666666667
1 0.624375 0.45583333333333337 0.02875 0.045000000000000005
1 0.566875 0.46166666666666667 0.03375 0.05
1 0.54875 0.45 0.0275 0.043333333333333335
1 0.4875 0.44833333333333336 0.0275 0.04
1 0.465 0.4566666666666667 0.025 0.043333333333333335
1 0.458125 0.43000000000000005 0.02375 0.03666666666666667
1 0.43 0.4566666666666667 0.0325 0.05666666666666667
1 0.36625 0.4691666666666667 0.0375 0.058333333333333334
1 0.35625 0.5208333333333334 0.045 0.07500000000000001
1 0.265 0.5408333333333334 0.0475 0.08166666666666667
1 0.30375 0.4625 0.0375 0.065
1 0.216875 0.4491666666666667 0.04125 0.06166666666666667
1 0.22625 0.41000000000000003 0.0325 0.04
1 0.25625 0.4025 0.025 0.03833333333333334
1 0.28625 0.4083333333333334 0.0225 0.03666666666666667
1 0.3225 0.42750000000000005 0.0225 0.03833333333333334
1 0.34 0.41833333333333333 0.02 0.043333333333333335
1 0.185625 0.43000000000000005 0.02875 0.04666666666666667
1 0.155 0.44583333333333336 0.0375 0.058333333333333334
1 0.11375 0.4591666666666667 0.0525 0.08166666666666667
1 0.140625 0.4191666666666667 0.02875 0.04833333333333334
1 0.036875 0.44333333333333336 0.03875 0.060000000000000005
1 0.07375 0.38833333333333336 0.03 0.043333333333333335
1 0.018125 0.3841666666666667 0.02625 0.045000000000000005
