1 0.040262172284644196 0.40448504983388706 0.03745318352059925 0.07475083056478406
1 0.26170411985018727 0.2898671096345515 0.02153558052434457 0.03820598006644518
1 0.28323970037453183 0.27990033222591365 0.019662921348314606 0.044850498338870434
1 0.30337078651685395 0.26328903654485053 0.016853932584269662 0.044850498338870434
1 0.3258426966292135 0.26827242524916944 0.02059925093632959 0.04152823920265781
1 0.3445692883895131 0.2865448504983389 0.02247191011235955 0.03820598006644518
1 0.39840823970037453 0.30980066445182725 0.025280898876404494 0.051495016611295685
1 0.3267790262172285 0.22591362126245848 0.016853932584269662 0.036544850498338874
1 0.34597378277153557 0.22009966777408638 0.015917602996254682 0.04152823920265781
1 0.3544007490636704 0.24584717607973422 0.019662921348314606 0.03986710963455149
1 0.37359550561797755 0.23338870431893688 0.016853932584269662 0.03488372093023256
1 0.4199438202247191 0.22674418604651164 0.017790262172284646 0.04152823920265781
1 0.45224719101123595 0.22674418604651164 0.02247191011235955 0.04152823920265781
1 0.40870786516853935 0.18106312292358803 0.015917602996254682 0.03322259136212625
1 0.42790262172284643 0.1852159468438538 0.016853932584269662 0.03488372093023256
1 0.4639513108614232 0.19933554817275748 0.017790262172284646 0.036544850498338874
1 0.4583333333333333 0.16943521594684385 0.014044943820224719 0.023255813953488372
1 0.49953183520599254 0.23837209302325582 0.02153558052434457 0.04817275747508306
1 0.48314606741573035 0.17026578073089702 0.0149812734082397 0.03156146179401993
1 0.47284644194756553 0.1511627906976744 0.013108614232209739 0.029900332225913623
1 0.45271535580524347 0.14534883720930233 0.012172284644194757 0.02823920265780731
1 0.48829588014981273 0.1403654485049834 0.015917602996254682 0.02823920265780731
1 0.5280898876404494 0.14285714285714285 0.018726591760299626 0.03322259136212625
1 0.5341760299625469 0.1777408637873754 0.019662921348314606 0.03322259136212625
1 0.5421348314606742 0.20431893687707642 0.02059925093632959 0.03986710963455149
1 0.5730337078651685 0.16777408637873756 0.02059925093632959 0.036544850498338874
1 0.5833333333333334 0.15614617940199335 0.013108614232209739 0.029900332225913623
1 0.5594569288389513 0.14700996677740863 0.014044943820224719 0.02823920265780731
1 0.5519662921348315 0.13704318936877077 0.014044943820224719 0.02823920265780731
1 0.5697565543071161 0.11960132890365449 0.012172284644194757 0.026578073089700997
1 0.5889513108614233 0.13538205980066445 0.013108614232209739 0.024916943521594685
1 0.62312734082397 0.14700996677740863 0.017790262172284646 0.03820598006644518
1 0.6324906367041199 0.132890365448505 0.015917602996254682 0.026578073089700997
1 0.6409176029962547 0.1079734219269103 0.014044943820224719 0.03322259136212625
1 0.6198501872659176 0.10880398671096346 0.013108614232209739 0.03156146179401993
1 0.598314606741573 0.10714285714285715 0.0149812734082397 0.03488372093023256
1 0.6722846441947565 0.1287375415282392 0.0149812734082397 0.03488372093023256
1 0.6896067415730337 0.10631229235880399 0.015917602996254682 0.03322259136212625
1 0.6863295880149812 0.14451827242524917 0.0149812734082397 0.03322259136212625
1 0.7111423220973783 0.14119601328903655 0.015917602996254682 0.036544850498338874
1 0.647003745318352 0.17857142857142858 0.018726591760299626 0.044850498338870434
1 0.6254681647940075 0.19601328903654486 0.018726591760299626 0.04318936877076412
1 0.6044007490636705 0.25830564784053156 0.027153558052434457 0.051495016611295685
1 0.5655430711610487 0.24086378737541528 0.02247191011235955 0.046511627906976744
1 0.5627340823970037 0.3023255813953488 0.026217228464419477 0.05647840531561462
1 0.4901685393258427 0.3081395348837209 0.03089887640449438 0.061461794019933555
1 0.6058052434456929 0.33222591362126247 0.0299625468164794 0.059800664451827246
1 0.677434456928839 0.34551495016611294 0.038389513108614236 0.07308970099667775
1 0.6779026217228464 0.24750830564784054 0.024344569288389514 0.04983388704318937
1 0.7111423220973783 0.2956810631229236 0.02902621722846442 0.059800664451827246
1 0.6685393258426966 0.2142857142857143 0.02059925093632959 0.04983388704318937
1 0.6928838951310862 0.22259136212624586 0.02059925093632959 0.053156146179401995
1 0.6956928838951311 0.18687707641196014 0.018726591760299626 0.04152823920265781
1 0.7331460674157303 0.15863787375415284 0.0149812734082397 0.03820598006644518
1 0.7425093632958801 0.20598006644518274 0.02059925093632959 0.04983388704318937
1 0.7602996254681648 0.23588039867109636 0.02247191011235955 0.046511627906976744
1 0.7715355805243446 0.2865448504983389 0.026217228464419477 0.054817275747508304
1 0.7982209737827716 0.1777408637873754 0.017790262172284646 0.04983388704318937
1 0.7556179775280899 0.15946843853820597 0.018726591760299626 0.04318936877076412
1 0.7411048689138577 0.13205980066445183 0.017790262172284646 0.03488372093023256
1 0.7476591760299626 0.11627906976744186 0.019662921348314606 0.036544850498338874
1 0.7687265917602997 0.13787375415282394 0.0149812734082397 0.03986710963455149
1 0.7930711610486891 0.12956810631229237 0.0149812734082397 0.03986710963455149
1 0.8127340823970037 0.14202657807308972 0.0149812734082397 0.02823920265780731
1 0.8216292134831461 0.17109634551495018 0.014044943820224719 0.029900332225913623
1 0.8295880149812734 0.13538205980066445 0.016853932584269662 0.04152823920265781
1 0.8534644194756554 0.1611295681063123 0.019662921348314606 0.04318936877076412
1 0.8520599250936329 0.19767441860465118 0.02059925093632959 0.04318936877076412
1 0.875 0.23172757475083058 0.02153558052434457 0.04817275747508306
1 0.875 0.2009966777408638 0.019662921348314606 0.03986710963455149
1 0.8675093632958801 0.15780730897009967 0.015917602996254682 0.03322259136212625
1 0.8712546816479401 0.1303986710963455 0.017790262172284646 0.03820598006644518
1 0.8974719101123596 0.1362126245847176 0.014044943820224719 0.03322259136212625
1 0.8946629213483146 0.17358803986710963 0.019662921348314606 0.04152823920265781
1 0.9339887640449438 0.17192691029900334 0.014044943820224719 0.03488372093023256
1 0.9330524344569289 0.2815614617940199 0.023408239700374533 0.054817275747508304
