1 0.17587809917355374 0.43287037037037035 0.06353305785123967 0.12345679012345678
1 0.05578512396694215 0.5435956790123456 0.029958677685950414 0.0625
1 0.1159607438016529 0.5358796296296297 0.022210743801652895 0.057870370370370364
1 0.25361570247933884 0.5478395061728395 0.028925619834710745 0.06018518518518518
1 0.246900826446281 0.5119598765432098 0.027892561983471075 0.04089506172839506
1 0.2797004132231405 0.6076388888888888 0.061466942148760334 0.07638888888888888
1 0.33961776859504134 0.5733024691358024 0.04183884297520661 0.07561728395061729
1 0.3181818181818182 0.5424382716049383 0.026859504132231406 0.046296296296296294
1 0.3019111570247934 0.5258487654320987 0.022210743801652895 0.03626543209876543
1 0.3362603305785124 0.5069444444444444 0.026859504132231406 0.041666666666666664
1 0.38042355371900827 0.5119598765432098 0.02324380165289256 0.039351851851851846
1 0.3992768595041322 0.5100308641975309 0.022727272727272728 0.044753086419753084
1 0.41115702479338845 0.5254629629629629 0.027892561983471075 0.047839506172839504
1 0.43336776859504134 0.5609567901234568 0.04132231404958678 0.06018518518518518
1 0.5258264462809917 0.5601851851851851 0.036157024793388434 0.05864197530864197
1 0.5991735537190083 0.5358796296296297 0.025826446280991736 0.051697530864197525
1 0.6456611570247934 0.5462962962962963 0.028925619834710745 0.05555555555555555
1 0.6131198347107438 0.6790123456790123 0.07024793388429752 0.1111111111111111
1 0.6846590909090909 0.6435185185185185 0.061466942148760334 0.10185185185185185
1 0.7004132231404959 0.5501543209876543 0.032024793388429756 0.06327160493827161
1 0.7618801652892562 0.579861111111111 0.04338842975206612 0.08410493827160494
1 0.7933884297520661 0.5752314814814814 0.029958677685950414 0.06095679012345678
1 0.7623966942148761 0.5528549382716049 0.03512396694214876 0.05632716049382716
1 0.9568698347107438 0.39467592592592593 0.06869834710743802 0.13348765432098764
