1 0.19831618334892423 0.4485294117647059 0.037418147801683815 0.07679738562091504
1 0.2362020579981291 0.20751633986928106 0.021515434985968196 0.0392156862745098
1 0.4714686623012161 0.14379084967320263 0.013096351730589336 0.026143790849673203
1 0.5042095416276894 0.13725490196078433 0.013096351730589336 0.022875816993464054
1 0.49251637043966323 0.16748366013071897 0.01777362020579981 0.03104575163398693
1 0.5056127221702525 0.1911764705882353 0.019644527595884004 0.029411764705882353
1 0.7043966323666978 0.17483660130718956 0.01683816651075772 0.032679738562091505
1 0.7268475210477081 0.18055555555555555 0.013096351730589336 0.02777777777777778
1 0.7427502338634238 0.17973856209150327 0.014967259120673527 0.029411764705882353
1 0.7918615528531338 0.18055555555555555 0.015902712815715623 0.03104575163398693
1 0.842843779232928 0.18300653594771243 0.014967259120673527 0.029411764705882353
1 0.9022450888681011 0.12418300653594772 0.01403180542563143 0.032679738562091505
1 0.9396632366697849 0.16339869281045752 0.01028999064546305 0.022875816993464054
1 0.9438727782974743 0.18709150326797386 0.013096351730589336 0.024509803921568627
1 0.9401309635173059 0.23366013071895425 0.014967259120673527 0.032679738562091505
1 0.8807296538821329 0.28594771241830064 0.019644527595884004 0.049019607843137254
