1 0.19147894221351616 0.489983305509182 0.04995102840352596 0.08180300500834725
1 0.3486777668952008 0.2570951585976628 0.01762977473065622 0.0333889816360601
1 0.37659157688540645 0.2629382303839733 0.01665034280117532 0.035058430717863104
1 0.4324191968658178 0.21953255425709517 0.014691478942213516 0.028380634390651086
1 0.4397649363369246 0.27963272120200333 0.023506366307541625 0.038397328881469114
1 0.4627815866797258 0.2295492487479132 0.01860920666013712 0.038397328881469114
1 0.46376101860920665 0.18697829716193656 0.01665034280117532 0.03005008347245409
1 0.48579823702252695 0.1969949916527546 0.015670910871694418 0.02671118530884808
1 0.5073457394711067 0.19449081803005008 0.015670910871694418 0.03171953255425709
1 0.4774730656219393 0.15442404006677796 0.012732615083251714 0.021702838063439065
1 0.5034280117531832 0.13939899833055092 0.009794319294809012 0.021702838063439065
1 0.5426052889324192 0.13856427378964942 0.015670910871694418 0.02337228714524207
1 0.545543584720862 0.21786310517529217 0.019588638589618023 0.03171953255425709
1 0.5857002938295789 0.15692821368948248 0.015670910871694418 0.0333889816360601
1 0.5842311459353575 0.13522537562604342 0.014691478942213516 0.02671118530884808
1 0.4941234084231146 0.32387312186978295 0.02840352595494613 0.05676126878130217
1 0.5974534769833497 0.24040066777963273 0.02742409402546523 0.06010016694490818
1 0.6870714985308521 0.24958263772954925 0.02644466209598433 0.045075125208681135
1 0.7600391772771793 0.2863105175292154 0.019588638589618023 0.048414023372287146
1 0.8026444662095985 0.2929883138564274 0.020568070519098924 0.048414023372287146
1 0.9084231145935358 0.21702838063439064 0.01665034280117532 0.04006677796327212
1 0.8388834476003918 0.17195325542570952 0.01665034280117532 0.03672787979966611
1 0.8379040156709109 0.1285475792988314 0.012732615083251714 0.03005008347245409
1 0.7845249755142018 0.12020033388981637 0.015670910871694418 0.03672787979966611
1 0.7654260528893242 0.1343906510851419 0.01665034280117532 0.03171953255425709
1 0.7433888344760039 0.15943238731218698 0.015670910871694418 0.028380634390651086
1 0.7198824681684624 0.14607679465776294 0.015670910871694418 0.035058430717863104
