1 0.0650767987065481 0.5550906555090656 0.04446240905416329 0.100418410041841
1 0.22150363783346805 0.35006973500697347 0.017784963621665317 0.030683403068340307
1 0.2514147130153597 0.36750348675034866 0.021018593371059012 0.03486750348675035
1 0.2886014551333872 0.3089260808926081 0.017784963621665317 0.03207810320781032
1 0.28698464025869036 0.3723849372384937 0.019401778496362165 0.03347280334728033
1 0.33710590137429264 0.3702928870292887 0.02263540824575586 0.043235704323570434
1 0.35206143896523845 0.3333333333333333 0.016976556184316895 0.03347280334728033
1 0.35852869846402585 0.298465829846583 0.018593371059013743 0.030683403068340307
1 0.3904607922392886 0.32496513249651326 0.021018593371059012 0.030683403068340307
1 0.412287793047696 0.3493723849372385 0.024252223120452707 0.046025104602510455
1 0.4090541632983023 0.300557880055788 0.01616814874696847 0.026499302649930265
1 0.4078415521422797 0.2789400278940028 0.015359741309620048 0.022315202231520222
1 0.3940986257073565 0.2754532775453277 0.02021018593371059 0.03486750348675035
1 0.42360549717057394 0.25523012552301255 0.01616814874696847 0.02510460251046025
1 0.43492320129345186 0.27615062761506276 0.01616814874696847 0.02789400278940028
1 0.4535165723524656 0.2524407252440725 0.01131770412287793 0.02510460251046025
1 0.4700889248181083 0.23919107391910738 0.0137429264349232 0.01813110181311018
1 0.4745351657235246 0.2698744769874477 0.014551333872271624 0.026499302649930265
1 0.5016168148746968 0.2684797768479777 0.0137429264349232 0.03207810320781032
1 0.5101050929668552 0.2531380753138075 0.01131770412287793 0.029288702928870293
1 0.5214227970897332 0.24267782426778242 0.01616814874696847 0.019525801952580194
1 0.5234438156831043 0.2698744769874477 0.016976556184316895 0.03486750348675035
1 0.5472918350848828 0.2510460251046025 0.01616814874696847 0.03626220362622036
1 0.5557801131770412 0.22733612273361226 0.016976556184316895 0.02789400278940028
1 0.5751818916734034 0.22594142259414224 0.0137429264349232 0.02510460251046025
1 0.5776071139854486 0.25662482566248257 0.018593371059013743 0.03347280334728033
1 0.5893290218270008 0.2398884239888424 0.014551333872271624 0.02789400278940028
1 0.5990299110751819 0.22942817294281728 0.01616814874696847 0.026499302649930265
1 0.6091350040420371 0.20920502092050208 0.012126111560226353 0.02510460251046025
1 0.6253031527890056 0.21687587168758715 0.0137429264349232 0.01813110181311018
1 0.6523848019401778 0.2196652719665272 0.012934518997574777 0.02092050209205021
1 0.6709781729991916 0.2315202231520223 0.009700889248181082 0.02510460251046025
1 0.6370250606305577 0.24337517433751743 0.01131770412287793 0.01813110181311018
1 0.5982215036378334 0.25871687587168757 0.012934518997574777 0.02092050209205021
1 0.5513338722716249 0.28521617852161785 0.01616814874696847 0.026499302649930265
1 0.509700889248181 0.3214783821478382 0.016976556184316895 0.03486750348675035
1 0.4506871463217461 0.3458856345885635 0.016976556184316895 0.03626220362622036
1 0.7364591754244139 0.24476987447698745 0.012934518997574777 0.02092050209205021
1 0.7295877122069523 0.26638772663877264 0.0137429264349232 0.02789400278940028
1 0.7186742118027486 0.2824267782426778 0.014551333872271624 0.03486750348675035
1 0.7049312853678253 0.26429567642956764 0.012934518997574777 0.029288702928870293
1 0.6742118027485853 0.2691771269177127 0.012934518997574777 0.02510460251046025
1 0.6321746160064672 0.29776847977684795 0.01616814874696847 0.026499302649930265
1 0.5978172999191592 0.3263598326359832 0.016976556184316895 0.030683403068340307
1 0.5602263540824576 0.35006973500697347 0.02263540824575586 0.044630404463040445
1 0.5383993532740501 0.405160390516039 0.02263540824575586 0.046025104602510455
1 0.46645109135004037 0.41562064156206413 0.025869037995149554 0.04741980474198047
1 0.5759902991107518 0.43444909344490934 0.02991107518189167 0.05160390516039051
1 0.587712206952304 0.4198047419804742 0.021018593371059012 0.03626220362622036
1 0.6531932093775262 0.3312412831241283 0.01616814874696847 0.03486750348675035
1 0.6628940986257074 0.3688981868898187 0.02263540824575586 0.046025104602510455
1 0.6883589329021826 0.35495118549511856 0.02021018593371059 0.03765690376569038
1 0.7748585286984639 0.23849372384937237 0.015359741309620048 0.030683403068340307
1 0.7687954729183508 0.2698744769874477 0.014551333872271624 0.023709902370990237
1 0.746160064672595 0.29637377963737793 0.014551333872271624 0.026499302649930265
1 0.8330638641875505 0.2629009762900976 0.0137429264349232 0.023709902370990237
1 0.8225545675020209 0.2740585774058577 0.0137429264349232 0.026499302649930265
1 0.8649959579628133 0.25871687587168757 0.012934518997574777 0.026499302649930265
1 0.8573160873080032 0.2754532775453277 0.015359741309620048 0.023709902370990237
1 0.8872271624898949 0.28661087866108786 0.012126111560226353 0.03486750348675035
1 0.9324979789814066 0.2705718270571827 0.015359741309620048 0.02789400278940028
1 0.9260307194826192 0.3138075313807531 0.012126111560226353 0.02510460251046025
1 0.9187550525464834 0.33472803347280333 0.0137429264349232 0.03347280334728033
1 0.8872271624898949 0.32705718270571826 0.016976556184316895 0.03207810320781032
1 0.8391269199676636 0.32217573221757323 0.014551333872271624 0.03905160390516039
1 0.8185125303152788 0.33542538354253837 0.02021018593371059 0.043235704323570434
1 0.793856103476152 0.30962343096234307 0.01616814874696847 0.02789400278940028
1 0.7429264349232012 0.4072524407252441 0.024252223120452707 0.03626220362622036
1 0.7869846402586903 0.41352859135285913 0.018593371059013743 0.043235704323570434
1 0.801535974130962 0.3842398884239888 0.016976556184316895 0.03765690376569038
1 0.8565076798706548 0.37447698744769875 0.018593371059013743 0.046025104602510455
1 0.8674211802748585 0.3619246861924686 0.017784963621665317 0.040446304044630406
1 0.9337105901374292 0.3737796373779637 0.019401778496362165 0.044630404463040445
1 0.9139046079223928 0.39748953974895396 0.02021018593371059 0.03905160390516039
1 0.9025869037995149 0.4637377963737796 0.026677445432497976 0.05439330543933054
1 0.8387227162489894 0.4372384937238494 0.023443815683104285 0.05718270571827057
1 0.7983023443815682 0.5383542538354253 0.026677445432497976 0.0697350069735007
1 0.7045270816491511 0.49232914923291493 0.033144704931285365 0.06694560669456066
1 0.6378334680679062 0.45885634588563456 0.035569927243330635 0.06415620641562064
