1 0.116 0.3888888888888889 0.044 0.07507507507507508
1 0.064 0.47297297297297297 0.024 0.05105105105105105
1 0.023 0.4954954954954955 0.034 0.04804804804804805
1 0.112 0.5825825825825826 0.06 0.0960960960960961
1 0.101 0.536036036036036 0.05 0.07507507507507508
1 0.027 0.5540540540540541 0.042 0.08108108108108109
1 0.178 0.5375375375375375 0.048 0.1021021021021021
1 0.20800000000000002 0.484984984984985 0.04 0.057057057057057055
1 0.229 0.5930930930930931 0.062 0.1111111111111111
1 0.28 0.48348348348348347 0.028 0.04804804804804805
1 0.293 0.542042042042042 0.042 0.08108108108108109
1 0.37 0.484984984984985 0.028 0.04504504504504504
1 0.446 0.7117117117117117 0.112 0.16216216216216217
1 0.437 0.6276276276276276 0.082 0.11411411411411411
1 0.48 0.48348348348348347 0.04 0.07207207207207207
1 0.541 0.3933933933933934 0.03 0.04804804804804805
1 0.598 0.4024024024024024 0.028 0.04804804804804805
1 0.553 0.6396396396396397 0.074 0.12612612612612611
1 0.594 0.4894894894894895 0.036000000000000004 0.05405405405405406
1 0.652 0.5885885885885885 0.064 0.10810810810810811
1 0.715 0.3918918918918919 0.018000000000000002 0.03903903903903904
1 0.809 0.536036036036036 0.046 0.06906906906906907
1 0.8210000000000001 0.5105105105105106 0.046 0.07807807807807808
1 0.9560000000000001 0.6066066066066066 0.064 0.0960960960960961
1 0.9470000000000001 0.5480480480480481 0.046 0.07507507507507508
