1 0.6165 0.38 0.055 0.08533333333333333
1 0.3755 0.87 0.213 0.23333333333333334
1 0.28400000000000003 0.6613333333333333 0.14200000000000002 0.19999999999999998
1 0.053 0.6286666666666666 0.088 0.12933333333333333
1 0.131 0.5633333333333334 0.058 0.09466666666666666
1 0.1865 0.536 0.063 0.09066666666666666
1 0.34950000000000003 0.616 0.075 0.12533333333333332
1 0.3795 0.5373333333333333 0.065 0.08
1 0.363 0.5053333333333333 0.074 0.09066666666666666
1 0.788 0.5126666666666666 0.054 0.08666666666666667
1 0.8625 0.5373333333333333 0.079 0.10933333333333332
1 0.9325 0.5573333333333333 0.063 0.096
1 0.8845000000000001 0.6833333333333333 0.083 0.12133333333333333
