1 0.042067307692307696 0.6012414383561644 0.07980769230769232 0.2521404109589041
1 0.12896634615384617 0.5211900684931506 0.06658653846153846 0.10145547945205478
1 0.12752403846153848 0.44884417808219174 0.042067307692307696 0.062071917808219176
1 0.19699519230769233 0.4030393835616438 0.047355769230769236 0.07320205479452055
1 0.23461538461538461 0.4696061643835616 0.0514423076923077 0.09417808219178081
1 0.29471153846153847 0.4066780821917808 0.03701923076923077 0.07363013698630136
1 0.34663461538461543 0.42701198630136983 0.05 0.10402397260273973
1 0.36622596153846154 0.3827054794520548 0.034375 0.05736301369863013
1 0.39891826923076923 0.35702054794520544 0.028125 0.059931506849315065
1 0.6247596153846154 0.3741438356164383 0.03365384615384616 0.0625
1 0.6457932692307693 0.3931934931506849 0.0358173076923077 0.0586472602739726
1 0.6918269230769231 0.3878424657534246 0.03990384615384616 0.09417808219178081
1 0.7147836538461538 0.3657962328767123 0.029567307692307695 0.06720890410958903
1 0.7669471153846155 0.3717893835616438 0.042067307692307696 0.06720890410958903
1 0.7955528846153846 0.4574058219178082 0.05216346153846154 0.08946917808219178
1 0.6990384615384616 0.4946489726027397 0.06105769230769231 0.1271404109589041
1 0.8902644230769231 0.4300085616438356 0.06610576923076923 0.1271404109589041
1 0.8338942307692309 0.39212328767123283 0.04134615384615385 0.0684931506849315
1 0.8087740384615385 0.36686643835616434 0.029567307692307695 0.05736301369863013
1 0.9554086538461539 0.5404537671232876 0.08918269230769231 0.24101027397260272
