1 0.07875 0.4437148217636023 0.0125 0.024390243902439025
1 0.58 0.9427767354596623 0.0925 0.10694183864915573
1 0.6625 0.8114446529080676 0.0725 0.11069418386491557
1 0.694375 0.6904315196998124 0.058750000000000004 0.0825515947467167
1 0.713125 0.6228893058161351 0.043750000000000004 0.0675422138836773
1 0.7275 0.5684803001876173 0.035 0.0450281425891182
1 0.720625 0.5337711069418386 0.03625 0.04690431519699812
1 0.735625 0.5112570356472795 0.02875 0.043151969981238276
1 0.71625 0.48405253283302063 0.025 0.03377110694183865
1 0.1625 0.8883677298311444 0.0725 0.09943714821763602
1 0.34 0.8395872420262664 0.0625 0.08818011257035648
1 0.42875 0.6960600375234521 0.05 0.07879924953095685
1 0.496875 0.6547842401500938 0.03875 0.0675422138836773
1 0.551875 0.6013133208255159 0.04125 0.06566604127579738
1 0.5875 0.5544090056285178 0.04 0.06566604127579738
1 0.614375 0.5309568480300187 0.03625 0.05628517823639775
1 0.63 0.5121951219512195 0.0275 0.04878048780487805
1 0.63875 0.4821763602251407 0.025 0.03377110694183865
1 0.02375 0.7795497185741088 0.0425 0.08442776735459662
1 0.114375 0.7195121951219512 0.04875 0.07692307692307693
1 0.033125 0.6688555347091932 0.03375 0.04690431519699812
1 0.105 0.6360225140712945 0.0325 0.052532833020637895
1 0.049375 0.5956848030018762 0.02875 0.043151969981238276
1 0.045 0.549718574108818 0.0275 0.0375234521575985
1 0.053125 0.5290806754221389 0.02125 0.0300187617260788
1 0.058125 0.4981238273921201 0.01875 0.024390243902439025
1 0.1 0.5628517823639775 0.0325 0.04878048780487805
1 0.10875 0.5375234521575984 0.02 0.024390243902439025
1 0.1 0.5112570356472795 0.0175 0.024390243902439025
1 0.13 0.4831144465290807 0.0175 0.020637898686679174
1 0.13875 0.50093808630394 0.0175 0.026266416510318948
1 0.15125 0.5140712945590994 0.02 0.03377110694183865
1 0.16375 0.5422138836772983 0.025 0.04127579737335835
1 0.173125 0.6022514071294559 0.03125 0.05628517823639775
1 0.233125 0.6763602251407129 0.04625 0.07692307692307693
1 0.310625 0.6388367729831145 0.043750000000000004 0.06191369606003752
1 0.25875 0.5778611632270169 0.0325 0.0450281425891182
1 0.21375 0.5356472795497186 0.0275 0.039399624765478425
1 0.20125 0.5056285178236398 0.02 0.03564727954971857
1 0.18625 0.48592870544090055 0.0175 0.026266416510318948
1 0.16875 0.46904315196998125 0.015 0.0225140712945591
1 0.203125 0.4652908067542214 0.01625 0.0225140712945591
1 0.21937500000000001 0.4718574108818011 0.01625 0.028142589118198873
1 0.24 0.4906191369606004 0.02 0.028142589118198873
1 0.268125 0.5084427767354597 0.02625 0.0375234521575985
1 0.310625 0.5318949343339587 0.02625 0.03564727954971857
1 0.383125 0.5656660412757973 0.03375 0.058161350844277676
1 0.44125000000000003 0.5375234521575984 0.0375 0.06191369606003752
1 0.48 0.5225140712945591 0.0325 0.04690431519699812
1 0.39625 0.48592870544090055 0.0275 0.0375234521575985
1 0.37 0.5112570356472795 0.0225 0.043151969981238276
1 0.356875 0.474671669793621 0.02125 0.04127579737335835
1 0.31375000000000003 0.4878048780487805 0.0225 0.04127579737335835
1 0.28250000000000003 0.46622889305816134 0.02 0.024390243902439025
1 0.265 0.4446529080675422 0.015 0.0225140712945591
1 0.231875 0.450281425891182 0.01625 0.01876172607879925
1 0.314375 0.44934333958724204 0.02125 0.028142589118198873
1 0.313125 0.42213883677298314 0.01625 0.0225140712945591
1 0.330625 0.4090056285178236 0.01375 0.0225140712945591
1 0.34625 0.40619136960600377 0.015 0.020637898686679174
1 0.359375 0.4230769230769231 0.01375 0.024390243902439025
1 0.336875 0.43058161350844276 0.01625 0.024390243902439025
1 0.339375 0.4530956848030019 0.01375 0.020637898686679174
1 0.375 0.43902439024390244 0.015 0.026266416510318948
1 0.410625 0.450281425891182 0.01625 0.026266416510318948
1 0.39437500000000003 0.42964352720450283 0.01375 0.026266416510318948
1 0.376875 0.41369606003752346 0.01375 0.024390243902439025
1 0.393125 0.4071294559099437 0.01625 0.0225140712945591
1 0.40625 0.4071294559099437 0.015 0.026266416510318948
1 0.39 0.38367729831144465 0.01 0.020637898686679174
1 0.39875 0.3780487804878049 0.015 0.020637898686679174
1 0.441875 0.3799249530956848 0.01625 0.020637898686679174
1 0.43125 0.41838649155722324 0.015 0.026266416510318948
1 0.443125 0.4071294559099437 0.01375 0.026266416510318948
1 0.45625 0.40337711069418386 0.015 0.01876172607879925
1 0.43875000000000003 0.43808630393996245 0.0175 0.024390243902439025
1 0.45125 0.4343339587242026 0.02 0.024390243902439025
1 0.47125 0.42120075046904315 0.015 0.024390243902439025
1 0.480625 0.4174484052532833 0.01125 0.024390243902439025
1 0.499375 0.4090056285178236 0.01875 0.0225140712945591
1 0.451875 0.48405253283302063 0.02375 0.04127579737335835
1 0.46625 0.4699812382739212 0.0225 0.03189493433395872
1 0.495 0.4549718574108818 0.025 0.03189493433395872
1 0.50875 0.4474671669793621 0.02 0.03189493433395872
1 0.5225 0.4333958724202627 0.0125 0.026266416510318948
1 0.534375 0.42026266416510316 0.01625 0.0225140712945591
1 0.544375 0.4165103189493433 0.01125 0.0225140712945591
1 0.55375 0.4024390243902439 0.015 0.020637898686679174
1 0.570625 0.3874296435272045 0.01375 0.020637898686679174
1 0.51375 0.49343339587242024 0.03 0.04127579737335835
1 0.5387500000000001 0.4699812382739212 0.0225 0.043151969981238276
1 0.5575 0.46153846153846156 0.02 0.0375234521575985
1 0.56875 0.45121951219512196 0.015 0.028142589118198873
1 0.58 0.4399624765478424 0.0175 0.024390243902439025
1 0.59 0.41932457786116323 0.0175 0.024390243902439025
1 0.599375 0.4080675422138837 0.01375 0.028142589118198873
1 0.604375 0.39587242026266417 0.01625 0.01876172607879925
1 0.61125 0.38461538461538464 0.01 0.01876172607879925
1 0.89625 0.8818011257035647 0.085 0.14634146341463414
1 0.8725 0.7429643527204502 0.0675 0.10131332082551595
1 0.865625 0.6613508442776735 0.051250000000000004 0.07692307692307693
1 0.8512500000000001 0.5909943714821764 0.045 0.06378986866791744
1 0.8356250000000001 0.549718574108818 0.03375 0.0450281425891182
1 0.823125 0.5206378986866792 0.02875 0.03564727954971857
1 0.8175 0.49530956848030017 0.03 0.0375234521575985
1 0.7993750000000001 0.4774859287054409 0.02375 0.039399624765478425
1 0.79625 0.45684803001876173 0.02 0.03564727954971857
1 0.7837500000000001 0.4455909943714822 0.02 0.024390243902439025
1 0.78 0.43151969981238275 0.015 0.026266416510318948
1 0.769375 0.4268292682926829 0.00875 0.024390243902439025
1 0.76625 0.4174484052532833 0.0125 0.020637898686679174
1 0.75625 0.41369606003752346 0.015 0.020637898686679174
1 0.7518750000000001 0.4024390243902439 0.01125 0.020637898686679174
1 0.748125 0.3921200750469043 0.01125 0.0225140712945591
1 0.72875 0.3902439024390244 0.0125 0.01876172607879925
1 0.735 0.40150093808630394 0.0125 0.01876172607879925
1 0.703125 0.3968105065666041 0.01375 0.020637898686679174
1 0.706875 0.42120075046904315 0.01875 0.028142589118198873
1 0.7225 0.4521575984990619 0.0175 0.026266416510318948
1 0.654375 0.4652908067542214 0.01375 0.0225140712945591
1 0.645625 0.4352720450281426 0.01625 0.0225140712945591
1 0.65125 0.41932457786116323 0.015 0.024390243902439025
1 0.65625 0.40150093808630394 0.015 0.0300187617260788
