1 0.18640776699029127 0.4741235392320534 0.05242718446601941 0.11018363939899833
1 0.3490291262135922 0.2612687813021703 0.02815533980582524 0.05509181969949917
1 0.37718446601941746 0.2646076794657763 0.030097087378640777 0.048414023372287146
1 0.42961165048543687 0.22036727879799667 0.024271844660194174 0.03672787979966611
1 0.45679611650485435 0.18864774624373956 0.018446601941747572 0.04006677796327212
1 0.4728155339805825 0.15776293823038398 0.019417475728155338 0.038397328881469114
1 0.49029126213592233 0.14774624373956594 0.021359223300970873 0.041736227045075125
1 0.5325242718446602 0.18614357262103506 0.024271844660194174 0.038397328881469114
1 0.437378640776699 0.27629382303839733 0.030097087378640777 0.05175292153589316
1 0.49805825242718443 0.3055091819699499 0.031067961165048542 0.07011686143572621
1 0.5815533980582525 0.2871452420701169 0.031067961165048542 0.05342237061769616
1 0.7189320388349514 0.08096828046744574 0.020388349514563107 0.035058430717863104
1 0.7805825242718446 0.10767946577629382 0.021359223300970873 0.05175292153589316
1 0.6805825242718446 0.08263772954924875 0.019417475728155338 0.038397328881469114
1 0.9029126213592232 0.21702838063439064 0.021359223300970873 0.04674457429048414
1 0.6601941747572815 0.11268781302170285 0.017475728155339806 0.041736227045075125
1 0.6524271844660194 0.08430717863105175 0.02330097087378641 0.05509181969949917
1 0.729126213592233 0.14273789649415694 0.02330097087378641 0.041736227045075125
1 0.5742718446601941 0.07345575959933222 0.016504854368932037 0.02337228714524207
1 0.5213592233009708 0.09766277128547579 0.013592233009708738 0.028380634390651086
