1 0.32392686804451515 0.21598877980364656 0.015103338632750398 0.028050490883590462
1 0.3509538950715422 0.21528751753155678 0.015103338632750398 0.03225806451612903
1 0.38076311605723373 0.30504908835904626 0.02384737678855326 0.043478260869565216
1 0.5003974562798092 0.20196353436185133 0.018282988871224166 0.0364656381486676
1 0.5639904610492846 0.1774193548387097 0.015103338632750398 0.03225806451612903
1 0.4709856915739269 0.1584852734922861 0.013513513513513514 0.02244039270687237
1 0.5604133545310016 0.11781206171107994 0.009538950715421305 0.02244039270687237
1 0.8048489666136726 0.4025245441795231 0.03418124006359301 0.07012622720897616
1 0.8732114467408586 0.09887798036465638 0.01192368839427663 0.023842917251051893
1 0.9006359300476948 0.14165497896213183 0.011128775834658189 0.028050490883590462
