1 0.03985507246376812 0.3152804642166344 0.06231884057971015 0.10831721470019343
1 0.13260869565217392 0.3481624758220503 0.07971014492753624 0.1276595744680851
1 0.2594202898550725 0.3916827852998066 0.08695652173913043 0.1450676982591876
1 0.5260869565217391 0.4874274661508704 0.12173913043478261 0.17794970986460348
1 0.5572463768115942 0.31237911025145065 0.07101449275362319 0.09864603481624758
1 0.6789855072463769 0.3646034816247582 0.07391304347826087 0.11411992263056094
1 0.4355072463768116 0.2746615087040619 0.0536231884057971 0.08897485493230174
1 0.3427536231884058 0.27176015473887816 0.050724637681159424 0.06382978723404255
1 0.3159420289855073 0.23210831721470018 0.034782608695652174 0.061895551257253385
1 0.24420289855072463 0.2572533849129594 0.0391304347826087 0.06963249516441006
1 0.1746376811594203 0.24274661508704062 0.04492753623188406 0.059961315280464215
1 0.1289855072463768 0.2263056092843327 0.04057971014492753 0.05415860735009671
1 0.41956521739130437 0.2514506769825919 0.04492753623188406 0.058027079303675046
1 0.48768115942028983 0.2562862669245648 0.04492753623188406 0.07156673114119923
1 0.518840579710145 0.21663442940038685 0.034782608695652174 0.05415860735009671
1 0.5572463768115942 0.24274661508704062 0.0391304347826087 0.06382978723404255
1 0.5942028985507246 0.2195357833655706 0.034782608695652174 0.05609284332688588
1 0.6557971014492754 0.21663442940038685 0.030434782608695653 0.061895551257253385
1 0.7079710144927537 0.269825918762089 0.05652173913043478 0.0793036750483559
1 0.7956521739130434 0.24274661508704062 0.0463768115942029 0.07543520309477757
1 0.8565217391304348 0.2804642166344294 0.06376811594202898 0.0851063829787234
1 0.9398550724637681 0.2514506769825919 0.050724637681159424 0.06963249516441006
1 0.9449275362318841 0.2059961315280464 0.03768115942028986 0.05609284332688588
