1 0.1534839924670433 0.35323383084577115 0.03766478342749529 0.07628524046434494
1 0.25706214689265533 0.27860696517412936 0.015065913370998116 0.026533996683250415
1 0.2951977401129943 0.2611940298507463 0.019774011299435026 0.04477611940298508
1 0.3465160075329567 0.21061359867330018 0.020715630885122408 0.026533996683250415
1 0.3177966101694915 0.2429519071310116 0.019774011299435026 0.03482587064676617
1 0.3173258003766478 0.28938640132669985 0.018832391713747645 0.04145936981757877
1 0.3667608286252354 0.2512437810945274 0.027306967984934087 0.04809286898839138
1 0.37429378531073443 0.22139303482587067 0.019774011299435026 0.028192371475953566
1 0.3851224105461393 0.1956882255389718 0.020715630885122408 0.029850746268656716
1 0.4119585687382297 0.16998341625207297 0.0160075329566855 0.03150912106135987
1 0.4246704331450094 0.1865671641791045 0.02448210922787194 0.03814262023217247
1 0.4293785310734463 0.22139303482587067 0.020715630885122408 0.03814262023217247
1 0.4472693032015066 0.19154228855721395 0.026365348399246702 0.03814262023217247
1 0.4566854990583804 0.16998341625207297 0.022598870056497175 0.03814262023217247
1 0.45338983050847453 0.22470978441127695 0.023540489642184557 0.04477611940298508
1 0.4764595103578154 0.24958540630182421 0.02448210922787194 0.03482587064676617
1 0.48493408662900184 0.13266998341625208 0.013182674199623351 0.029850746268656716
1 0.481638418079096 0.16832504145936983 0.027306967984934087 0.03482587064676617
1 0.4882297551789077 0.20315091210613598 0.023540489642184557 0.04145936981757877
1 0.519774011299435 0.20398009950248758 0.02824858757062147 0.04311774461028192
1 0.5569679849340866 0.1583747927031509 0.019774011299435026 0.03814262023217247
1 0.5353107344632768 0.142620232172471 0.017890772128060263 0.03316749585406302
1 0.5131826741996234 0.07379767827529021 0.015065913370998116 0.024875621890547265
1 0.576271186440678 0.17495854063018243 0.01694915254237288 0.03482587064676617
1 0.5833333333333333 0.1384742951907131 0.02542372881355932 0.05472636815920398
1 0.5903954802259886 0.09950248756218906 0.018832391713747645 0.029850746268656716
1 0.611111111111111 0.05887230514096186 0.009416195856873822 0.02155887230514096
1 0.6214689265536723 0.1451077943615257 0.022598870056497175 0.03814262023217247
1 0.647834274952919 0.09950248756218906 0.013182674199623351 0.023217247097844115
1 0.673728813559322 0.11608623548922056 0.014124293785310734 0.01990049751243781
1 0.7052730696798493 0.06716417910447761 0.013182674199623351 0.03150912106135987
1 0.4887005649717514 0.3009950248756219 0.02824858757062147 0.05804311774461028
1 0.5362523540489642 0.34742951907131014 0.02542372881355932 0.04145936981757877
1 0.5710922787193974 0.24212271973466004 0.027306967984934087 0.04975124378109453
1 0.6365348399246704 0.20563847429519072 0.022598870056497175 0.04311774461028192
1 0.6120527306967984 0.2669983416252073 0.02448210922787194 0.03648424543946932
1 0.5927495291902072 0.3540630182421227 0.031073446327683614 0.0713101160862355
1 0.6807909604519774 0.3407960199004975 0.035781544256120526 0.06135986733001658
1 0.6619585687382298 0.2935323383084577 0.03766478342749529 0.04975124378109453
1 0.6925612052730696 0.22056384742951907 0.023540489642184557 0.03648424543946932
1 0.6991525423728814 0.18490878938640132 0.021657250470809793 0.03482587064676617
1 0.7410546139359698 0.12106135986733002 0.018832391713747645 0.029850746268656716
1 0.7288135593220338 0.14759535655058043 0.022598870056497175 0.03980099502487562
1 0.7886064030131826 0.12769485903814262 0.017890772128060263 0.03316749585406302
1 0.7678907721280602 0.13101160862354894 0.023540489642184557 0.03316749585406302
1 0.7518832391713748 0.14593698175787728 0.023540489642184557 0.03980099502487562
1 0.7580037664783427 0.17412935323383086 0.022598870056497175 0.029850746268656716
1 0.7481167608286252 0.19402985074626866 0.0160075329566855 0.03316749585406302
1 0.7570621468926554 0.2404643449419569 0.03389830508474576 0.04643449419568823
1 0.7415254237288136 0.28606965174129356 0.02542372881355932 0.05804311774461028
1 0.7740112994350282 0.2943615257048093 0.02824858757062147 0.05472636815920398
1 0.8102636534839924 0.2504145936981758 0.021657250470809793 0.04643449419568823
1 0.7961393596986817 0.18573797678275292 0.021657250470809793 0.03316749585406302
1 0.8418079096045198 0.13681592039800997 0.011299435028248588 0.024875621890547265
1 0.8507532956685498 0.18325041459369817 0.019774011299435026 0.03150912106135987
1 0.8686440677966102 0.1492537313432836 0.017890772128060263 0.03316749585406302
1 0.8959510357815442 0.142620232172471 0.017890772128060263 0.03316749585406302
1 0.871939736346516 0.2404643449419569 0.01694915254237288 0.03980099502487562
1 0.9223163841807909 0.26533996683250416 0.021657250470809793 0.04975124378109453
1 0.887005649717514 0.18739635157545606 0.020715630885122408 0.03980099502487562
1 0.9289077212806026 0.20315091210613598 0.023540489642184557 0.04145936981757877
1 0.9331450094161958 0.1583747927031509 0.015065913370998116 0.028192371475953566
1 0.7994350282485876 0.148424543946932 0.018832391713747645 0.03150912106135987
1 0.519774011299435 0.16749585406301826 0.02824858757062147 0.029850746268656716
1 0.8319209039548022 0.16169154228855723 0.023540489642184557 0.04809286898839138
1 0.6685499058380414 0.2131011608623549 0.02448210922787194 0.05804311774461028
1 0.6727871939736346 0.18325041459369817 0.017890772128060263 0.04809286898839138
1 0.6388888888888888 0.12271973466003316 0.017890772128060263 0.03316749585406302
1 0.8629943502824858 0.13101160862354894 0.014124293785310734 0.01658374792703151
