1 0.08366935483870967 0.65809811827957 0.08014112903225806 0.1112231182795699
1 0.08177923387096774 0.5179771505376345 0.03503024193548387 0.0426747311827957
1 0.15435987903225806 0.502856182795699 0.030493951612903226 0.03864247311827957
1 0.17578125 0.47832661290322587 0.022933467741935484 0.03662634408602151
1 0.25856854838709675 0.502856182795699 0.025201612903225805 0.03864247311827957
1 0.29485887096774194 0.4889112903225807 0.022681451612903226 0.031586021505376344
1 0.23298891129032256 0.5893817204301076 0.05972782258064516 0.07728494623655914
1 0.38797883064516125 0.493111559139785 0.022933467741935484 0.03797043010752688
1 0.4197328629032258 0.4828629032258065 0.02847782258064516 0.02956989247311828
1 0.4029737903225806 0.542002688172043 0.037298387096774195 0.05779569892473119
1 0.44682459677419356 0.5277217741935484 0.027721774193548387 0.04603494623655914
1 0.5212953629032258 0.4828629032258065 0.02192540322580645 0.031586021505376344
1 0.506804435483871 0.5003360215053764 0.03276209677419355 0.03965053763440861
1 0.8382056451612903 0.42237903225806456 0.07409274193548387 0.09341397849462367
