1 0.13151041666666666 0.5092807424593967 0.018229166666666664 0.04408352668213457
1 0.021484375 0.39211136890951276 0.016927083333333332 0.03248259860788863
1 0.03515625 0.25638051044083526 0.013020833333333332 0.030162412993039442
1 0.13736979166666666 0.2470997679814385 0.016927083333333332 0.03480278422273782
1 0.18424479166666666 0.25986078886310904 0.014322916666666666 0.03248259860788863
1 0.23046875 0.2691415313225058 0.015625 0.037122969837587005
1 0.30859375 0.3051044083526682 0.018229166666666664 0.025522041763341066
1 0.11393229166666666 0.3677494199535963 0.01171875 0.030162412993039442
1 0.13997395833333331 0.35266821345707655 0.01171875 0.02320185614849188
1 0.16666666666666666 0.3654292343387471 0.013020833333333332 0.025522041763341066
1 0.4915364583333333 0.5185614849187935 0.01953125 0.05336426914153132
1 0.7727864583333333 0.09396751740139211 0.11848958333333333 0.18329466357308583
1 0.6380208333333333 0.5092807424593967 0.020833333333333332 0.03944315545243619
1 0.5787760416666666 0.43039443155452434 0.009114583333333332 0.025522041763341066
