1 0.082 0.2747747747747748 0.06 0.10510510510510511
1 0.198 0.3108108108108108 0.06 0.1111111111111111
1 0.234 0.36786786786786785 0.076 0.12912912912912913
1 0.328 0.31681681681681684 0.064 0.10510510510510511
1 0.41500000000000004 0.43093093093093093 0.074 0.11711711711711711
1 0.41600000000000004 0.32432432432432434 0.06 0.10810810810810811
1 0.511 0.3288288288288288 0.07 0.11711711711711711
1 0.557 0.43843843843843844 0.07 0.12012012012012012
1 0.589 0.3078078078078078 0.05 0.10510510510510511
1 0.674 0.3228228228228228 0.056 0.10510510510510511
1 0.722 0.5015015015015015 0.068 0.12012012012012012
1 0.868 0.45045045045045046 0.08 0.14414414414414414
1 0.791 0.33183183183183185 0.058 0.10510510510510511
1 0.9 0.29429429429429427 0.064 0.12012012012012012
