1 0.35904255319148937 0.18121442125237192 0.02021276595744681 0.03984819734345351
1 0.47606382978723405 0.19449715370018975 0.02872340425531915 0.04743833017077799
1 0.548936170212766 0.19165085388994307 0.023404255319148935 0.04174573055028463
1 0.5792553191489361 0.22011385199240988 0.02446808510638298 0.04933586337760911
1 0.6234042553191489 0.19544592030360533 0.027659574468085108 0.04933586337760911
1 0.6813829787234043 0.23814041745730552 0.02446808510638298 0.04743833017077799
1 0.7069148936170213 0.21347248576850095 0.022340425531914895 0.04743833017077799
1 0.7680851063829788 0.22675521821631878 0.029787234042553193 0.051233396584440226
1 0.8292553191489361 0.24478178368121442 0.02872340425531915 0.06451612903225806
1 0.7345744680851064 0.2760910815939279 0.026595744680851064 0.051233396584440226
1 0.7707446808510638 0.2893738140417457 0.035106382978723406 0.06641366223908919
1 0.9186170212765957 0.2808349146110057 0.018085106382978725 0.04174573055028463
1 0.9425531914893617 0.29127134724857684 0.019148936170212766 0.06261859582542695
1 0.9085106382978724 0.33206831119544594 0.04042553191489362 0.06072106261859583
