1 0.09749034749034749 0.5016949152542373 0.05405405405405406 0.10508474576271186
1 0.28185328185328185 0.21864406779661016 0.017374517374517374 0.03728813559322034
1 0.3035714285714286 0.22627118644067795 0.01833976833976834 0.03559322033898305
1 0.32866795366795365 0.2364406779661017 0.01640926640926641 0.03559322033898305
1 0.34652509652509655 0.19152542372881357 0.017374517374517374 0.03389830508474576
1 0.3527992277992278 0.1771186440677966 0.01833976833976834 0.03220338983050847
1 0.37741312741312744 0.1906779661016949 0.015444015444015444 0.03559322033898305
1 0.3918918918918919 0.19152542372881357 0.021235521235521235 0.04406779661016949
1 0.3803088803088803 0.23813559322033898 0.021235521235521235 0.0423728813559322
1 0.4256756756756757 0.2288135593220339 0.02316602316602317 0.05084745762711864
1 0.4140926640926641 0.18559322033898304 0.019305019305019305 0.0423728813559322
1 0.4517374517374517 0.21864406779661016 0.021235521235521235 0.04406779661016949
1 0.4797297297297297 0.21525423728813559 0.0250965250965251 0.05084745762711864
1 0.486003861003861 0.1847457627118644 0.02027027027027027 0.030508474576271184
1 0.5072393822393823 0.18389830508474575 0.01640926640926641 0.03898305084745762
1 0.4444980694980695 0.16864406779661018 0.02027027027027027 0.0423728813559322
1 0.4232625482625483 0.14067796610169492 0.01254826254826255 0.03389830508474576
1 0.4609073359073359 0.14915254237288136 0.01640926640926641 0.03389830508474576
1 0.4705598455598456 0.15677966101694915 0.01447876447876448 0.03220338983050847
1 0.47152509652509655 0.1288135593220339 0.01640926640926641 0.023728813559322035
1 0.4922779922779923 0.13050847457627118 0.011583011583011584 0.02711864406779661
1 0.5038610038610039 0.12118644067796609 0.013513513513513514 0.02542372881355932
1 0.5120656370656371 0.13644067796610168 0.01447876447876448 0.03559322033898305
1 0.5270270270270271 0.1194915254237288 0.011583011583011584 0.0288135593220339
1 0.527992277992278 0.15847457627118644 0.015444015444015444 0.03220338983050847
1 0.5535714285714286 0.1542372881355932 0.01640926640926641 0.030508474576271184
1 0.5482625482625483 0.13983050847457626 0.015444015444015444 0.02542372881355932
1 0.5545366795366795 0.11779661016949153 0.01254826254826255 0.02542372881355932
1 0.5612934362934363 0.13644067796610168 0.01640926640926641 0.022033898305084745
1 0.5859073359073359 0.1669491525423729 0.019305019305019305 0.03898305084745762
1 0.5603281853281853 0.18050847457627117 0.01833976833976834 0.03559322033898305
1 0.5796332046332047 0.11101694915254237 0.01254826254826255 0.0288135593220339
1 0.5902509652509652 0.10932203389830508 0.01447876447876448 0.0288135593220339
1 0.6013513513513513 0.12627118644067797 0.013513513513513514 0.0288135593220339
1 0.6182432432432433 0.10847457627118644 0.01447876447876448 0.02711864406779661
1 0.6254826254826255 0.1423728813559322 0.013513513513513514 0.03389830508474576
1 0.6303088803088803 0.12118644067796609 0.015444015444015444 0.02542372881355932
1 0.6433397683397684 0.10762711864406779 0.01447876447876448 0.0288135593220339
1 0.6655405405405406 0.1313559322033898 0.01640926640926641 0.03220338983050847
1 0.6607142857142857 0.11271186440677966 0.01254826254826255 0.022033898305084745
1 0.6698841698841699 0.0983050847457627 0.011583011583011584 0.02711864406779661
1 0.694980694980695 0.10169491525423728 0.009652509652509652 0.023728813559322035
1 0.6925675675675675 0.12372881355932203 0.01447876447876448 0.023728813559322035
1 0.7051158301158301 0.15169491525423728 0.01640926640926641 0.03220338983050847
1 0.7210424710424711 0.10847457627118644 0.011583011583011584 0.030508474576271184
1 0.5709459459459459 0.23559322033898306 0.0222007722007722 0.04745762711864407
1 0.5530888030888031 0.28135593220338984 0.03474903474903475 0.0711864406779661
1 0.49613899613899615 0.27627118644067794 0.02702702702702703 0.05423728813559322
1 0.6153474903474904 0.3101694915254237 0.029922779922779922 0.06779661016949153
1 0.6254826254826255 0.24576271186440676 0.0250965250965251 0.05084745762711864
1 0.6351351351351352 0.19999999999999998 0.015444015444015444 0.03728813559322034
1 0.6708494208494209 0.17881355932203388 0.019305019305019305 0.03559322033898305
1 0.7244208494208494 0.18220338983050846 0.01833976833976834 0.04915254237288135
1 0.7364864864864865 0.14491525423728813 0.015444015444015444 0.03898305084745762
1 0.7533783783783784 0.1313559322033898 0.01640926640926641 0.03559322033898305
1 0.7644787644787645 0.15169491525423728 0.015444015444015444 0.03220338983050847
1 0.7461389961389961 0.16610169491525423 0.015444015444015444 0.03728813559322034
1 0.7374517374517374 0.21525423728813559 0.021235521235521235 0.04406779661016949
1 0.6722972972972973 0.2711864406779661 0.026061776061776062 0.05423728813559322
1 0.7007722007722008 0.3059322033898305 0.02895752895752896 0.06271186440677966
1 0.7364864864864865 0.29152542372881357 0.02316602316602317 0.05423728813559322
1 0.7490347490347491 0.36610169491525424 0.03667953667953668 0.0711864406779661
1 0.8267374517374517 0.3932203389830508 0.037644787644787646 0.0711864406779661
1 0.9078185328185329 0.42203389830508475 0.03957528957528958 0.08813559322033898
1 0.8465250965250966 0.30508474576271183 0.03281853281853282 0.06779661016949153
1 0.7837837837837838 0.3101694915254237 0.02702702702702703 0.0576271186440678
1 0.7736486486486487 0.23389830508474577 0.0222007722007722 0.05084745762711864
1 0.7620656370656371 0.1966101694915254 0.01833976833976834 0.04745762711864407
1 0.7977799227799228 0.1542372881355932 0.01640926640926641 0.03728813559322034
1 0.8026061776061776 0.1330508474576271 0.01447876447876448 0.02542372881355932
1 0.8175675675675675 0.1542372881355932 0.017374517374517374 0.04067796610169491
1 0.8074324324324325 0.19576271186440677 0.02413127413127413 0.03898305084745762
1 0.8204633204633205 0.23135593220338982 0.021235521235521235 0.04915254237288135
1 0.8764478764478765 0.2652542372881356 0.0250965250965251 0.05254237288135593
1 0.8914092664092664 0.2271186440677966 0.02027027027027027 0.04745762711864407
1 0.9290540540540541 0.2093220338983051 0.02027027027027027 0.0423728813559322
1 0.9261583011583012 0.2771186440677966 0.02413127413127413 0.05254237288135593
1 0.918918918918919 0.33983050847457624 0.02702702702702703 0.06271186440677966
