1 0.20873320537428022 0.32173913043478264 0.03166986564299424 0.06608695652173913
1 0.2744721689059501 0.23304347826086957 0.01727447216890595 0.03826086956521739
1 0.3742802303262956 0.1973913043478261 0.01727447216890595 0.036521739130434785
1 0.3579654510556622 0.24000000000000002 0.019193857965451054 0.034782608695652174
1 0.3877159309021113 0.17043478260869566 0.015355086372360844 0.02782608695652174
1 0.41362763915547024 0.16434782608695653 0.01727447216890595 0.03304347826086956
1 0.4692898272552783 0.13391304347826088 0.011516314779270634 0.02434782608695652
1 0.3915547024952015 0.20434782608695654 0.01727447216890595 0.036521739130434785
1 0.37667946257197693 0.26956521739130435 0.018234165067178502 0.03826086956521739
1 0.42178502879078694 0.2217391304347826 0.02015355086372361 0.04
1 0.42706333973128596 0.17217391304347826 0.019193857965451054 0.04521739130434783
1 0.4880038387715931 0.14521739130434783 0.012476007677543186 0.043478260869565216
1 0.49856046065259113 0.13130434782608696 0.012476007677543186 0.026086956521739132
1 0.4899232245681382 0.1808695652173913 0.016314779270633396 0.03826086956521739
1 0.5211132437619962 0.13652173913043478 0.009596928982725527 0.022608695652173914
1 0.5143953934740882 0.1826086956521739 0.01727447216890595 0.03826086956521739
1 0.4712092130518234 0.20347826086956522 0.02111324376199616 0.03826086956521739
1 0.4486564299424184 0.2634782608695652 0.02015355086372361 0.050434782608695654
1 0.4841650671785029 0.24347826086956523 0.02015355086372361 0.04173913043478261
1 0.5619001919385797 0.18695652173913044 0.018234165067178502 0.036521739130434785
1 0.5537428023032629 0.14434782608695654 0.011516314779270634 0.03130434782608696
1 0.5623800383877159 0.14869565217391306 0.009596928982725527 0.029565217391304348
1 0.5839731285988483 0.12173913043478261 0.01055662188099808 0.02782608695652174
1 0.5940499040307101 0.13130434782608696 0.013435700575815739 0.03304347826086956
1 0.6079654510556621 0.11565217391304349 0.01055662188099808 0.026086956521739132
1 0.6261996161228407 0.12086956521739131 0.012476007677543186 0.026086956521739132
1 0.5844529750479847 0.1808695652173913 0.015355086372360844 0.04173913043478261
1 0.6170825335892515 0.17391304347826086 0.019193857965451054 0.03826086956521739
1 0.6549904030710173 0.11304347826086956 0.01439539347408829 0.03130434782608696
1 0.6741842610364683 0.11826086956521739 0.012476007677543186 0.02782608695652174
1 0.6924184261036468 0.1191304347826087 0.01055662188099808 0.022608695652173914
1 0.7068138195777351 0.11304347826086956 0.012476007677543186 0.02434782608695652
1 0.5686180422264875 0.28347826086956524 0.02783109404990403 0.04869565217391304
1 0.5916506717850287 0.24347826086956523 0.02399232245681382 0.03826086956521739
1 0.6348368522072937 0.20608695652173914 0.01439539347408829 0.043478260869565216
1 0.6314779270633397 0.26 0.030710172744721688 0.05391304347826087
1 0.6703454894433781 0.2191304347826087 0.016314779270633396 0.03826086956521739
1 0.6785028790786948 0.28695652173913044 0.02111324376199616 0.04869565217391304
1 0.7068138195777351 0.18956521739130436 0.018234165067178502 0.03130434782608696
1 0.7236084452975048 0.15304347826086956 0.019193857965451054 0.04173913043478261
1 0.7576775431861804 0.12782608695652176 0.01439539347408829 0.026086956521739132
1 0.7480806142034548 0.1565217391304348 0.018234165067178502 0.02434782608695652
1 0.7394433781190018 0.19130434782608696 0.016314779270633396 0.034782608695652174
1 0.7591170825335892 0.18347826086956523 0.019193857965451054 0.022608695652173914
1 0.7514395393474088 0.22086956521739132 0.019193857965451054 0.04173913043478261
1 0.736084452975048 0.26521739130434785 0.023032629558541268 0.050434782608695654
1 0.7735124760076775 0.28695652173913044 0.02495201535508637 0.04869565217391304
1 0.7749520153550864 0.14347826086956522 0.01055662188099808 0.022608695652173914
1 0.8013435700575815 0.1391304347826087 0.011516314779270634 0.02434782608695652
1 0.7883877159309021 0.1617391304347826 0.02015355086372361 0.02782608695652174
1 0.7907869481765835 0.21391304347826087 0.01727447216890595 0.03826086956521739
1 0.8186180422264875 0.14521739130434783 0.011516314779270634 0.029565217391304348
1 0.8306142034548945 0.1582608695652174 0.02015355086372361 0.02782608695652174
1 0.8358925143953935 0.1756521739130435 0.01727447216890595 0.03130434782608696
1 0.8373320537428023 0.20434782608695654 0.016314779270633396 0.04
1 0.8411708253358925 0.24173913043478262 0.022072936660268713 0.034782608695652174
1 0.8339731285988483 0.30869565217391304 0.030710172744721688 0.04695652173913044
1 0.8661228406909789 0.27217391304347827 0.018234165067178502 0.05391304347826087
1 0.8550863723608445 0.1956521739130435 0.013435700575815739 0.026086956521739132
1 0.8526871401151631 0.15304347826086956 0.01439539347408829 0.03130434782608696
1 0.8800383877159309 0.17478260869565218 0.013435700575815739 0.03304347826086956
1 0.8920345489443378 0.1582608695652174 0.01055662188099808 0.020869565217391306
1 0.9088291746641074 0.16869565217391305 0.009596928982725527 0.034782608695652174
1 0.8997120921305182 0.2173913043478261 0.01055662188099808 0.034782608695652174
1 0.9078694817658349 0.38 0.023032629558541268 0.050434782608695654
1 0.9198656429942418 0.30434782608695654 0.02015355086372361 0.04869565217391304
1 0.923704414587332 0.24695652173913044 0.018234165067178502 0.04521739130434783
1 0.9328214971209212 0.2356521739130435 0.01727447216890595 0.04695652173913044
1 0.9481765834932822 0.22608695652173913 0.01727447216890595 0.04173913043478261
1 0.9472168905950096 0.18434782608695652 0.011516314779270634 0.020869565217391306
1 0.8090211132437619 0.15130434782608695 0.013435700575815739 0.02782608695652174
1 0.727447216890595 0.19478260869565217 0.02111324376199616 0.03826086956521739
1 0.6540307101727447 0.1373913043478261 0.01055662188099808 0.020869565217391306
1 0.7269673704414588 0.23478260869565218 0.02783109404990403 0.04173913043478261
