1 0.18017578125 0.89453125 0.1689453125 0.2109375
1 0.0888671875 0.7415364583333333 0.109375 0.15494791666666666
1 0.17724609375 0.6764322916666666 0.0712890625 0.09765625
1 0.12158203125 0.64453125 0.0498046875 0.07291666666666666
1 0.08447265625 0.6171875 0.0419921875 0.057291666666666664
1 0.04345703125 0.6223958333333333 0.0419921875 0.0546875
1 0.05322265625 0.5807291666666666 0.0361328125 0.049479166666666664
1 0.11328125 0.5846354166666666 0.037109375 0.041666666666666664
1 0.15283203125 0.580078125 0.0341796875 0.053385416666666664
1 0.17529296875 0.587890625 0.0283203125 0.037760416666666664
1 0.236328125 0.5794270833333333 0.02734375 0.049479166666666664
1 0.2626953125 0.5846354166666666 0.03125 0.05208333333333333
1 0.31005859375 0.607421875 0.0341796875 0.05598958333333333
1 0.34765625 0.5865885416666666 0.029296875 0.05859375
1 0.39599609375 0.595703125 0.0439453125 0.07161458333333333
1 0.4013671875 0.7057291666666666 0.080078125 0.15625
1 0.5751953125 0.8131510416666666 0.150390625 0.23828125
1 0.501953125 0.6399739583333333 0.056640625 0.08723958333333333
1 0.48828125 0.5924479166666666 0.04296875 0.0625
1 0.42626953125 0.568359375 0.0322265625 0.06380208333333333
1 0.3740234375 0.5696614583333333 0.025390625 0.045572916666666664
1 0.28759765625 0.5709635416666666 0.0244140625 0.04296875
1 0.482421875 0.498046875 0.0234375 0.04296875
1 0.537109375 0.47265625 0.0234375 0.04427083333333333
1 0.5927734375 0.6080729166666666 0.04296875 0.06510416666666666
1 0.57421875 0.5735677083333333 0.029296875 0.05598958333333333
1 0.6474609375 0.6276041666666666 0.048828125 0.0859375
1 0.6982421875 0.6510416666666666 0.064453125 0.11197916666666666
1 0.67041015625 0.5787760416666666 0.0361328125 0.05859375
1 0.646484375 0.5533854166666666 0.02734375 0.05208333333333333
1 0.69482421875 0.5533854166666666 0.0283203125 0.049479166666666664
1 0.73486328125 0.5631510416666666 0.0322265625 0.053385416666666664
1 0.7373046875 0.6139322916666666 0.044921875 0.08463541666666666
1 0.8447265625 0.654296875 0.0625 0.10546875
1 0.83154296875 0.5950520833333333 0.0458984375 0.06510416666666666
1 0.7841796875 0.5716145833333333 0.041015625 0.05208333333333333
1 0.84423828125 0.5520833333333333 0.0458984375 0.06510416666666666
1 0.8955078125 0.5475260416666666 0.041015625 0.05598958333333333
1 0.9833984375 0.5579427083333333 0.033203125 0.05598958333333333
1 0.951171875 0.6451822916666666 0.0703125 0.10546875
1 0.978515625 0.6920572916666666 0.04296875 0.12109375
