1 0.08603145235892692 0.5257048092868989 0.04625346901017577 0.11608623548922056
1 0.0874190564292322 0.40630182421227196 0.041628122109158186 0.10281923714759536
1 0.1396854764107308 0.42703150912106136 0.04070305272895467 0.0945273631840796
1 0.209990749306198 0.2877280265339967 0.02960222016651249 0.05472636815920398
1 0.37280296022201664 0.2943615257048093 0.03145235892691952 0.05804311774461028
1 0.4019426456984274 0.42371475953565507 0.030527289546716005 0.0746268656716418
1 0.46484736355226647 0.23051409618573798 0.02127659574468085 0.04643449419568823
1 0.3871415356151712 0.21227197346600332 0.01757631822386679 0.03648424543946932
1 0.6184088806660499 0.2404643449419569 0.024976873265494914 0.06633499170812604
1 0.5693802035152636 0.13681592039800997 0.01757631822386679 0.028192371475953566
1 0.7298797409805736 0.13266998341625208 0.0240518038852914 0.05306799336650083
1 0.7215541165587419 0.05970149253731343 0.016651248843663275 0.029850746268656716
1 0.7636447733580018 0.0746268656716418 0.0120259019426457 0.023217247097844115
