1 0.1259469696969697 0.5705980066445183 0.06060606060606061 0.11794019933554818
1 0.27367424242424243 0.2574750830564784 0.013257575757575758 0.029900332225913623
1 0.2864583333333333 0.25 0.016098484848484848 0.02823920265780731
1 0.29545454545454547 0.2857142857142857 0.020833333333333336 0.03322259136212625
1 0.3787878787878788 0.27906976744186046 0.017045454545454544 0.03322259136212625
1 0.3641098484848485 0.2649501661129568 0.01231060606060606 0.018272425249169437
1 0.34990530303030304 0.23338870431893688 0.016098484848484848 0.02823920265780731
1 0.375 0.23754152823920266 0.017045454545454544 0.026578073089700997
1 0.38446969696969696 0.18438538205980068 0.013257575757575758 0.026578073089700997
1 0.39772727272727276 0.19269102990033224 0.011363636363636364 0.026578073089700997
1 0.4237689393939394 0.17857142857142858 0.01231060606060606 0.02823920265780731
1 0.4237689393939394 0.15282392026578073 0.014204545454545456 0.026578073089700997
1 0.4545454545454546 0.18355481727574752 0.013257575757575758 0.024916943521594685
1 0.45028409090909094 0.15946843853820597 0.010416666666666668 0.019933554817275746
1 0.4706439393939394 0.19019933554817275 0.013257575757575758 0.03156146179401993
1 0.46022727272727276 0.23421926910299004 0.01893939393939394 0.036544850498338874
1 0.48295454545454547 0.22591362126245848 0.017045454545454544 0.03322259136212625
1 0.5014204545454546 0.1951827242524917 0.014204545454545456 0.03488372093023256
1 0.5303030303030303 0.20598006644518274 0.01893939393939394 0.03322259136212625
1 0.515625 0.17192691029900334 0.014204545454545456 0.024916943521594685
1 0.4805871212121212 0.15199335548172757 0.01231060606060606 0.02159468438538206
1 0.47632575757575757 0.132890365448505 0.011363636363636364 0.019933554817275746
1 0.5132575757575758 0.1303986710963455 0.00946969696969697 0.02159468438538206
1 0.5307765151515151 0.13787375415282394 0.010416666666666668 0.023255813953488372
1 0.5497159090909091 0.1212624584717608 0.014204545454545456 0.026578073089700997
1 0.5601325757575758 0.10382059800664452 0.014204545454545456 0.024916943521594685
1 0.5809659090909091 0.1536544850498339 0.01231060606060606 0.024916943521594685
1 0.5601325757575758 0.1744186046511628 0.016098484848484848 0.023255813953488372
1 0.5662878787878788 0.13205980066445183 0.011363636363636364 0.024916943521594685
1 0.5899621212121212 0.10215946843853821 0.00946969696969697 0.018272425249169437
1 0.6065340909090909 0.1079734219269103 0.01231060606060606 0.019933554817275746
1 0.5961174242424243 0.17524916943521596 0.014204545454545456 0.02823920265780731
1 0.618844696969697 0.16029900332225913 0.01231060606060606 0.024916943521594685
1 0.6287878787878788 0.1254152823920266 0.011363636363636364 0.024916943521594685
1 0.6245265151515151 0.09551495016611296 0.008522727272727272 0.018272425249169437
1 0.6557765151515151 0.13372093023255816 0.010416666666666668 0.024916943521594685
1 0.6614583333333334 0.11544850498338871 0.010416666666666668 0.014950166112956811
1 0.6614583333333334 0.09717607973421927 0.008522727272727272 0.018272425249169437
1 0.6841856060606061 0.10132890365448505 0.01231060606060606 0.023255813953488372
1 0.7078598484848485 0.11378737541528239 0.014204545454545456 0.02823920265780731
1 0.5014204545454546 0.2973421926910299 0.021780303030303032 0.046511627906976744
1 0.5487689393939394 0.32475083056478404 0.019886363636363636 0.04152823920265781
1 0.5819128787878788 0.24501661129568106 0.019886363636363636 0.03488372093023256
1 0.6311553030303031 0.24584717607973422 0.021780303030303032 0.04318936877076412
1 0.640625 0.19933554817275748 0.019886363636363636 0.036544850498338874
1 0.6609848484848485 0.16611295681063123 0.015151515151515152 0.029900332225913623
1 0.6756628787878788 0.21013289036544852 0.021780303030303032 0.03488372093023256
1 0.6396780303030303 0.31727574750830567 0.02556818181818182 0.04983388704318937
1 0.7054924242424243 0.3089700996677741 0.026515151515151516 0.053156146179401995
1 0.7523674242424243 0.38205980066445183 0.027462121212121212 0.06312292358803986
1 0.8229166666666667 0.4111295681063123 0.030303030303030304 0.06478405315614619
1 0.9086174242424243 0.41445182724252494 0.03125 0.07142857142857142
1 0.9251893939393939 0.3081395348837209 0.02462121212121212 0.051495016611295685
1 0.8555871212121212 0.29485049833887045 0.023674242424242424 0.04817275747508306
1 0.8214962121212122 0.2425249169435216 0.019886363636363636 0.036544850498338874
1 0.7689393939393939 0.25664451827242524 0.02462121212121212 0.04817275747508306
1 0.7765151515151515 0.22508305647840532 0.026515151515151516 0.03156146179401993
1 0.7845643939393939 0.18438538205980068 0.017992424242424244 0.029900332225913623
1 0.7391098484848485 0.2541528239202658 0.019886363636363636 0.053156146179401995
1 0.7121212121212122 0.2425249169435216 0.026515151515151516 0.03986710963455149
1 0.7083333333333334 0.1478405315614618 0.015151515151515152 0.029900332225913623
1 0.7192234848484849 0.1818936877076412 0.016098484848484848 0.03156146179401993
1 0.7428977272727273 0.2009966777408638 0.017992424242424244 0.036544850498338874
1 0.7367424242424243 0.16777408637873756 0.013257575757575758 0.026578073089700997
1 0.7509469696969697 0.14451827242524917 0.015151515151515152 0.036544850498338874
1 0.7566287878787878 0.11295681063122924 0.013257575757575758 0.029900332225913623
1 0.7722537878787878 0.13205980066445183 0.014204545454545456 0.03488372093023256
1 0.7902462121212122 0.13205980066445183 0.014204545454545456 0.03156146179401993
1 0.8257575757575758 0.14202657807308972 0.015151515151515152 0.03820598006644518
1 0.8442234848484849 0.1362126245847176 0.010416666666666668 0.029900332225913623
1 0.8754734848484849 0.16362126245847178 0.014204545454545456 0.03156146179401993
1 0.8797348484848485 0.1461794019933555 0.011363636363636364 0.023255813953488372
1 0.866003787878788 0.11960132890365449 0.01231060606060606 0.026578073089700997
1 0.8839962121212122 0.11544850498338871 0.01231060606060606 0.024916943521594685
1 0.8475378787878788 0.21013289036544852 0.017045454545454544 0.044850498338870434
1 0.8991477272727273 0.20348837209302326 0.016098484848484848 0.03488372093023256
1 0.8958333333333334 0.26245847176079734 0.01893939393939394 0.04983388704318937
1 0.9280303030303031 0.2649501661129568 0.017045454545454544 0.03820598006644518
1 0.946969696969697 0.24584717607973422 0.020833333333333336 0.04318936877076412
1 0.9389204545454546 0.21179401993355482 0.016098484848484848 0.03820598006644518
1 0.9479166666666667 0.1553156146179402 0.011363636363636364 0.024916943521594685
1 0.9152462121212122 0.13205980066445183 0.01231060606060606 0.024916943521594685
1 0.9043560606060607 0.1686046511627907 0.017045454545454544 0.02823920265780731
1 0.912878787878788 0.16528239202657807 0.011363636363636364 0.02823920265780731
