1 0.16269477543538038 0.446515397082658 0.05041246562786435 0.10210696920583467
1 0.27864344637946836 0.2439222042139384 0.016498625114573787 0.03079416531604538
1 0.29514207149404215 0.26580226904376014 0.021998166819431716 0.03565640194489465
1 0.34097158570119157 0.26823338735818475 0.021998166819431716 0.03727714748784441
1 0.3703024747937672 0.30145867098865475 0.021998166819431716 0.03889789303079416
1 0.3725939505041247 0.21880064829821716 0.021081576535288728 0.03889789303079416
1 0.4000916590284143 0.21555915721231766 0.013748854262144821 0.03241491085899514
1 0.385884509624198 0.18233387358184763 0.01466544454628781 0.03079416531604538
1 0.40650779101741524 0.1880064829821718 0.013748854262144821 0.03565640194489465
1 0.42438130155820347 0.16450567260940033 0.016498625114573787 0.027552674230145867
1 0.4321723189734189 0.17909238249594814 0.013748854262144821 0.03079416531604538
1 0.4463794683776352 0.18638573743922204 0.016498625114573787 0.02917341977309562
1 0.45279560036663613 0.22204213938411668 0.02016498625114574 0.04213938411669368
1 0.48258478460128323 0.21636952998379252 0.01924839596700275 0.03727714748784441
1 0.4761686526122823 0.1839546191247974 0.013748854262144821 0.03079416531604538
1 0.45279560036663613 0.1458670988654781 0.012832263978001834 0.02593192868719611
1 0.4780018331805683 0.14991896272285252 0.015582034830430799 0.027552674230145867
1 0.4908340971585701 0.1944894651539708 0.017415215398716773 0.03565640194489465
1 0.5242896425297892 0.16774716369529982 0.01466544454628781 0.03727714748784441
1 0.501833180568286 0.12884927066450566 0.011915673693858845 0.02431118314424635
1 0.5449129239230064 0.1912479740680713 0.017415215398716773 0.03565640194489465
1 0.583409715857012 0.10696920583468394 0.013748854262144821 0.02593192868719611
1 0.583409715857012 0.1426256077795786 0.017415215398716773 0.03565640194489465
1 0.5912007332722273 0.16369529983792544 0.016498625114573787 0.03241491085899514
1 0.5595783684692942 0.1272285251215559 0.011915673693858845 0.027552674230145867
1 0.611365719523373 0.14748784440842788 0.016498625114573787 0.03565640194489465
1 0.615948670944088 0.09886547811993517 0.012832263978001834 0.03241491085899514
1 0.6301558203483043 0.11102106969205834 0.011915673693858845 0.02431118314424635
1 0.6452795600366636 0.13614262560777957 0.012832263978001834 0.02593192868719611
1 0.6649862511457378 0.10291734197730956 0.013748854262144821 0.03403565640194489
1 0.6970669110907425 0.10777957860615883 0.013748854262144821 0.027552674230145867
1 0.655820348304308 0.17179902755267423 0.017415215398716773 0.04213938411669368
1 0.65948670944088 0.21150729335494325 0.021081576535288728 0.04376012965964343
1 0.6241979835013749 0.20664505672609398 0.021998166819431716 0.04376012965964343
1 0.6118240146654446 0.25283630470016205 0.026581118240146657 0.05834683954619124
1 0.5646196150320807 0.24797406807131278 0.02016498625114574 0.0486223662884927
1 0.4835013748854262 0.3306320907617504 0.035747021081576534 0.06482982171799027
1 0.5421631530705775 0.31766612641815234 0.033913840513290563 0.06158833063209076
1 0.6072410632447296 0.31766612641815234 0.032080659945004586 0.06482982171799027
1 0.6888175985334556 0.17909238249594814 0.021081576535288728 0.04700162074554295
1 0.7117323556370303 0.260129659643436 0.02841429880843263 0.05672609400324149
1 0.6970669110907425 0.31280388978930307 0.033913840513290563 0.055105348460291734
1 0.7438130155820348 0.32820097244732577 0.032080659945004586 0.06969205834683954
1 0.7694775435380385 0.266612641815235 0.02474793767186068 0.05348460291734197
1 0.7626031164069661 0.20745542949756887 0.02016498625114574 0.04213938411669368
1 0.7250229147571036 0.19205834683954617 0.021998166819431716 0.04700162074554295
1 0.7415215398716773 0.14424635332252836 0.02016498625114574 0.03889789303079416
1 0.731897341888176 0.1126418152350081 0.013748854262144821 0.03079416531604538
1 0.7621448212648946 0.1272285251215559 0.013748854262144821 0.03403565640194489
1 0.7818515123739689 0.1385737439222042 0.01466544454628781 0.03403565640194489
1 0.8111824014665445 0.14910858995137763 0.01833180568285976 0.03565640194489465
1 0.8208065994500459 0.12560777957860617 0.015582034830430799 0.03403565640194489
1 0.8345554537121906 0.1458670988654781 0.013748854262144821 0.03241491085899514
1 0.8441796516956921 0.17179902755267423 0.01833180568285976 0.03889789303079416
1 0.8281393217231897 0.18962722852512154 0.01924839596700275 0.0486223662884927
1 0.8043079743354721 0.24635332252836303 0.021081576535288728 0.055105348460291734
1 0.8047662694775436 0.3743922204213938 0.031164069660861597 0.07779578606158832
1 0.8350137488542622 0.31361426256077796 0.02933088909257562 0.06645056726094004
1 0.851512373968836 0.25040518638573744 0.021998166819431716 0.050243111831442464
1 0.8620531622364803 0.2098865478119935 0.01924839596700275 0.04051863857374392
1 0.854262144821265 0.14343598055105347 0.016498625114573787 0.027552674230145867
1 0.8689275893675528 0.13290113452188007 0.012832263978001834 0.03241491085899514
1 0.8845096241979835 0.14505672609400325 0.01466544454628781 0.03403565640194489
1 0.8909257561869844 0.1726094003241491 0.01833180568285976 0.04051863857374392
1 0.9129239230064161 0.20178282009724471 0.01466544454628781 0.03727714748784441
1 0.9207149404216316 0.15559157212317665 0.013748854262144821 0.03565640194489465
1 0.9028414298808433 0.21636952998379252 0.01833180568285976 0.050243111831442464
1 0.9097158570119157 0.2544570502431118 0.022914757103574702 0.04538087520259319
1 0.9087992667277727 0.29821717990275526 0.02474793767186068 0.055105348460291734
1 0.8932172318973419 0.35170178282009723 0.032080659945004586 0.07455429497568881
