1 0.09012345679012346 0.5722222222222223 0.10617283950617283 0.15925925925925927
1 0.1617283950617284 0.4537037037037037 0.09135802469135802 0.15185185185185185
1 0.27037037037037037 0.29814814814814816 0.06666666666666667 0.11481481481481481
1 0.3925925925925926 0.24814814814814815 0.044444444444444446 0.07407407407407407
1 0.4691358024691358 0.5296296296296297 0.09382716049382715 0.16296296296296298
1 0.4888888888888889 0.4759259259259259 0.07407407407407407 0.12962962962962962
1 0.5049382716049383 0.39814814814814814 0.07654320987654321 0.12962962962962962
1 0.6283950617283951 0.35555555555555557 0.056790123456790124 0.10370370370370371
1 0.645679012345679 0.6351851851851852 0.14074074074074075 0.24814814814814815
1 0.7765432098765432 0.8425925925925927 0.23950617283950618 0.3148148148148148
1 0.7074074074074074 0.34444444444444444 0.04197530864197531 0.07407407407407407
1 0.754320987654321 0.32037037037037036 0.037037037037037035 0.07037037037037037
1 0.7876543209876543 0.3592592592592593 0.03950617283950617 0.07407407407407407
1 0.8358024691358025 0.34444444444444444 0.056790123456790124 0.0962962962962963
1 0.8444444444444444 0.40185185185185185 0.05925925925925926 0.08518518518518518
1 0.9432098765432099 0.4277777777777778 0.08888888888888889 0.13703703703703704
