1 0.28732106339468305 0.2370304114490161 0.016359918200409 0.03398926654740608
1 0.294478527607362 0.2110912343470483 0.014314928425357875 0.028622540250447227
1 0.3113496932515338 0.22450805008944544 0.015337423312883437 0.03398926654740608
1 0.3297546012269939 0.18604651162790697 0.017382413087934562 0.03577817531305903
1 0.34713701431492844 0.19051878354203935 0.013292433537832313 0.03398926654740608
1 0.35429447852760737 0.22003577817531306 0.017382413087934562 0.042933810375670844
1 0.3675869120654397 0.21198568872987478 0.013292433537832313 0.03041144901610018
1 0.3788343558282209 0.2298747763864043 0.017382413087934562 0.03756708407871199
1 0.4069529652351739 0.23881932021466906 0.016359918200409 0.03756708407871199
1 0.397239263803681 0.20840787119856888 0.015337423312883437 0.03756708407871199
1 0.39366053169734155 0.16189624329159213 0.01226993865030675 0.026833631484794274
1 0.408997955010225 0.16905187835420393 0.01226993865030675 0.026833631484794274
1 0.4187116564417178 0.18694096601073346 0.015337423312883437 0.03756708407871199
1 0.4442740286298569 0.24150268336314848 0.023517382413087935 0.03935599284436494
1 0.4386503067484663 0.20125223613595708 0.016359918200409 0.03041144901610018
1 0.46216768916155426 0.20661896243291591 0.02044989775051125 0.03756708407871199
1 0.4493865030674847 0.19051878354203935 0.015337423312883437 0.03398926654740608
1 0.43762781186094074 0.16636851520572452 0.014314928425357875 0.028622540250447227
1 0.4243353783231084 0.1556350626118068 0.014314928425357875 0.021466905187835422
1 0.48159509202453993 0.14937388193202147 0.014314928425357875 0.026833631484794274
1 0.495398773006135 0.18336314847942756 0.015337423312883437 0.03041144901610018
1 0.5209611451942741 0.17978533094812166 0.015337423312883437 0.03041144901610018
1 0.5107361963190185 0.1511627906976744 0.011247443762781187 0.026833631484794274
1 0.4969325153374234 0.12701252236135957 0.010224948875255624 0.025044722719141325
1 0.5158486707566463 0.13148479427549195 0.011247443762781187 0.016100178890876567
1 0.5347648261758692 0.16100178890876565 0.014314928425357875 0.03220035778175313
1 0.5501022494887526 0.14221824686940965 0.014314928425357875 0.03041144901610018
1 0.5572597137014316 0.18694096601073346 0.014314928425357875 0.03756708407871199
1 0.5613496932515338 0.16457960644007155 0.01226993865030675 0.028622540250447227
1 0.5756646216768917 0.13864042933810375 0.014314928425357875 0.03041144901610018
1 0.5920245398773006 0.12432915921288014 0.010224948875255624 0.026833631484794274
1 0.5986707566462168 0.13416815742397137 0.013292433537832313 0.021466905187835422
1 0.5925357873210635 0.15474060822898034 0.013292433537832313 0.03398926654740608
1 0.6027607361963191 0.16815742397137745 0.017382413087934562 0.03577817531305903
1 0.621676891615542 0.1377459749552773 0.014314928425357875 0.03220035778175313
1 0.6365030674846627 0.12254025044722719 0.011247443762781187 0.026833631484794274
1 0.6508179959100205 0.11806797853309481 0.011247443762781187 0.025044722719141325
1 0.6400817995910021 0.15474060822898034 0.014314928425357875 0.03041144901610018
1 0.651840490797546 0.1449016100178891 0.011247443762781187 0.03220035778175313
1 0.6610429447852761 0.13416815742397137 0.009202453987730062 0.021466905187835422
1 0.6758691206543967 0.13327370304114491 0.014314928425357875 0.026833631484794274
1 0.6840490797546013 0.11717352415026834 0.014314928425357875 0.026833631484794274
1 0.7065439672801637 0.11359570661896243 0.014314928425357875 0.026833631484794274
1 0.5884458077709612 0.23434704830053668 0.023517382413087935 0.05008944543828265
1 0.6155419222903886 0.22093023255813954 0.022494887525562373 0.044722719141323794
1 0.6339468302658487 0.24865831842576028 0.026584867075664625 0.057245080500894455
1 0.6523517382413089 0.21824686940966012 0.02044989775051125 0.042933810375670844
1 0.6579754601226995 0.1806797853309481 0.017382413087934562 0.03935599284436494
1 0.6866053169734152 0.25313059033989266 0.019427402862985686 0.0518783542039356
1 0.6942740286298569 0.31663685152057247 0.032719836400818 0.07155635062611806
1 0.4309815950920246 0.3881932021466905 0.05010224948875256 0.09302325581395349
1 0.7597137014314929 0.3470483005366726 0.034764826175869123 0.06440071556350627
1 0.7300613496932516 0.23434704830053668 0.018404907975460124 0.042933810375670844
1 0.7116564417177915 0.18694096601073346 0.018404907975460124 0.044722719141323794
1 0.6983640081799591 0.17978533094812166 0.014314928425357875 0.03756708407871199
1 0.7264826175869121 0.17262969588550983 0.017382413087934562 0.03398926654740608
1 0.7331288343558283 0.1475849731663685 0.018404907975460124 0.03398926654740608
1 0.7494887525562373 0.13416815742397137 0.014314928425357875 0.028622540250447227
1 0.7796523517382414 0.13237924865831843 0.013292433537832313 0.028622540250447227
1 0.7832310838445808 0.15474060822898034 0.01226993865030675 0.03041144901610018
1 0.7929447852760737 0.16905187835420393 0.013292433537832313 0.03041144901610018
1 0.7995910020449899 0.20304114490161002 0.016359918200409 0.04114490161001789
1 0.7934560327198364 0.29338103756708406 0.02862985685071575 0.057245080500894455
1 0.7622699386503068 0.24508050089445438 0.025562372188139063 0.05366726296958855
1 0.7489775051124745 0.19499105545617174 0.019427402862985686 0.042933810375670844
1 0.8169734151329244 0.2513416815742397 0.022494887525562373 0.04830053667262969
1 0.8364008179959102 0.21735241502683364 0.014314928425357875 0.04114490161001789
1 0.8502044989775052 0.21735241502683364 0.013292433537832313 0.03398926654740608
1 0.8169734151329244 0.2039355992844365 0.016359918200409 0.03220035778175313
1 0.8292433537832311 0.1735241502683363 0.014314928425357875 0.03577817531305903
1 0.8394683026584868 0.16457960644007155 0.014314928425357875 0.03577817531305903
1 0.8205521472392638 0.13059033989266547 0.015337423312883437 0.03577817531305903
1 0.8047034764826176 0.1368515205724508 0.01226993865030675 0.03041144901610018
1 0.8517382413087935 0.15384615384615385 0.01226993865030675 0.028622540250447227
1 0.8634969325153375 0.18246869409660108 0.015337423312883437 0.03220035778175313
1 0.871676891615542 0.16994633273703041 0.013292433537832313 0.03577817531305903
1 0.8885480572597138 0.21824686940966012 0.014314928425357875 0.03935599284436494
1 0.8773006134969326 0.23792486583184258 0.018404907975460124 0.046511627906976744
1 0.9309815950920246 0.2522361359570662 0.019427402862985686 0.03935599284436494
1 0.9182004089979551 0.2298747763864043 0.016359918200409 0.03756708407871199
1 0.8936605316973416 0.18962432915921287 0.01226993865030675 0.03577817531305903
1 0.9059304703476484 0.1779964221824687 0.01226993865030675 0.03041144901610018
1 0.9079754601226995 0.1556350626118068 0.014314928425357875 0.03220035778175313
1 0.9350715746421269 0.20840787119856888 0.015337423312883437 0.03756708407871199
1 0.944274028629857 0.19230769230769232 0.013292433537832313 0.03041144901610018
