1 0.9514028056112224 0.23380035026269702 0.01503006012024048 0.040280210157618214
1 0.6818637274549098 0.17075306479859895 0.01503006012024048 0.040280210157618214
1 0.68937875751503 0.22504378283712784 0.02004008016032064 0.040280210157618214
1 0.6347695390781563 0.22066549912434325 0.02104208416833667 0.04553415061295972
1 0.6347695390781563 0.2635726795096322 0.0250501002004008 0.050788091068301226
1 0.5731462925851702 0.16199649737302976 0.01603206412825651 0.03327495621716287
1 0.5721442885771543 0.19176882661996497 0.018036072144288574 0.03677758318739054
1 0.41833667334669333 0.22679509632224168 0.019038076152304607 0.040280210157618214
1 0.46192384769539074 0.2224168126094571 0.01603206412825651 0.03502626970227671
1 0.3201402805611222 0.15236427320490367 0.017034068136272545 0.03502626970227671
1 0.19338677354709416 0.23467600700525393 0.02004008016032064 0.04203152364273205
1 0.10821643286573146 0.2469352014010508 0.01603206412825651 0.03852889667250438
