1 0.18453510436432638 0.4775747508305648 0.04459203036053131 0.08471760797342193
1 0.3467741935483871 0.2616279069767442 0.018026565464895637 0.03488372093023256
1 0.36622390891840606 0.2616279069767442 0.018975332068311195 0.044850498338870434
1 0.42267552182163187 0.21843853820598008 0.018026565464895637 0.03820598006644518
1 0.4511385199240987 0.23588039867109636 0.021821631878557877 0.03322259136212625
1 0.5260910815939279 0.18355481727574752 0.016129032258064516 0.03488372093023256
1 0.4881404174573055 0.19269102990033224 0.019924098671726755 0.03986710963455149
1 0.45208728652751423 0.18687707641196014 0.018026565464895637 0.03156146179401993
1 0.4577798861480076 0.14950166112956811 0.010436432637571158 0.016611295681063124
1 0.4663187855787476 0.16029900332225913 0.018026565464895637 0.03156146179401993
1 0.49478178368121445 0.09551495016611296 0.010436432637571158 0.02159468438538206
1 0.5341555977229602 0.0739202657807309 0.018975332068311195 0.024916943521594685
1 0.6337760910815939 0.08637873754152824 0.020872865275142316 0.03322259136212625
1 0.6537001897533207 0.10631229235880399 0.018975332068311195 0.029900332225913623
1 0.6612903225806451 0.08388704318936878 0.013282732447817837 0.024916943521594685
1 0.7016129032258065 0.08056478405315615 0.014231499051233398 0.02823920265780731
1 0.7670777988614801 0.10382059800664452 0.016129032258064516 0.03488372093023256
1 0.8833017077798861 0.2084717607973422 0.017077798861480076 0.03488372093023256
1 0.5611954459203036 0.2815614617940199 0.023719165085388995 0.04817275747508306
1 0.5559772296015181 0.23172757475083058 0.022770398481973434 0.03820598006644518
1 0.4905123339658444 0.3064784053156146 0.030360531309297913 0.044850498338870434
1 0.4307400379506641 0.2715946843853821 0.026565464895635674 0.044850498338870434
