1 0.03952891791044776 0.8774578651685393 0.078125 0.13553370786516852
1 0.02786847014925373 0.7006671348314607 0.053404850746268655 0.12745786516853932
1 0.04640858208955224 0.6432584269662921 0.03684701492537314 0.05196629213483146
1 0.05970149253731343 0.6128862359550562 0.03311567164179104 0.04810393258426966
1 0.04232742537313433 0.5614466292134831 0.03474813432835821 0.05337078651685393
1 0.09981343283582089 0.5730337078651685 0.028917910447761194 0.038623595505617975
1 0.10611007462686567 0.5438904494382022 0.03031716417910448 0.0351123595505618
1 0.12115205223880597 0.6016502808988764 0.02728544776119403 0.045997191011235956
1 0.1533348880597015 0.6787219101123595 0.05293843283582089 0.09269662921348315
1 0.1669776119402985 0.628686797752809 0.03591417910447761 0.060744382022471906
1 0.14330690298507462 0.6334269662921348 0.034281716417910446 0.059691011235955056
1 0.19799440298507462 0.5567064606741573 0.02845149253731343 0.04389044943820224
1 0.1976445895522388 0.5396769662921348 0.021222014925373133 0.0351123595505618
1 0.21723414179104478 0.5756671348314607 0.02728544776119403 0.04529494382022472
1 0.23950559701492538 0.6170997191011236 0.030783582089552237 0.05301966292134831
1 0.25314832089552236 0.6364115168539326 0.03754664179104478 0.05723314606741573
1 0.25501399253731344 0.6975070224719101 0.06879664179104478 0.1113061797752809
1 0.28801305970149255 0.6343047752808989 0.049440298507462684 0.0684691011235955
1 0.339785447761194 0.8040730337078651 0.08722014925373134 0.16502808988764045
1 0.421875 0.8846558988764045 0.1166044776119403 0.1738061797752809
1 0.42607276119402987 0.6917134831460674 0.08069029850746269 0.11657303370786516
1 0.3255597014925373 0.5168539325842696 0.02658582089552239 0.04424157303370786
1 0.2630597014925373 0.39360955056179775 0.023320895522388058 0.03581460674157303
1 0.36182369402985076 0.5352879213483146 0.024953358208955223 0.04037921348314607
1 0.37569962686567165 0.5563553370786517 0.02658582089552239 0.037570224719101125
1 0.41919309701492535 0.5301966292134831 0.02028917910447761 0.03160112359550562
1 0.4314365671641791 0.5373946629213483 0.02005597014925373 0.03616573033707865
1 0.4419309701492537 0.5700491573033708 0.026119402985074626 0.04810393258426966
1 0.529267723880597 0.6084971910112359 0.037080223880597014 0.0547752808988764
1 0.5187733208955224 0.5858497191011236 0.03194962686567164 0.052317415730337075
1 0.4847248134328358 0.516502808988764 0.02728544776119403 0.033707865168539325
1 0.48973880597014924 0.48911516853932585 0.026119402985074626 0.043539325842696625
1 0.5190065298507462 0.5233497191011236 0.025419776119402986 0.04529494382022472
1 0.5387126865671642 0.48525280898876405 0.026119402985074626 0.051264044943820225
1 0.5415111940298507 0.5135182584269663 0.021455223880597014 0.030547752808988762
1 0.5813899253731343 0.5224719101123595 0.026119402985074626 0.04564606741573034
1 0.593866604477612 0.503686797752809 0.022621268656716417 0.04037921348314607
1 0.6122901119402985 0.6099016853932584 0.045942164179104475 0.08146067415730338
1 0.5946828358208955 0.5840941011235955 0.03451492537313433 0.05933988764044944
1 0.6079757462686567 0.5644311797752809 0.030783582089552237 0.05021067415730337
1 0.5764925373134329 0.7751053370786517 0.07789179104477612 0.12254213483146068
1 0.6672108208955224 0.7854634831460674 0.10914179104477612 0.15941011235955055
1 0.6356110074626865 0.5108848314606741 0.03474813432835821 0.047752808988764044
1 0.6435401119402985 0.4870084269662921 0.030083955223880597 0.03581460674157303
1 0.6652285447761194 0.5524929775280899 0.035680970149253734 0.05372191011235955
1 0.671758395522388 0.5688202247191011 0.03194962686567164 0.05407303370786517
1 0.7024253731343283 0.6149929775280899 0.051305970149253734 0.10007022471910113
1 0.7314598880597015 0.5700491573033708 0.0408115671641791 0.060042134831460675
1 0.7007929104477612 0.5361657303370786 0.03404850746268657 0.042134831460674156
1 0.7025419776119403 0.511060393258427 0.029617537313432835 0.04459269662921348
1 0.6955457089552238 0.47173455056179775 0.0240205223880597 0.038272471910112356
1 0.7835820895522387 0.5837429775280899 0.05177238805970149 0.07900280898876404
1 0.75 0.48788623595505615 0.023320895522388058 0.037570224719101125
1 0.7468516791044776 0.46594101123595505 0.02028917910447761 0.028089887640449437
1 0.7784514925373134 0.46769662921348315 0.023320895522388058 0.0351123595505618
1 0.7957089552238806 0.4569873595505618 0.018190298507462687 0.034058988764044944
1 0.8378031716417911 0.5447682584269663 0.04780783582089552 0.06566011235955056
1 0.8338386194029851 0.5005266853932584 0.02728544776119403 0.04459269662921348
1 0.8409514925373134 0.46769662921348315 0.020988805970149252 0.042134831460674156
1 0.8364039179104478 0.44452247191011235 0.01982276119402985 0.026685393258426966
1 0.8605410447761194 0.46594101123595505 0.020522388059701493 0.030196629213483143
1 0.8737173507462687 0.48788623595505615 0.021688432835820896 0.04950842696629213
1 0.8952891791044776 0.49332865168539325 0.03544776119402985 0.04564606741573034
1 0.8892257462686567 0.465063202247191 0.023320895522388058 0.033356741573033706
1 0.9072994402985074 0.48595505617977525 0.021688432835820896 0.03932584269662921
1 0.953008395522388 0.5063202247191011 0.035680970149253734 0.047050561797752806
1 0.9621035447761194 0.555126404494382 0.03801305970149254 0.0625
1 0.9849580223880596 0.5763693820224719 0.030083955223880597 0.06566011235955056
1 0.912080223880597 0.5897120786516854 0.052705223880597014 0.07689606741573034
1 0.8662546641791045 0.6492275280898876 0.07719216417910447 0.12429775280898876
1 0.9678171641791045 0.4826193820224719 0.024253731343283583 0.034058988764044944
1 0.9741138059701492 0.4608497191011236 0.023320895522388058 0.03686797752808989
