1 0.2747148288973384 0.39901477832512317 0.053231939163498096 0.09523809523809523
1 0.4781368821292776 0.11576354679802955 0.017110266159695818 0.03776683087027914
1 0.502851711026616 0.16995073891625614 0.017110266159695818 0.034482758620689655
1 0.7248098859315589 0.16091954022988506 0.012357414448669201 0.026272577996715927
1 0.7718631178707225 0.16174055829228243 0.015209125475285171 0.031198686371100164
1 0.8022813688212928 0.18472906403940886 0.015209125475285171 0.031198686371100164
1 0.8075095057034221 0.16995073891625614 0.016159695817490494 0.02463054187192118
1 0.8569391634980988 0.18555008210180624 0.012357414448669201 0.026272577996715927
1 0.8887832699619772 0.2914614121510673 0.017110266159695818 0.04433497536945813
1 0.9510456273764258 0.2372742200328407 0.014258555133079848 0.034482758620689655
