1 0.39306358381502887 0.23893805309734512 0.015414258188824663 0.035398230088495575
1 0.41136801541425816 0.24601769911504423 0.017341040462427744 0.03893805309734513
1 0.4171483622350674 0.2575221238938053 0.02119460500963391 0.04070796460176991
1 0.3800578034682081 0.19380530973451326 0.018304431599229287 0.04070796460176991
1 0.41811175337186895 0.20265486725663717 0.015414258188824663 0.033628318584070796
1 0.434971098265896 0.21150442477876105 0.018304431599229287 0.03716814159292035
1 0.41570327552986513 0.16371681415929204 0.018304431599229287 0.033628318584070796
1 0.4277456647398844 0.16017699115044248 0.015414258188824663 0.03716814159292035
1 0.4657996146435453 0.1654867256637168 0.014450867052023121 0.03716814159292035
1 0.4754335260115607 0.17699115044247787 0.016377649325626204 0.035398230088495575
1 0.4576107899807322 0.215929203539823 0.02119460500963391 0.03893805309734513
1 0.47254335260115604 0.13805309734513274 0.012524084778420038 0.021238938053097345
1 0.4773603082851638 0.15663716814159293 0.012524084778420038 0.03008849557522124
1 0.4889210019267823 0.15752212389380532 0.014450867052023121 0.035398230088495575
1 0.48314065510597304 0.13805309734513274 0.010597302504816955 0.021238938053097345
1 0.4985549132947977 0.12035398230088495 0.010597302504816955 0.02831858407079646
1 0.5 0.2150442477876106 0.019267822736030827 0.04424778761061947
1 0.5057803468208092 0.19557522123893806 0.017341040462427744 0.03716814159292035
1 0.5342003853564548 0.1920353982300885 0.016377649325626204 0.03716814159292035
1 0.5351637764932563 0.16194690265486725 0.014450867052023121 0.03008849557522124
1 0.535645472061657 0.1398230088495575 0.015414258188824663 0.02831858407079646
1 0.5611753371868978 0.13008849557522123 0.012524084778420038 0.033628318584070796
1 0.5765895953757225 0.1407079646017699 0.014450867052023121 0.03008849557522124
1 0.5544315992292871 0.1663716814159292 0.018304431599229287 0.03185840707964602
1 0.6026011560693642 0.16283185840707964 0.014450867052023121 0.03185840707964602
1 0.5997109826589595 0.10619469026548672 0.012524084778420038 0.024778761061946902
1 0.605009633911368 0.12566371681415928 0.01348747591522158 0.024778761061946902
1 0.6228323699421965 0.09823008849557521 0.008670520231213872 0.023008849557522124
1 0.6247591522157996 0.12300884955752212 0.014450867052023121 0.023008849557522124
1 0.6223506743737958 0.14513274336283186 0.015414258188824663 0.02831858407079646
1 0.6517341040462428 0.1504424778761062 0.016377649325626204 0.02831858407079646
1 0.6570327552986512 0.11061946902654868 0.015414258188824663 0.033628318584070796
1 0.682562620423892 0.12212389380530973 0.012524084778420038 0.024778761061946902
1 0.7042389210019268 0.11238938053097344 0.01348747591522158 0.02654867256637168
1 0.6647398843930635 0.18584070796460178 0.017341040462427744 0.035398230088495575
1 0.6252408477842004 0.21858407079646017 0.02119460500963391 0.03716814159292035
1 0.6107899807321773 0.24778761061946902 0.02697495183044316 0.05663716814159292
1 0.5592485549132948 0.26991150442477874 0.02601156069364162 0.05486725663716814
1 0.6295761078998073 0.2867256637168142 0.027938342967244702 0.05309734513274336
1 0.6599229287090559 0.3752212389380531 0.03468208092485549 0.0743362831858407
1 0.7528901734104047 0.4504424778761062 0.06454720616570328 0.12920353982300886
1 0.7177263969171483 0.1823008849557522 0.015414258188824663 0.035398230088495575
1 0.7220616570327553 0.1504424778761062 0.016377649325626204 0.03185840707964602
1 0.7581888246628131 0.13716814159292035 0.011560693641618497 0.023008849557522124
1 0.7827552986512524 0.12743362831858407 0.012524084778420038 0.035398230088495575
1 0.7923892100192678 0.15752212389380532 0.010597302504816955 0.035398230088495575
1 0.7567437379576107 0.16991150442477876 0.014450867052023121 0.02831858407079646
1 0.7577071290944123 0.19469026548672566 0.016377649325626204 0.035398230088495575
1 0.7938342967244701 0.20530973451327433 0.017341040462427744 0.03893805309734513
1 0.8020231213872833 0.1743362831858407 0.014450867052023121 0.03008849557522124
1 0.825626204238921 0.17964601769911503 0.01348747591522158 0.03008849557522124
1 0.8405587668593448 0.15221238938053097 0.012524084778420038 0.03185840707964602
1 0.8583815028901735 0.1902654867256637 0.015414258188824663 0.02654867256637168
1 0.8742774566473989 0.16814159292035397 0.012524084778420038 0.02831858407079646
1 0.8964354527938343 0.19469026548672566 0.012524084778420038 0.03185840707964602
1 0.9026974951830443 0.2168141592920354 0.015414258188824663 0.033628318584070796
1 0.9354527938342967 0.1654867256637168 0.011560693641618497 0.04070796460176991
1 0.9407514450867052 0.19823008849557522 0.016377649325626204 0.04601769911504425
1 0.930635838150289 0.24778761061946902 0.015414258188824663 0.035398230088495575
1 0.8877649325626205 0.2345132743362832 0.02023121387283237 0.04070796460176991
1 0.8391136801541426 0.21858407079646017 0.017341040462427744 0.03716814159292035
1 0.8232177263969171 0.2610619469026549 0.022157996146435453 0.05132743362831858
1 0.8458574181117534 0.3035398230088496 0.025048169556840076 0.05486725663716814
1 0.8757225433526011 0.268141592920354 0.02119460500963391 0.05132743362831858
1 0.9248554913294798 0.3176991150442478 0.025048169556840076 0.05486725663716814
1 0.7538535645472062 0.24336283185840707 0.02023121387283237 0.05486725663716814
1 0.7456647398843931 0.2628318584070796 0.02697495183044316 0.05486725663716814
