1 0.8207928802588997 0.39539748953974896 0.02993527508090615 0.07391910739191074
1 0.8859223300970874 0.099721059972106 0.011326860841423949 0.029288702928870293
1 0.9203074433656958 0.1492329149232915 0.010517799352750809 0.030683403068340307
1 0.5703883495145632 0.11854951185495118 0.012944983818770227 0.02789400278940028
1 0.5760517799352751 0.17294281729428174 0.014563106796116505 0.03347280334728033
1 0.5060679611650486 0.1527196652719665 0.00889967637540453 0.02092050209205021
1 0.4923139158576052 0.20571827057182704 0.013754045307443367 0.03486750348675035
1 0.386326860841424 0.30613668061366806 0.025080906148867314 0.046025104602510455
1 0.33333333333333337 0.2112970711297071 0.011326860841423949 0.029288702928870293
1 0.3592233009708738 0.21548117154811713 0.012944983818770227 0.03207810320781032
