1 0.24094567404426562 0.41 0.06338028169014084 0.14
1 0.32947686116700203 0.49636363636363634 0.0653923541247485 0.13818181818181818
1 0.26408450704225356 0.1572727272727273 0.01710261569416499 0.03090909090909091
1 0.329979879275654 0.23636363636363636 0.028169014084507046 0.05818181818181818
1 0.41297786720321933 0.2681818181818182 0.025150905432595575 0.05272727272727273
1 0.4069416498993964 0.2081818181818182 0.019114688128772636 0.038181818181818185
1 0.4456740442655936 0.1990909090909091 0.01609657947686117 0.034545454545454546
1 0.4683098591549296 0.22818181818181818 0.019114688128772636 0.045454545454545456
1 0.5920523138832998 0.24818181818181817 0.025150905432595575 0.05272727272727273
1 0.6302816901408451 0.24363636363636362 0.02917505030181087 0.06909090909090909
1 0.6051307847082495 0.12272727272727273 0.013078470824949699 0.02727272727272727
1 0.6091549295774649 0.10636363636363637 0.011066398390342054 0.023636363636363636
1 0.6358148893360162 0.1190909090909091 0.012072434607645876 0.02727272727272727
1 0.6609657947686117 0.11727272727272728 0.014084507042253523 0.02727272727272727
