1 0.014656616415410386 0.41642011834319526 0.024288107202680067 0.051775147928994084
1 0.22989949748743718 0.33357988165680474 0.01423785594639866 0.034023668639053255
1 0.28936348408710216 0.30029585798816566 0.01256281407035176 0.03254437869822485
1 0.2583752093802345 0.3720414201183432 0.019262981574539362 0.03994082840236686
1 0.29522613065326636 0.3631656804733728 0.019262981574539362 0.04881656804733728
1 0.3379396984924623 0.35724852071005914 0.02763819095477387 0.04585798816568047
1 0.3563651591289782 0.28476331360946744 0.01423785594639866 0.03106508875739645
1 0.3626465661641541 0.32988165680473375 0.020100502512562814 0.038461538461538464
1 0.38651591289782244 0.3247041420118343 0.020938023450586266 0.03994082840236686
1 0.3944723618090452 0.2559171597633136 0.01340033500837521 0.026627218934911243
1 0.40996649916247907 0.261094674556213 0.01423785594639866 0.03106508875739645
1 0.4112227805695142 0.29511834319526625 0.01507537688442211 0.02514792899408284
1 0.41289782244556117 0.33505917159763315 0.02345058626465662 0.03994082840236686
1 0.44137353433835846 0.30029585798816566 0.020100502512562814 0.038461538461538464
1 0.43006700167504186 0.2522189349112426 0.01423785594639866 0.03106508875739645
1 0.45142378559463986 0.261094674556213 0.01507537688442211 0.03698224852071006
1 0.47361809045226133 0.22781065088757396 0.024288107202680067 0.029585798816568046
1 0.47738693467336685 0.2618343195266272 0.01340033500837521 0.03550295857988166
1 0.47445561139028475 0.30029585798816566 0.017587939698492462 0.029585798816568046
1 0.4518425460636516 0.33579881656804733 0.019262981574539362 0.029585798816568046
1 0.5062814070351759 0.3187869822485207 0.017587939698492462 0.03994082840236686
1 0.5138190954773869 0.2566568047337278 0.01256281407035176 0.03698224852071006
1 0.525963149078727 0.27218934911242604 0.021775544388609715 0.047337278106508875
1 0.5318257956448911 0.24334319526627218 0.02345058626465662 0.03106508875739645
1 0.5293132328308208 0.3150887573964497 0.01675041876046901 0.03254437869822485
1 0.5397822445561139 0.35281065088757396 0.022613065326633167 0.042899408284023666
1 0.46984924623115576 0.40236686390532544 0.02680067001675042 0.056213017751479286
1 0.5619765494137353 0.27218934911242604 0.018425460636515914 0.038461538461538464
1 0.5523450586264657 0.2440828402366864 0.010887772194304857 0.03254437869822485
1 0.5649078726968174 0.21745562130177515 0.01256281407035176 0.02071005917159763
1 0.5891959798994975 0.2522189349112426 0.01423785594639866 0.028106508875739643
1 0.5824958123953099 0.21597633136094674 0.019262981574539362 0.026627218934911243
1 0.6072026800670017 0.21301775147928995 0.01675041876046901 0.029585798816568046
1 0.6172529313232831 0.1982248520710059 0.01507537688442211 0.029585798816568046
1 0.609715242881072 0.24630177514792898 0.01675041876046901 0.03698224852071006
1 0.6423785594639866 0.2448224852071006 0.020100502512562814 0.03106508875739645
1 0.6348408710217756 0.20931952662721892 0.01172529313232831 0.019230769230769232
1 0.647822445561139 0.21375739644970412 0.017587939698492462 0.019230769230769232
1 0.6025963149078727 0.3306213017751479 0.020938023450586266 0.042899408284023666
1 0.6658291457286433 0.2034023668639053 0.010050251256281407 0.028106508875739643
1 0.708961474036851 0.21005917159763313 0.020938023450586266 0.03254437869822485
1 0.6863484087102177 0.23298816568047337 0.020938023450586266 0.03106508875739645
1 0.6888609715242882 0.2677514792899408 0.020938023450586266 0.029585798816568046
1 0.711892797319933 0.24334319526627218 0.020100502512562814 0.034023668639053255
1 0.6436348408710217 0.29363905325443784 0.019262981574539362 0.03994082840236686
1 0.6247906197654941 0.3417159763313609 0.021775544388609715 0.03550295857988166
1 0.5339195979899497 0.42381656804733725 0.02931323283082077 0.05473372781065089
1 0.6063651591289783 0.46227810650887574 0.031825795644891124 0.08431952662721894
1 0.661641541038526 0.3631656804733728 0.02847571189279732 0.04585798816568047
1 0.6494974874371859 0.4681952662721893 0.03768844221105528 0.060650887573964495
1 0.698073701842546 0.35133136094674555 0.01423785594639866 0.034023668639053255
1 0.6968174204355109 0.3084319526627219 0.020100502512562814 0.03994082840236686
1 0.7357621440536013 0.27958579881656803 0.01423785594639866 0.03254437869822485
1 0.7554438860971524 0.23594674556213016 0.01340033500837521 0.034023668639053255
1 0.7202680067001676 0.47928994082840237 0.04020100502512563 0.08284023668639053
1 0.7504187604690118 0.41346153846153844 0.02847571189279732 0.05473372781065089
1 0.7738693467336684 0.23298816568047337 0.01507537688442211 0.034023668639053255
1 0.783500837520938 0.27958579881656803 0.015912897822445562 0.038461538461538464
1 0.7897822445561139 0.24112426035502957 0.01340033500837521 0.03254437869822485
1 0.7985762144053602 0.24334319526627218 0.007537688442211055 0.034023668639053255
1 0.7956448911222781 0.42233727810650884 0.02680067001675042 0.0636094674556213
1 0.8509212730318259 0.5399408284023669 0.03015075376884422 0.07988165680473372
1 0.8576214405360134 0.46893491124260356 0.03350083752093802 0.0621301775147929
1 0.8224455611390284 0.35798816568047337 0.02512562814070352 0.056213017751479286
1 0.8295644891122278 0.2973372781065089 0.015912897822445562 0.029585798816568046
1 0.833752093802345 0.2603550295857988 0.01423785594639866 0.029585798816568046
1 0.8538525963149078 0.2485207100591716 0.01256281407035176 0.029585798816568046
1 0.8844221105527639 0.24186390532544377 0.01172529313232831 0.02514792899408284
1 0.8706030150753769 0.2588757396449704 0.019262981574539362 0.03254437869822485
1 0.8525963149078727 0.3062130177514793 0.018425460636515914 0.03550295857988166
1 0.8567839195979899 0.3343195266272189 0.020100502512562814 0.038461538461538464
1 0.8714405360134003 0.367603550295858 0.020938023450586266 0.051775147928994084
1 0.8869346733668342 0.33505917159763315 0.02345058626465662 0.042899408284023666
1 0.9078726968174204 0.28328402366863903 0.01675041876046901 0.03994082840236686
1 0.9262981574539364 0.48372781065088755 0.02680067001675042 0.0621301775147929
1 0.9514237855946399 0.35872781065088755 0.021775544388609715 0.042899408284023666
1 0.9304857621440537 0.3121301775147929 0.01507537688442211 0.04437869822485207
1 0.9476549413735343 0.3025147928994083 0.02763819095477387 0.04585798816568047
1 0.9514237855946399 0.27736686390532544 0.01340033500837521 0.02514792899408284
1 0.8668341708542714 0.28106508875739644 0.01507537688442211 0.038461538461538464
