1 0.4086715867158672 0.2048494983277592 0.016605166051660517 0.03177257525083612
1 0.5576568265682657 0.14882943143812707 0.021217712177121772 0.056856187290969896
1 0.6199261992619925 0.11705685618729096 0.016605166051660517 0.030100334448160536
1 0.6374538745387454 0.12792642140468227 0.016605166051660517 0.03177257525083612
1 0.6457564575645757 0.1028428093645485 0.012915129151291513 0.028428093645484948
1 0.7430811808118081 0.12959866220735786 0.015682656826568265 0.02508361204013378
1 0.761070110701107 0.1354515050167224 0.014760147601476014 0.030100334448160536
1 0.8187269372693726 0.25334448160535117 0.023062730627306273 0.0451505016722408
1 0.8805350553505534 0.2408026755852843 0.017527675276752766 0.05016722408026756
1 0.9063653136531366 0.2408026755852843 0.017527675276752766 0.05016722408026756
