1 0.20281124497991965 0.3571428571428571 0.04618473895582329 0.09700176366843033
1 0.30271084337349397 0.2292768959435626 0.023092369477911646 0.04585537918871252
1 0.323293172690763 0.1781305114638448 0.018072289156626505 0.042328042328042326
1 0.3478915662650602 0.1948853615520282 0.02108433734939759 0.03350970017636684
1 0.40261044176706823 0.18871252204585537 0.022088353413654616 0.03527336860670194
1 0.41365461847389556 0.16225749559082892 0.014056224899598391 0.02821869488536155
1 0.41315261044176704 0.14285714285714285 0.01506024096385542 0.024691358024691357
1 0.4417670682730923 0.16843033509700175 0.020080321285140562 0.04056437389770723
1 0.4382530120481927 0.2001763668430335 0.019076305220883532 0.04056437389770723
1 0.4698795180722891 0.2054673721340388 0.028112449799196783 0.054673721340388004
1 0.43875502008032125 0.14285714285714285 0.014056224899598391 0.024691358024691357
1 0.44929718875502006 0.12874779541446207 0.011044176706827308 0.021164021164021163
1 0.4598393574297188 0.14285714285714285 0.014056224899598391 0.031746031746031744
1 0.47489959839357426 0.16490299823633156 0.020080321285140562 0.037037037037037035
1 0.4939759036144578 0.14462081128747795 0.014056224899598391 0.031746031746031744
1 0.4969879518072289 0.12610229276895943 0.014056224899598391 0.026455026455026454
1 0.5115461847389557 0.11728395061728394 0.013052208835341365 0.026455026455026454
1 0.5160642570281124 0.14814814814814814 0.01606425702811245 0.031746031746031744
1 0.5261044176706827 0.17019400352733685 0.020080321285140562 0.03350970017636684
1 0.5481927710843373 0.16843033509700175 0.01606425702811245 0.037037037037037035
1 0.5502008032128514 0.1402116402116402 0.01606425702811245 0.029982363315696647
1 0.5632530120481927 0.13756613756613756 0.01606425702811245 0.03527336860670194
1 0.5336345381526104 0.13668430335097 0.01506024096385542 0.026455026455026454
1 0.5245983935742972 0.12081128747795414 0.011044176706827308 0.02292768959435626
1 0.5376506024096385 0.12257495590828923 0.013052208835341365 0.02292768959435626
1 0.5803212851405622 0.09876543209876543 0.014056224899598391 0.031746031746031744
1 0.592871485943775 0.13580246913580246 0.017068273092369475 0.03527336860670194
1 0.592871485943775 0.11816578483245149 0.013052208835341365 0.02821869488536155
1 0.5788152610441767 0.1675485008818342 0.017068273092369475 0.042328042328042326
1 0.629016064257028 0.1437389770723104 0.01506024096385542 0.03350970017636684
1 0.6395582329317269 0.13756613756613756 0.012048192771084336 0.031746031746031744
1 0.6109437751004015 0.09347442680776014 0.013052208835341365 0.024691358024691357
1 0.628012048192771 0.09259259259259259 0.013052208835341365 0.026455026455026454
1 0.6385542168674698 0.10758377425044091 0.010040160642570281 0.02821869488536155
1 0.6536144578313252 0.11552028218694885 0.014056224899598391 0.029982363315696647
1 0.6686746987951807 0.10052910052910052 0.010040160642570281 0.02821869488536155
1 0.6812248995983935 0.1128747795414462 0.013052208835341365 0.02821869488536155
1 0.6967871485943774 0.11022927689594356 0.014056224899598391 0.03350970017636684
1 0.5010040160642569 0.2707231040564374 0.028112449799196783 0.054673721340388004
1 0.5647590361445782 0.22839506172839505 0.023092369477911646 0.05114638447971781
1 0.5788152610441767 0.27336860670194 0.029116465863453813 0.0564373897707231
1 0.6249999999999999 0.2901234567901234 0.029116465863453813 0.06525573192239859
1 0.6265060240963854 0.25396825396825395 0.022088353413654616 0.04585537918871252
1 0.6249999999999999 0.18518518518518517 0.02108433734939759 0.03880070546737213
1 0.66214859437751 0.17548500881834214 0.017068273092369475 0.04409171075837742
1 0.6736947791164658 0.20105820105820105 0.022088353413654616 0.04585537918871252
1 0.664156626506024 0.2548500881834215 0.0251004016064257 0.047619047619047616
1 0.681726907630522 0.30511463844797176 0.03012048192771084 0.06701940035273368
1 0.7148594377510039 0.3403880070546737 0.03614457831325301 0.07407407407407407
1 0.7018072289156626 0.1984126984126984 0.020080321285140562 0.04409171075837742
1 0.7193775100401606 0.21957671957671956 0.023092369477911646 0.054673721340388004
1 0.7068273092369477 0.15520282186948853 0.01606425702811245 0.03880070546737213
1 0.7389558232931727 0.16313932980599646 0.01606425702811245 0.037037037037037035
1 0.7650602409638554 0.13580246913580246 0.018072289156626505 0.03527336860670194
1 0.7580321285140561 0.1146384479717813 0.018072289156626505 0.042328042328042326
1 0.788152610441767 0.12698412698412698 0.018072289156626505 0.03527336860670194
1 0.7776104417670682 0.1657848324514991 0.019076305220883532 0.04585537918871252
1 0.8027108433734939 0.18959435626102292 0.019076305220883532 0.04056437389770723
1 0.8132530120481927 0.18077601410934743 0.01606425702811245 0.037037037037037035
1 0.8303212851405621 0.1693121693121693 0.01606425702811245 0.03880070546737213
1 0.8348393574297188 0.20634920634920634 0.017068273092369475 0.03880070546737213
1 0.8539156626506024 0.1781305114638448 0.017068273092369475 0.042328042328042326
1 0.8488955823293172 0.14462081128747795 0.01506024096385542 0.02821869488536155
1 0.8704819277108433 0.1675485008818342 0.01606425702811245 0.031746031746031744
1 0.8815261044176707 0.14109347442680775 0.014056224899598391 0.03527336860670194
1 0.894578313253012 0.18959435626102292 0.020080321285140562 0.037037037037037035
1 0.8900602409638554 0.2328042328042328 0.023092369477911646 0.05291005291005291
1 0.8544176706827309 0.30246913580246915 0.022088353413654616 0.054673721340388004
1 0.8664658634538152 0.2848324514991182 0.020080321285140562 0.05114638447971781
1 0.8022088353413653 0.2548500881834215 0.022088353413654616 0.04409171075837742
1 0.8042168674698794 0.2901234567901234 0.028112449799196783 0.0582010582010582
1 0.8092369477911646 0.35537918871252205 0.03614457831325301 0.07583774250440917
1 0.8975903614457831 0.41975308641975306 0.028112449799196783 0.08465608465608465
1 0.9206827309236947 0.31922398589065254 0.02610441767068273 0.06349206349206349
1 0.9367469879518071 0.2707231040564374 0.024096385542168672 0.054673721340388004
1 0.9252008032128514 0.23368606701940034 0.017068273092369475 0.04409171075837742
1 0.9422690763052208 0.23633156966490299 0.01506024096385542 0.03527336860670194
1 0.9397590361445782 0.19400352733686066 0.012048192771084336 0.031746031746031744
1 0.9417670682730923 0.164021164021164 0.012048192771084336 0.02821869488536155
1 0.9196787148594376 0.14991181657848324 0.012048192771084336 0.024691358024691357
1 0.9186746987951806 0.17372134038800705 0.014056224899598391 0.029982363315696647
