1 0.024154589371980676 0.43169014084507046 0.028985507246376812 0.05211267605633803
1 0.2363123993558776 0.33943661971830985 0.015297906602254429 0.036619718309859155
1 0.2584541062801932 0.3732394366197183 0.017713365539452495 0.03943661971830986
1 0.2898550724637681 0.3070422535211268 0.014492753623188406 0.03943661971830986
1 0.33776167471819646 0.3507042253521127 0.020128824476650563 0.04788732394366198
1 0.357487922705314 0.2943661971830986 0.014492753623188406 0.036619718309859155
1 0.394122383252818 0.2690140845070423 0.013687600644122383 0.033802816901408454
1 0.3888888888888889 0.3345070422535211 0.01288244766505636 0.0323943661971831
1 0.40619967793880835 0.3373239436619718 0.016908212560386472 0.03802816901408451
1 0.427938808373591 0.2563380281690141 0.015297906602254429 0.033802816901408454
1 0.4420289855072464 0.3429577464788733 0.01610305958132045 0.035211267605633804
1 0.4464573268921095 0.2683098591549296 0.012077294685990338 0.02394366197183099
1 0.4553140096618358 0.24295774647887325 0.010466988727858293 0.02394366197183099
1 0.46578099838969406 0.2387323943661972 0.010466988727858293 0.018309859154929577
1 0.46819645732689213 0.3063380281690141 0.013687600644122383 0.029577464788732397
1 0.499597423510467 0.3232394366197183 0.021739130434782608 0.03802816901408451
1 0.5076489533011272 0.2683098591549296 0.013687600644122383 0.026760563380281693
1 0.5394524959742351 0.25 0.01932367149758454 0.029577464788732397
1 0.45893719806763283 0.4126760563380282 0.027375201288244767 0.05070422535211268
1 0.5318035426731079 0.3619718309859155 0.020128824476650563 0.05070422535211268
1 0.5422705314009661 0.4056338028169014 0.026570048309178744 0.05070422535211268
1 0.5551529790660226 0.2880281690140845 0.018518518518518517 0.029577464788732397
1 0.5551529790660226 0.23169014084507045 0.012077294685990338 0.026760563380281693
1 0.570450885668277 0.23098591549295777 0.016908212560386472 0.033802816901408454
1 0.5982286634460547 0.22464788732394367 0.011272141706924315 0.026760563380281693
1 0.605877616747182 0.21126760563380284 0.015297906602254429 0.033802816901408454
1 0.5793075684380032 0.2683098591549296 0.012077294685990338 0.0323943661971831
1 0.5946054750402576 0.32816901408450705 0.020128824476650563 0.04507042253521127
1 0.607487922705314 0.3683098591549296 0.021739130434782608 0.04647887323943662
1 0.5929951690821256 0.44084507042253523 0.026570048309178744 0.061971830985915494
1 0.6376811594202898 0.45211267605633804 0.0322061191626409 0.056338028169014086
1 0.643719806763285 0.37464788732394366 0.023349436392914653 0.053521126760563385
1 0.6284219001610306 0.31056338028169017 0.018518518518518517 0.0323943661971831
1 0.6336553945249598 0.2535211267605634 0.01288244766505636 0.02535211267605634
1 0.6344605475040258 0.2330985915492958 0.020933977455716585 0.035211267605633804
1 0.6541867954911433 0.2126760563380282 0.012077294685990338 0.02535211267605634
1 0.6658615136876006 0.23028169014084507 0.01288244766505636 0.029577464788732397
1 0.6590177133655395 0.24577464788732395 0.015297906602254429 0.026760563380281693
1 0.6714975845410628 0.273943661971831 0.014492753623188406 0.035211267605633804
1 0.6924315619967794 0.22887323943661972 0.01288244766505636 0.0323943661971831
1 0.7004830917874396 0.2605633802816902 0.017713365539452495 0.030985915492957747
1 0.6819645732689211 0.3542253521126761 0.020933977455716585 0.04084507042253521
1 0.6996779388083736 0.4894366197183099 0.033816425120772944 0.06056338028169014
1 0.7250402576489533 0.4056338028169014 0.0249597423510467 0.04507042253521127
1 0.7326892109500805 0.25422535211267605 0.01932367149758454 0.035211267605633804
1 0.7202093397745571 0.2915492957746479 0.020128824476650563 0.028169014084507043
1 0.7632850241545893 0.28169014084507044 0.01610305958132045 0.028169014084507043
1 0.749597423510467 0.23802816901408452 0.014492753623188406 0.036619718309859155
1 0.7689210950080515 0.24295774647887325 0.011272141706924315 0.026760563380281693
1 0.7805958132045089 0.2577464788732394 0.015297906602254429 0.030985915492957747
1 0.8128019323671497 0.2661971830985916 0.016908212560386472 0.033802816901408454
1 0.8309178743961353 0.2591549295774648 0.01288244766505636 0.033802816901408454
1 0.8623188405797101 0.2577464788732394 0.011272141706924315 0.03943661971830986
1 0.7753623188405797 0.42676056338028173 0.024154589371980676 0.04507042253521127
1 0.8184380032206119 0.5260563380281691 0.03462157809983897 0.09154929577464789
1 0.8353462157809984 0.42676056338028173 0.029790660225442835 0.05070422535211268
1 0.8027375201288245 0.3654929577464789 0.01932367149758454 0.04647887323943662
1 0.8107890499194848 0.3042253521126761 0.014492753623188406 0.030985915492957747
1 0.8373590982286634 0.3007042253521127 0.017713365539452495 0.03802816901408451
1 0.8868760064412239 0.28450704225352114 0.015297906602254429 0.030985915492957747
1 0.8530595813204509 0.3676056338028169 0.016908212560386472 0.05070422535211268
1 0.8667471819645732 0.35281690140845073 0.018518518518518517 0.04929577464788733
1 0.9041867954911433 0.32253521126760565 0.01288244766505636 0.036619718309859155
1 0.9210950080515298 0.3 0.014492753623188406 0.033802816901408454
1 0.9190821256038647 0.28098591549295776 0.015297906602254429 0.026760563380281693
1 0.927133655394525 0.3683098591549296 0.020128824476650563 0.04929577464788733
1 0.9005636070853462 0.46690140845070427 0.029790660225442835 0.06338028169014084
1 0.8458132045088567 0.28169014084507044 0.015297906602254429 0.02535211267605634
1 0.8518518518518519 0.27042253521126763 0.011272141706924315 0.028169014084507043
1 0.40700483091787437 0.3042253521126761 0.020128824476650563 0.04225352112676056
1 0.5933977455716586 0.2563380281690141 0.014492753623188406 0.033802816901408454
1 0.6227858293075684 0.2183098591549296 0.012077294685990338 0.02535211267605634
