1 0.1264308012486993 0.36388888888888893 0.04058272632674298 0.08703703703703704
1 0.2778355879292404 0.21944444444444444 0.020811654526534863 0.031481481481481485
1 0.30957336108220607 0.22777777777777777 0.017689906347554633 0.037037037037037035
1 0.33766909469302814 0.1814814814814815 0.015608740894901146 0.03333333333333333
1 0.33402705515088454 0.23611111111111113 0.018730489073881376 0.03518518518518519
1 0.3678459937565037 0.18796296296296297 0.01352757544224766 0.03518518518518519
1 0.3761706555671176 0.16018518518518518 0.01352757544224766 0.02777777777777778
1 0.3730489073881374 0.23055555555555557 0.01977107180020812 0.03888888888888889
1 0.4021852237252862 0.19814814814814816 0.017689906347554633 0.03333333333333333
1 0.41935483870967744 0.20092592592592592 0.020811654526534863 0.03518518518518519
1 0.4016649323621228 0.2351851851851852 0.01664932362122789 0.03333333333333333
1 0.42143600416233096 0.24814814814814815 0.020811654526534863 0.037037037037037035
1 0.4458896982310094 0.20277777777777778 0.02393340270551509 0.03888888888888889
1 0.4151925078043705 0.16481481481481483 0.01664932362122789 0.02962962962962963
1 0.4427679500520292 0.1638888888888889 0.015608740894901146 0.031481481481481485
1 0.4823100936524454 0.18611111111111112 0.021852237252861603 0.03518518518518519
1 0.48699271592091575 0.1462962962962963 0.012486992715920917 0.02962962962962963
1 0.5026014568158169 0.11944444444444445 0.010405827263267432 0.024074074074074074
1 0.522372528616025 0.13333333333333333 0.014568158168574402 0.018518518518518517
1 0.5520291363163372 0.12685185185185185 0.01352757544224766 0.020370370370370372
1 0.5135275754422477 0.1527777777777778 0.015608740894901146 0.02777777777777778
1 0.5213319458896983 0.18055555555555555 0.018730489073881376 0.03518518518518519
1 0.5437044745057232 0.15833333333333333 0.015608740894901146 0.03518518518518519
1 0.5645161290322581 0.1564814814814815 0.017689906347554633 0.03888888888888889
1 0.5572320499479709 0.18425925925925926 0.015608740894901146 0.031481481481481485
1 0.5910509885535901 0.16018518518518518 0.01664932362122789 0.03518518518518519
1 0.6061394380853279 0.1462962962962963 0.017689906347554633 0.02962962962962963
1 0.6009365244536942 0.1175925925925926 0.015608740894901146 0.02777777777777778
1 0.6326742976066598 0.11296296296296297 0.014568158168574402 0.022222222222222223
1 0.6482830385015609 0.10555555555555556 0.012486992715920917 0.02592592592592593
1 0.6347554630593133 0.15092592592592594 0.014568158168574402 0.02777777777777778
1 0.6586888657648283 0.15 0.014568158168574402 0.02592592592592593
1 0.6878251821019772 0.10648148148148148 0.012486992715920917 0.024074074074074074
1 0.6951092611862644 0.12407407407407407 0.01664932362122789 0.02592592592592593
1 0.7138397502601458 0.10925925925925926 0.012486992715920917 0.02592592592592593
1 0.6201873048907389 0.20925925925925926 0.020811654526534863 0.040740740740740744
1 0.5707596253902186 0.24351851851851852 0.02393340270551509 0.05
1 0.6436004162330906 0.24166666666666667 0.021852237252861603 0.053703703703703705
1 0.6727367325702394 0.2175925925925926 0.026014568158168577 0.05
1 0.6685744016649324 0.17962962962962964 0.017689906347554633 0.040740740740740744
1 0.7133194588969823 0.1814814814814815 0.017689906347554633 0.037037037037037035
1 0.7304890738813736 0.1462962962962963 0.014568158168574402 0.037037037037037035
1 0.7523413111342352 0.13148148148148148 0.014568158168574402 0.02962962962962963
1 0.7778355879292405 0.13333333333333333 0.01352757544224766 0.022222222222222223
1 0.8007284079084288 0.14351851851851852 0.01352757544224766 0.02777777777777778
1 0.8225806451612904 0.13240740740740742 0.01352757544224766 0.02777777777777778
1 0.8792924037460979 0.11296296296296297 0.01664932362122789 0.03333333333333333
1 0.9308012486992717 0.11111111111111112 0.017689906347554633 0.03333333333333333
1 0.9073881373569199 0.17314814814814816 0.014568158168574402 0.031481481481481485
1 0.9401664932362124 0.1675925925925926 0.011446409989594173 0.024074074074074074
1 0.9500520291363165 0.18425925925925926 0.01664932362122789 0.024074074074074074
1 0.8969823100936525 0.18796296296296297 0.01664932362122789 0.031481481481481485
1 0.8756503642039543 0.18981481481481483 0.017689906347554633 0.03518518518518519
1 0.8616024973985432 0.1398148148148148 0.012486992715920917 0.020370370370370372
1 0.8465140478668055 0.15 0.021852237252861603 0.02592592592592593
1 0.8298647242455776 0.17777777777777778 0.017689906347554633 0.03333333333333333
1 0.7944849115504683 0.16944444444444445 0.017689906347554633 0.024074074074074074
1 0.8121748178980229 0.19166666666666668 0.021852237252861603 0.03518518518518519
1 0.7944849115504683 0.2101851851851852 0.021852237252861603 0.04259259259259259
1 0.7570239334027056 0.1962962962962963 0.015608740894901146 0.037037037037037035
1 0.7398543184183143 0.1814814814814815 0.01664932362122789 0.03333333333333333
1 0.7398543184183143 0.24166666666666667 0.018730489073881376 0.03888888888888889
1 0.7679500520291364 0.24629629629629632 0.020811654526534863 0.037037037037037035
1 0.6971904266389178 0.25833333333333336 0.02705515088449532 0.05
1 0.7018730489073882 0.3194444444444445 0.036420395421436005 0.06851851851851852
1 0.7544224765868888 0.3666666666666667 0.03329864724245578 0.05185185185185186
1 0.7944849115504683 0.3027777777777778 0.026014568158168577 0.0462962962962963
1 0.8350676378772113 0.24537037037037038 0.01977107180020812 0.0462962962962963
1 0.8449531737773154 0.2212962962962963 0.014568158168574402 0.03518518518518519
1 0.9323621227887617 0.3490740740740741 0.024973985431841834 0.05740740740740741
1 0.939646201873049 0.2611111111111111 0.014568158168574402 0.037037037037037035
1 0.9302809573361083 0.2175925925925926 0.018730489073881376 0.03888888888888889
1 0.8990634755463061 0.24444444444444446 0.018730489073881376 0.04814814814814815
1 0.9053069719042665 0.2138888888888889 0.01664932362122789 0.03518518518518519
