1 0.05916666666666667 0.6587301587301587 0.07833333333333334 0.2222222222222222
1 0.035 0.7678571428571428 0.06666666666666667 0.3134920634920635
1 0.11750000000000001 0.5198412698412698 0.03833333333333334 0.1111111111111111
1 0.03833333333333334 0.4722222222222222 0.04 0.10317460317460317
1 0.07583333333333334 0.49007936507936506 0.03166666666666667 0.08333333333333333
1 0.35083333333333333 0.4583333333333333 0.03833333333333334 0.09126984126984126
1 0.37000000000000005 0.47619047619047616 0.030000000000000002 0.10317460317460317
1 0.39 0.503968253968254 0.03333333333333333 0.07936507936507936
1 0.42500000000000004 0.5238095238095237 0.04666666666666667 0.11904761904761904
1 0.4675 0.5496031746031745 0.055 0.12301587301587301
1 0.4575 0.45436507936507936 0.03166666666666667 0.07539682539682539
1 0.5316666666666667 0.2837301587301587 0.030000000000000002 0.08333333333333333
1 0.51 0.494047619047619 0.03333333333333333 0.09126984126984126
1 0.5750000000000001 0.5654761904761905 0.05666666666666667 0.1468253968253968
1 0.5291666666666667 0.6011904761904762 0.045000000000000005 0.13095238095238093
1 0.61 0.5436507936507936 0.043333333333333335 0.10317460317460317
1 0.5566666666666668 0.4821428571428571 0.02666666666666667 0.08333333333333333
1 0.6091666666666667 0.4841269841269841 0.035 0.06349206349206349
1 0.6258333333333334 0.45634920634920634 0.025 0.07936507936507936
1 0.6983333333333334 0.5694444444444444 0.05666666666666667 0.15476190476190477
1 0.6575000000000001 0.5138888888888888 0.028333333333333335 0.0992063492063492
1 0.7383333333333334 0.5456349206349206 0.043333333333333335 0.1388888888888889
1 0.7808333333333334 0.5436507936507936 0.04166666666666667 0.11904761904761904
1 0.7883333333333333 0.748015873015873 0.12000000000000001 0.24206349206349204
1 0.7591666666666668 0.6865079365079365 0.07166666666666667 0.18253968253968253
1 0.8466666666666667 0.6071428571428571 0.05333333333333334 0.15873015873015872
1 0.8533333333333334 0.4603174603174603 0.03666666666666667 0.10317460317460317
1 0.925 0.49206349206349204 0.03333333333333333 0.0873015873015873
1 0.9066666666666667 0.5079365079365079 0.02666666666666667 0.0873015873015873
1 0.9708333333333334 0.6349206349206349 0.055 0.1349206349206349
1 0.9575 0.5297619047619048 0.04833333333333334 0.11507936507936507
