1 0.05737704918032787 0.43957115009746583 0.040437158469945354 0.08771929824561403
1 0.12404371584699453 0.49707602339181284 0.05136612021857923 0.08966861598440545
1 0.16612021857923498 0.4044834307992202 0.039344262295081964 0.08771929824561403
1 0.22131147540983606 0.3664717348927875 0.03825136612021858 0.08187134502923976
1 0.16612021857923498 0.3070175438596491 0.03278688524590164 0.06042884990253411
1 0.1360655737704918 0.3070175438596491 0.018579234972677595 0.03313840155945419
1 0.1814207650273224 0.2621832358674464 0.024043715846994537 0.04873294346978557
1 0.23879781420765028 0.29239766081871343 0.03169398907103825 0.06237816764132553
1 0.3885245901639344 0.21734892787524365 0.029508196721311476 0.056530214424951264
1 0.48415300546448087 0.1627680311890838 0.02622950819672131 0.06042884990253411
1 0.5202185792349727 0.13840155945419103 0.028415300546448086 0.06627680311890838
1 0.8846994535519126 0.15692007797270954 0.01639344262295082 0.029239766081871343
