1 0.07333333333333333 0.28940217391304346 0.05333333333333334 0.0951086956521739
1 0.1691666666666667 0.26766304347826086 0.045000000000000005 0.07880434782608696
1 0.21416666666666667 0.22690217391304346 0.04166666666666667 0.07880434782608696
1 0.19 0.4850543478260869 0.060000000000000005 0.0951086956521739
1 0.2566666666666667 0.33016304347826086 0.05666666666666667 0.08967391304347826
1 0.2775 0.27445652173913043 0.03833333333333334 0.07608695652173914
1 0.325 0.23369565217391303 0.05333333333333334 0.09782608695652173
1 0.38 0.2758152173913043 0.05666666666666667 0.08423913043478261
1 0.3275 0.5122282608695652 0.055 0.10054347826086957
1 0.42750000000000005 0.25407608695652173 0.04166666666666667 0.07880434782608696
1 0.4575 0.3220108695652174 0.04166666666666667 0.07880434782608696
1 0.5058333333333334 0.27717391304347827 0.03833333333333334 0.08152173913043478
1 0.5466666666666667 0.266304347826087 0.043333333333333335 0.08695652173913043
1 0.5875 0.2513586956521739 0.03833333333333334 0.07880434782608696
1 0.6258333333333334 0.2622282608695652 0.045000000000000005 0.08967391304347826
1 0.6733333333333333 0.264945652173913 0.03666666666666667 0.07880434782608696
1 0.7116666666666667 0.3016304347826087 0.04 0.08152173913043478
1 0.7525000000000001 0.266304347826087 0.04166666666666667 0.07065217391304347
1 0.795 0.31657608695652173 0.043333333333333335 0.08967391304347826
1 0.8275 0.2703804347826087 0.04166666666666667 0.08423913043478261
1 0.8841666666666668 0.26902173913043476 0.04166666666666667 0.08695652173913043
1 0.9241666666666667 0.22554347826086957 0.04833333333333334 0.09782608695652173
1 0.8975000000000001 0.46875 0.045000000000000005 0.08967391304347826
1 0.8141666666666667 0.4605978260869565 0.04833333333333334 0.08967391304347826
1 0.7116666666666667 0.5108695652173912 0.05666666666666667 0.10869565217391304
1 0.5850000000000001 0.4918478260869565 0.05666666666666667 0.11413043478260869
1 0.44333333333333336 0.4891304347826087 0.060000000000000005 0.10869565217391304
