1 0.20498474059003052 0.35545454545454547 0.04781281790437436 0.0890909090909091
1 0.3031536113936928 0.24363636363636362 0.022380467955239063 0.04363636363636364
1 0.30925737538148523 0.21636363636363637 0.022380467955239063 0.03636363636363636
1 0.3306205493387589 0.23545454545454544 0.018311291963377416 0.04181818181818182
1 0.3514750762970498 0.24636363636363637 0.023397761953204477 0.04909090909090909
1 0.3718209562563581 0.24545454545454545 0.023397761953204477 0.04727272727272727
1 0.40691759918616477 0.2672727272727273 0.026449643947100712 0.05090909090909091
1 0.3484231943031536 0.17727272727272728 0.017293997965412002 0.034545454545454546
1 0.358087487283825 0.1890909090909091 0.01627670396744659 0.03272727272727273
1 0.3830111902339776 0.18272727272727274 0.017293997965412002 0.034545454545454546
1 0.4181078331637843 0.2081818181818182 0.02034587995930824 0.038181818181818185
1 0.4165818921668362 0.18545454545454546 0.017293997965412002 0.03272727272727273
1 0.44608341810783314 0.21545454545454545 0.021363173957273652 0.04181818181818182
1 0.4745676500508647 0.22 0.025432349949135298 0.04727272727272727
1 0.41759918616480163 0.14454545454545453 0.01525940996948118 0.03090909090909091
1 0.4420142421159715 0.1709090909090909 0.021363173957273652 0.03636363636363636
1 0.4643947100712106 0.14272727272727273 0.01525940996948118 0.038181818181818185
1 0.474059003051882 0.13727272727272727 0.01627670396744659 0.034545454545454546
1 0.48931841302136314 0.16818181818181818 0.02034587995930824 0.034545454545454546
1 0.49033570701932855 0.13272727272727272 0.012207527975584944 0.03272727272727273
1 0.5020345879959308 0.1481818181818182 0.01525940996948118 0.034545454545454546
1 0.5 0.11818181818181818 0.013224821973550356 0.025454545454545455
1 0.5157680569684638 0.13545454545454547 0.014242115971515767 0.03090909090909091
1 0.529501525940997 0.12545454545454546 0.013224821973550356 0.02909090909090909
1 0.5350966429298067 0.1618181818181818 0.014242115971515767 0.02909090909090909
1 0.5198372329603255 0.17363636363636364 0.018311291963377416 0.034545454545454546
1 0.5554425228891149 0.18 0.01627670396744659 0.03272727272727273
1 0.5615462868769074 0.1572727272727273 0.018311291963377416 0.02727272727272727
1 0.590030518819939 0.16454545454545455 0.01627670396744659 0.03090909090909091
1 0.5574771108850458 0.1190909090909091 0.014242115971515767 0.023636363636363636
1 0.5737538148524923 0.1190909090909091 0.012207527975584944 0.023636363636363636
1 0.5818921668362157 0.11090909090909092 0.014242115971515767 0.02181818181818182
1 0.5895218718209563 0.13363636363636364 0.01525940996948118 0.03090909090909091
1 0.5966429298067141 0.12 0.011190233977619531 0.02181818181818182
1 0.6174974567650051 0.13727272727272727 0.014242115971515767 0.03090909090909091
1 0.6139369277721262 0.10363636363636364 0.01525940996948118 0.02909090909090909
1 0.6337741607324516 0.11181818181818182 0.012207527975584944 0.02727272727272727
1 0.6576805696846388 0.09727272727272727 0.017293997965412002 0.034545454545454546
1 0.6800610376398779 0.09727272727272727 0.01525940996948118 0.02727272727272727
1 0.6856561546286877 0.11454545454545455 0.01627670396744659 0.02909090909090909
1 0.7136317395727365 0.09818181818181818 0.013224821973550356 0.02909090909090909
1 0.6602238046795523 0.13272727272727272 0.014242115971515767 0.03272727272727273
1 0.582909460834181 0.2390909090909091 0.022380467955239063 0.05272727272727273
1 0.5462868769074263 0.31727272727272726 0.03255340793489318 0.07090909090909091
1 0.4933875890132248 0.2927272727272727 0.03051881993896236 0.05818181818181818
1 0.5981688708036622 0.33454545454545453 0.028484231943031534 0.07272727272727272
1 0.6307222787385555 0.23454545454545456 0.024415055951169887 0.05454545454545454
1 0.6770091556459816 0.24909090909090909 0.023397761953204477 0.05454545454545454
1 0.6897253306205493 0.3090909090909091 0.028484231943031534 0.06545454545454546
1 0.7324516785350966 0.2881818181818182 0.022380467955239063 0.04909090909090909
1 0.7446592065106815 0.3972727272727273 0.03662258392675483 0.07818181818181819
1 0.8173957273652085 0.38545454545454544 0.03763987792472024 0.08363636363636363
1 0.7843336724313327 0.29363636363636364 0.028484231943031534 0.06
1 0.7690742624618514 0.22636363636363635 0.02034587995930824 0.045454545454545456
1 0.733468972533062 0.22727272727272727 0.024415055951169887 0.04727272727272727
1 0.7029501525940997 0.1918181818181818 0.02034587995930824 0.04181818181818182
1 0.6703967446592065 0.17727272727272728 0.024415055951169887 0.038181818181818185
1 0.6973550356052899 0.15363636363636363 0.017293997965412002 0.034545454545454546
1 0.7293997965412004 0.14727272727272728 0.01627670396744659 0.04
1 0.7466937945066124 0.12727272727272726 0.018311291963377416 0.04
1 0.7589013224821973 0.1690909090909091 0.018311291963377416 0.04
1 0.7899287894201424 0.13545454545454547 0.01525940996948118 0.03090909090909091
1 0.8016276703967447 0.15272727272727274 0.02034587995930824 0.03636363636363636
1 0.7970498474059002 0.21818181818181817 0.019328585961342827 0.04
1 0.8168870803662258 0.24909090909090909 0.024415055951169887 0.05454545454545454
1 0.8270600203458799 0.33454545454545453 0.028484231943031534 0.05454545454545454
1 0.8641912512716174 0.25181818181818183 0.021363173957273652 0.045454545454545456
1 0.8860630722278738 0.22181818181818183 0.02034587995930824 0.04363636363636364
1 0.9231943031536114 0.22363636363636363 0.017293997965412002 0.04727272727272727
1 0.9191251271617498 0.2772727272727273 0.025432349949135298 0.05272727272727273
1 0.9084435401831129 0.32545454545454544 0.024415055951169887 0.06181818181818182
1 0.875381485249237 0.39545454545454545 0.03560528992878942 0.07818181818181819
