1 0.07062500000000001 0.5572232645403377 0.12125 0.22889305816135083
1 0.14 0.5028142589118199 0.0725 0.15384615384615385
1 0.193125 0.3977485928705441 0.05375 0.08630393996247655
1 0.261875 0.41088180112570355 0.06375 0.1200750469043152
1 0.3375 0.40619136960600377 0.0375 0.07317073170731707
1 0.37375 0.4080675422138837 0.06 0.10694183864915573
1 0.4575 0.5487804878048781 0.09 0.14821763602251406
1 0.5337500000000001 0.6904315196998124 0.1575 0.2589118198874296
1 0.735 0.5093808630393997 0.0975 0.17073170731707318
1 0.92125 0.5656660412757973 0.15 0.3170731707317073
1 0.74 0.43902439024390244 0.0825 0.1125703564727955
1 0.67875 0.4399624765478424 0.055 0.11819887429643527
1 0.645625 0.41838649155722324 0.05625 0.09380863039399624
1 0.775625 0.3902439024390244 0.05375 0.07879924953095685
1 0.71875 0.2626641651031895 0.025 0.0450281425891182
1 0.644375 0.2654784240150094 0.02125 0.03564727954971857
1 0.56375 0.26360225140712945 0.02 0.043151969981238276
1 0.4925 0.27204502814258913 0.025 0.04127579737335835
1 0.403125 0.26360225140712945 0.02625 0.04690431519699812
1 0.32125 0.27861163227016883 0.0225 0.039399624765478425
1 0.51375 0.4896810506566604 0.0725 0.1125703564727955
1 0.558125 0.4090056285178236 0.04875 0.0975609756097561
1 0.500625 0.4333958724202627 0.051250000000000004 0.07879924953095685
1 0.505 0.3808630393996248 0.0425 0.06378986866791744
