1 0.17656373713380838 0.46652719665271963 0.047505938242280284 0.09344490934449093
1 0.23079968329374503 0.33403068340306835 0.015043547110055422 0.03207810320781032
1 0.2585114806017419 0.3417015341701534 0.01979414093428345 0.04184100418410042
1 0.28741092636579574 0.301952580195258 0.017418844022169436 0.03765690376569038
1 0.28068091844813936 0.3702928870292887 0.021377672209026127 0.043235704323570434
1 0.3321456848772763 0.3563458856345886 0.01979414093428345 0.046025104602510455
1 0.3511480601741884 0.31659693165969316 0.0166270783847981 0.03347280334728033
1 0.3491686460807601 0.2900976290097629 0.017418844022169436 0.030683403068340307
1 0.38756927949326997 0.31868898186889816 0.013460015835312747 0.03486750348675035
1 0.40300870942201106 0.3284518828451883 0.02058590657165479 0.03765690376569038
1 0.4026128266033254 0.2949790794979079 0.0166270783847981 0.03486750348675035
1 0.3990498812351544 0.27266387726638774 0.01583531274742676 0.026499302649930265
1 0.389944576405384 0.25523012552301255 0.015043547110055422 0.030683403068340307
1 0.4315122723673792 0.300557880055788 0.02058590657165479 0.043235704323570434
1 0.42082343626286617 0.2615062761506276 0.015043547110055422 0.029288702928870293
1 0.43626286619160726 0.2629009762900976 0.01583531274742676 0.03486750348675035
1 0.4647664291369754 0.29567642956764295 0.01583531274742676 0.02789400278940028
1 0.46239113222486145 0.25871687587168757 0.01583531274742676 0.03207810320781032
1 0.4513064133016627 0.24476987447698745 0.014251781472684084 0.026499302649930265
1 0.45961995249406173 0.23430962343096234 0.013460015835312747 0.02510460251046025
1 0.49129057798891523 0.3138075313807531 0.01979414093428345 0.03905160390516039
1 0.48733174980205857 0.26638772663877264 0.0166270783847981 0.03347280334728033
1 0.4972288202692003 0.2524407252440725 0.012668250197941409 0.02510460251046025
1 0.5075217735550277 0.27615062761506276 0.01583531274742676 0.03347280334728033
1 0.5091053048297703 0.2412831241283124 0.012668250197941409 0.030683403068340307
1 0.5217735550277117 0.24476987447698745 0.01583531274742676 0.03765690376569038
1 0.5550277117973079 0.21896792189679218 0.012668250197941409 0.02510460251046025
1 0.5613618368962787 0.23640167364016734 0.014251781472684084 0.026499302649930265
1 0.566904196357878 0.25592747559274753 0.012668250197941409 0.03207810320781032
1 0.5902612826603325 0.23919107391910738 0.011876484560570071 0.029288702928870293
1 0.5886777513855899 0.2196652719665272 0.011876484560570071 0.023709902370990237
1 0.5997624703087886 0.20432357043235705 0.013460015835312747 0.026499302649930265
1 0.6120348376880443 0.21617852161785214 0.012668250197941409 0.02510460251046025
1 0.6247030878859857 0.24686192468619245 0.014251781472684084 0.030683403068340307
1 0.6512272367379256 0.2105997210599721 0.015043547110055422 0.030683403068340307
1 0.6571654790182105 0.22733612273361226 0.012668250197941409 0.02789400278940028
1 0.6682501979414093 0.22524407252440726 0.012668250197941409 0.029288702928870293
1 0.5245447347585115 0.35495118549511856 0.026128266033254157 0.05718270571827057
1 0.49564528899445764 0.37587168758716877 0.026920031670625493 0.06276150627615062
1 0.5368171021377672 0.396792189679219 0.030087094220110844 0.05160390516039051
1 0.5787806809184481 0.38005578800557877 0.02850356294536817 0.05439330543933054
1 0.5827395091053048 0.32566248256624825 0.02058590657165479 0.046025104602510455
1 0.5423594615993665 0.27684797768479774 0.01583531274742676 0.03207810320781032
1 0.5997624703087886 0.4211994421199442 0.026128266033254157 0.061366806136680614
1 0.6250989707046714 0.4525801952580195 0.03721298495645289 0.07391910739191074
1 0.6512272367379256 0.3647140864714086 0.026128266033254157 0.048814504881450484
1 0.6310372129849564 0.33542538354253837 0.023752969121140142 0.046025104602510455
1 0.6179730799683294 0.301952580195258 0.01979414093428345 0.043235704323570434
1 0.6532066508313539 0.27684797768479774 0.019002375296912115 0.03765690376569038
1 0.6773555027711797 0.34867503486750345 0.021377672209026127 0.058577405857740586
1 0.6892319873317497 0.50697350069735 0.04038004750593824 0.08228730822873082
1 0.7062549485352335 0.39748953974895396 0.030087094220110844 0.05578800557880056
1 0.7660332541567696 0.4198047419804742 0.02929532858273951 0.05578800557880056
1 0.7806809184481394 0.4909344490934449 0.03483768804433887 0.06694560669456066
1 0.8242280285035629 0.43444909344490934 0.025336500395882817 0.06276150627615062
1 0.83729216152019 0.3702928870292887 0.024544734758511478 0.05160390516039051
1 0.7933491686460807 0.35774058577405854 0.023752969121140142 0.048814504881450484
1 0.895882818685669 0.4616457461645746 0.03246239113222486 0.06415620641562064
1 0.8891528107680127 0.3919107391910739 0.026920031670625493 0.05299860529986053
1 0.901821060965954 0.3507670850767085 0.019002375296912115 0.040446304044630406
1 0.8756927949326999 0.32566248256624825 0.022169437846397466 0.046025104602510455
1 0.844418052256532 0.33263598326359833 0.01979414093428345 0.043235704323570434
1 0.8163103721298495 0.30404463040446306 0.022169437846397466 0.044630404463040445
1 0.7917656373713381 0.29916317991631797 0.019002375296912115 0.03765690376569038
1 0.7961203483768804 0.2733612273361227 0.018210609659540775 0.03626220362622036
1 0.7905779889152811 0.24616457461645747 0.0166270783847981 0.03207810320781032
1 0.7632620744259698 0.2615062761506276 0.01583531274742676 0.03207810320781032
1 0.7596991290577989 0.23640167364016734 0.015043547110055422 0.029288702928870293
1 0.7395091053048297 0.28312412831241285 0.017418844022169436 0.03905160390516039
1 0.730799683293745 0.2629009762900976 0.012668250197941409 0.029288702928870293
1 0.7458432304038004 0.2608089260808926 0.012668250197941409 0.030683403068340307
1 0.7300079176563736 0.23221757322175732 0.014251781472684084 0.03207810320781032
1 0.7102137767220902 0.24965132496513248 0.01583531274742676 0.03347280334728033
1 0.6939825811559778 0.301952580195258 0.01979414093428345 0.03765690376569038
1 0.6872525732383215 0.24965132496513248 0.01583531274742676 0.03347280334728033
1 0.8190815518606492 0.25732217573221755 0.015043547110055422 0.03486750348675035
1 0.8305621536025336 0.2705718270571827 0.014251781472684084 0.03626220362622036
1 0.84916864608076 0.25592747559274753 0.013460015835312747 0.03765690376569038
1 0.8677751385589865 0.2740585774058577 0.017418844022169436 0.03765690376569038
1 0.9053840063341251 0.305439330543933 0.015043547110055422 0.02789400278940028
1 0.9093428345209817 0.2796373779637378 0.013460015835312747 0.023709902370990237
