1 0.12246621621621623 0.5615050651230101 0.04054054054054054 0.0752532561505065
1 0.8378378378378379 0.5224312590448624 0.028716216216216218 0.0752532561505065
1 0.7221283783783784 0.5267727930535455 0.04054054054054054 0.0752532561505065
1 0.5540540540540541 0.43198263386396524 0.02195945945945946 0.04486251808972503
1 0.6043074324324325 0.46816208393632414 0.03293918918918919 0.06512301013024602
1 0.6524493243243243 0.4855282199710564 0.03800675675675676 0.07959479015918958
1 0.9594594594594595 0.28654124457308244 0.015202702702702704 0.03183791606367583
1 0.8990709459459459 0.268451519536903 0.01266891891891892 0.03328509406657019
1 0.8602195945945946 0.2648335745296671 0.0160472972972973 0.026049204052098405
1 0.8272804054054055 0.25470332850940663 0.01266891891891892 0.03183791606367583
1 0.7985641891891893 0.24819102749638203 0.0160472972972973 0.030390738060781474
1 0.7614020270270271 0.24529667149059334 0.014358108108108109 0.030390738060781474
1 0.6887668918918919 0.22069464544138928 0.01097972972972973 0.02460202604920405
1 0.6123310810810811 0.2170767004341534 0.010135135135135136 0.026049204052098405
1 0.5663006756756757 0.23661360347322719 0.01097972972972973 0.03328509406657019
1 0.5802364864864865 0.2329956584659913 0.013513513513513514 0.026049204052098405
1 0.6423141891891893 0.2228654124457308 0.01266891891891892 0.026049204052098405
1 0.6516047297297297 0.23589001447178 0.017736486486486486 0.02894356005788712
1 0.7200168918918919 0.2619392185238784 0.01942567567567568 0.03183791606367583
1 0.7474662162162162 0.26338639652677276 0.013513513513513514 0.03473227206946454
1 0.6545608108108109 0.268451519536903 0.016891891891891893 0.030390738060781474
1 0.5950168918918919 0.24746743849493485 0.014358108108108109 0.026049204052098405
1 0.8002533783783784 0.2988422575976845 0.0160472972972973 0.04196816208393632
1 0.8319256756756758 0.3147612156295224 0.02195945945945946 0.03907380607814761
1 0.8623310810810811 0.33212735166425467 0.015202702702702704 0.04196816208393632
1 0.8897804054054055 0.3502170767004341 0.01266891891891892 0.04052098408104197
1 0.8821790540540541 0.2821997105643994 0.014358108108108109 0.026049204052098405
1 0.9134290540540541 0.29015918958031833 0.017736486486486486 0.03907380607814761
1 0.90625 0.33212735166425467 0.018581081081081082 0.04486251808972503
1 0.9341216216216217 0.34370477568740954 0.016891891891891893 0.030390738060781474
1 0.9535472972972974 0.32416787264833574 0.015202702702702704 0.03183791606367583
1 0.9332770270270271 0.3133140376266281 0.02027027027027027 0.0361794500723589
1 0.9527027027027027 0.37192474674384945 0.018581081081081082 0.03762662807525325
1 0.7098817567567568 0.3104196816208393 0.021114864864864864 0.03907380607814761
1 0.6824324324324325 0.3060781476121563 0.015202702702702704 0.0361794500723589
1 0.6499155405405406 0.3140376266280752 0.02787162162162162 0.03762662807525325
1 0.59375 0.2850940665701881 0.016891891891891893 0.02894356005788712
1 0.6186655405405406 0.25976845151953687 0.014358108108108109 0.027496382054992764
1 0.5177364864864865 0.2727930535455861 0.011824324324324325 0.02460202604920405
1 0.47466216216216217 0.25180897250361794 0.02027027027027027 0.026049204052098405
1 0.5557432432432433 0.2612156295224312 0.018581081081081082 0.03328509406657019
1 0.5548986486486487 0.2973950795947901 0.018581081081081082 0.03328509406657019
1 0.39907094594594594 0.27062228654124454 0.014358108108108109 0.03473227206946454
1 0.43412162162162166 0.2727930535455861 0.015202702702702704 0.02460202604920405
1 0.4704391891891892 0.29088277858176553 0.018581081081081082 0.026049204052098405
1 0.4831081081081081 0.3219971056439942 0.02364864864864865 0.027496382054992764
1 0.5185810810810811 0.3350217076700434 0.02027027027027027 0.030390738060781474
1 0.35895270270270274 0.30680173661360344 0.02195945945945946 0.026049204052098405
1 0.2892736486486487 0.321273516642547 0.01942567567567568 0.026049204052098405
1 0.23057432432432434 0.34949348769898697 0.018581081081081082 0.030390738060781474
1 0.265625 0.35672937771345875 0.01942567567567568 0.04196816208393632
1 0.33868243243243246 0.3668596237337192 0.02702702702702703 0.05643994211287988
1 0.41385135135135137 0.3465991316931982 0.02195945945945946 0.04775687409551375
1 0.44890202702702703 0.34876989869753977 0.01942567567567568 0.04052098408104197
1 0.5523648648648649 0.374095513748191 0.02195945945945946 0.04196816208393632
1 0.4877533783783784 0.4196816208393632 0.026182432432432436 0.0492040520984081
1 0.6097972972972974 0.394356005788712 0.02702702702702703 0.05065123010130246
1 0.6114864864864865 0.34298118668596234 0.02364864864864865 0.03473227206946454
1 0.6634290540540541 0.38494934876989867 0.02787162162162162 0.04052098408104197
1 0.7027027027027027 0.3813314037626628 0.02027027027027027 0.0361794500723589
1 0.7390202702702703 0.4138929088277858 0.028716216216216218 0.0492040520984081
1 0.8032094594594595 0.4435600578871201 0.030405405405405407 0.06222865412445731
1 0.8298141891891893 0.374095513748191 0.029560810810810814 0.04775687409551375
1 0.8771114864864865 0.4059334298118668 0.02787162162162162 0.06512301013024602
1 0.9425675675675677 0.4782923299565846 0.030405405405405407 0.06222865412445731
1 0.4125844594594595 0.31548480463096956 0.024493243243243243 0.04341534008683068
1 0.4286317567567568 0.3096960926193922 0.021114864864864864 0.04052098408104197
1 0.5337837837837838 0.2930535455861071 0.02533783783783784 0.04775687409551375
1 0.6883445945945946 0.24384949348769897 0.016891891891891893 0.030390738060781474
1 0.3581081081081081 0.3465991316931982 0.016891891891891893 0.04196816208393632
1 0.53125 0.2648335745296671 0.016891891891891893 0.03183791606367583
