1 0.16777777777777778 0.6583333333333333 0.028888888888888888 0.043333333333333335
1 0.2877777777777778 0.6583333333333333 0.03333333333333333 0.043333333333333335
1 0.4077777777777778 0.6583333333333333 0.028888888888888888 0.05
1 0.5088888888888888 0.655 0.03111111111111111 0.05666666666666667
1 0.6133333333333333 0.66 0.026666666666666665 0.060000000000000005
1 0.71 0.6583333333333333 0.03777777777777778 0.05666666666666667
1 0.8533333333333333 0.5683333333333334 0.03111111111111111 0.06333333333333334
1 0.79 0.8416666666666667 0.051111111111111114 0.05666666666666667
1 0.7755555555555556 0.8700000000000001 0.035555555555555556 0.05333333333333334
1 0.7433333333333333 0.88 0.04666666666666667 0.06666666666666667
1 0.6944444444444444 0.9283333333333333 0.051111111111111114 0.07
1 0.63 0.9466666666666668 0.08666666666666667 0.09333333333333334
1 0.68 0.8366666666666667 0.04 0.05333333333333334
1 0.5377777777777778 0.8583333333333334 0.04 0.05666666666666667
1 0.49777777777777776 0.8600000000000001 0.044444444444444446 0.060000000000000005
1 0.46 0.8450000000000001 0.04 0.06333333333333334
1 0.45111111111111113 0.9116666666666667 0.05333333333333333 0.07666666666666667
1 0.5111111111111111 0.9433333333333334 0.06222222222222222 0.08666666666666667
1 0.3511111111111111 0.91 0.07111111111111111 0.07333333333333333
1 0.3844444444444444 0.8683333333333334 0.044444444444444446 0.07
1 0.37777777777777777 0.8300000000000001 0.04 0.06666666666666667
1 0.3433333333333333 0.8300000000000001 0.051111111111111114 0.08
1 0.29888888888888887 0.8300000000000001 0.03777777777777778 0.060000000000000005
1 0.26555555555555554 0.8633333333333334 0.04666666666666667 0.07333333333333333
1 0.19777777777777777 0.8933333333333334 0.06666666666666667 0.10666666666666667
1 0.20555555555555555 0.8383333333333334 0.042222222222222223 0.07666666666666667
1 0.14222222222222222 0.8433333333333334 0.04888888888888889 0.08
1 0.11444444444444445 0.8133333333333334 0.04666666666666667 0.07333333333333333
1 0.05444444444444444 0.9333333333333333 0.06444444444444444 0.10666666666666667
1 0.027777777777777776 0.8366666666666667 0.051111111111111114 0.08666666666666667
1 0.06333333333333334 0.8750000000000001 0.051111111111111114 0.07666666666666667
