1 0.022 0.5613333333333334 0.042 0.07466666666666666
1 0.043000000000000003 0.40399999999999997 0.026000000000000002 0.03733333333333333
1 0.088 0.44 0.026000000000000002 0.042666666666666665
1 0.1385 0.5633333333333334 0.047 0.06
1 0.17300000000000001 0.47733333333333333 0.038 0.05333333333333333
1 0.20700000000000002 0.4106666666666667 0.018000000000000002 0.034666666666666665
1 0.2215 0.538 0.035 0.05733333333333333
1 0.2955 0.434 0.023 0.03866666666666667
1 0.3525 0.42266666666666663 0.019 0.032
1 0.372 0.476 0.026000000000000002 0.034666666666666665
1 0.41050000000000003 0.4593333333333333 0.021 0.036
1 0.463 0.5266666666666666 0.028 0.042666666666666665
1 0.4645 0.47866666666666663 0.019 0.032
1 0.5455 0.45866666666666667 0.021 0.032
1 0.5535 0.47866666666666663 0.023 0.034666666666666665
1 0.5895 0.51 0.027 0.04133333333333333
1 0.5535 0.528 0.029 0.04533333333333333
1 0.522 0.6046666666666667 0.04 0.04933333333333333
1 0.435 0.6486666666666666 0.048 0.08133333333333333
1 0.74 0.5766666666666667 0.04 0.06
1 0.6930000000000001 0.5233333333333333 0.026000000000000002 0.044
1 0.614 0.5793333333333334 0.038 0.052
1 0.89 0.5286666666666666 0.028 0.03866666666666667
1 0.9480000000000001 0.5073333333333333 0.062 0.076
