1 0.9006499535747446 0.22240802675585283 0.012999071494893221 0.033444816053511704
1 0.8918291550603529 0.24414715719063546 0.013927576601671309 0.03678929765886287
1 0.9243268337975858 0.2491638795986622 0.015784586815227482 0.04013377926421405
1 0.8217270194986073 0.2516722408026756 0.018570102135561747 0.048494983277591976
1 0.7618384401114207 0.13127090301003344 0.01021355617455896 0.03511705685618729
1 0.77669452181987 0.13795986622073578 0.012070566388115135 0.03177257525083612
1 0.5872794800371403 0.061036789297658864 0.01021355617455896 0.021739130434782608
1 0.6262766945218199 0.12876254180602006 0.012070566388115135 0.030100334448160536
1 0.649025069637883 0.11872909698996656 0.011142061281337047 0.026755852842809364
1 0.6453110492107706 0.13795986622073578 0.012999071494893221 0.028428093645484948
1 0.595636025998143 0.22240802675585283 0.017641597028783658 0.05016722408026756
1 0.41318477251624885 0.2157190635451505 0.016713091922005572 0.03678929765886287
