1 0.11017740429505136 0.5579470198675497 0.05788982259570495 0.10596026490066225
1 0.25210084033613445 0.2706953642384106 0.01680672268907563 0.0380794701986755
1 0.2717086834733894 0.2781456953642384 0.02054154995331466 0.039735099337748346
1 0.30018674136321194 0.2731788079470199 0.0196078431372549 0.03642384105960265
1 0.34873949579831937 0.271523178807947 0.021475256769374416 0.039735099337748346
1 0.37488328664799253 0.2723509933774834 0.0196078431372549 0.041390728476821195
1 0.3912231559290383 0.29635761589403975 0.026143790849673203 0.04966887417218543
1 0.30765639589169 0.23758278145695363 0.0196078431372549 0.0347682119205298
1 0.33099906629318393 0.2359271523178808 0.0196078431372549 0.0380794701986755
1 0.353874883286648 0.23509933774834438 0.02054154995331466 0.039735099337748346
1 0.38188608776844074 0.23013245033112584 0.018674136321195144 0.039735099337748346
1 0.4351073762838469 0.25579470198675497 0.022408963585434174 0.04470198675496689
1 0.3772175536881419 0.18625827814569537 0.013071895424836602 0.03145695364238411
1 0.3865546218487395 0.19701986754966888 0.014939309056956116 0.029801324503311258
1 0.41876750700280113 0.1986754966887417 0.015873015873015872 0.033112582781456956
1 0.44257703081232497 0.1986754966887417 0.018674136321195144 0.033112582781456956
1 0.44257703081232497 0.1771523178807947 0.01680672268907563 0.029801324503311258
1 0.4719887955182073 0.2367549668874172 0.021475256769374416 0.046357615894039736
1 0.4831932773109244 0.20447019867549668 0.021475256769374416 0.041390728476821195
1 0.4607843137254902 0.15480132450331127 0.015873015873015872 0.03145695364238411
1 0.4803921568627451 0.14486754966887416 0.014005602240896359 0.028145695364238412
1 0.5084033613445378 0.1763245033112583 0.017740429505135387 0.03145695364238411
1 0.5354808590102708 0.19039735099337748 0.017740429505135387 0.039735099337748346
1 0.530812324929972 0.17466887417218543 0.015873015873015872 0.03145695364238411
1 0.5602240896358543 0.15314569536423842 0.013071895424836602 0.028145695364238412
1 0.5639589169000934 0.12582781456953643 0.013071895424836602 0.029801324503311258
1 0.5938375350140056 0.12748344370860928 0.011204481792717087 0.029801324503311258
1 0.6143790849673203 0.12582781456953643 0.013071895424836602 0.029801324503311258
1 0.5947712418300654 0.15066225165562913 0.013071895424836602 0.033112582781456956
1 0.5700280112044818 0.1837748344370861 0.017740429505135387 0.039735099337748346
1 0.5765639589169002 0.22019867549668873 0.0196078431372549 0.04966887417218543
1 0.6185807656395892 0.1490066225165563 0.014005602240896359 0.033112582781456956
1 0.6335200746965454 0.14321192052980133 0.014005602240896359 0.0347682119205298
1 0.6718020541549954 0.12665562913907286 0.015873015873015872 0.028145695364238412
1 0.6811391223155929 0.1630794701986755 0.015873015873015872 0.041390728476821195
1 0.7203548085901027 0.14072847682119205 0.014005602240896359 0.03642384105960265
1 0.7553688141923436 0.14486754966887416 0.014939309056956116 0.03145695364238411
1 0.7558356676003736 0.13327814569536423 0.015873015873015872 0.028145695364238412
1 0.7689075630252101 0.1630794701986755 0.017740429505135387 0.0347682119205298
1 0.7875816993464053 0.15811258278145696 0.014005602240896359 0.0380794701986755
1 0.7978524743230626 0.18294701986754966 0.0196078431372549 0.041390728476821195
1 0.8319327731092437 0.15894039735099338 0.01680672268907563 0.029801324503311258
1 0.8473389355742297 0.16556291390728478 0.017740429505135387 0.039735099337748346
1 0.8930905695611578 0.16804635761589404 0.015873015873015872 0.03145695364238411
1 0.8916900093370682 0.1597682119205298 0.014939309056956116 0.03145695364238411
1 0.8440709617180205 0.19619205298013245 0.018674136321195144 0.04470198675496689
1 0.8846872082166201 0.1945364238410596 0.017740429505135387 0.048013245033112585
1 0.9066293183940243 0.24089403973509935 0.018674136321195144 0.048013245033112585
1 0.9276377217553688 0.2640728476821192 0.02334267040149393 0.057947019867549666
1 0.8473389355742297 0.2433774834437086 0.025210084033613446 0.059602649006622516
1 0.8468720821661998 0.29635761589403975 0.028011204481792718 0.059602649006622516
1 0.7749766573295985 0.2077814569536424 0.02054154995331466 0.048013245033112585
1 0.7563025210084034 0.2359271523178808 0.026143790849673203 0.054635761589403975
1 0.7721755368814193 0.2764900662251656 0.028011204481792718 0.06291390728476821
1 0.7142857142857143 0.2806291390728477 0.022408963585434174 0.06456953642384106
1 0.6680672268907564 0.26572847682119205 0.02334267040149393 0.057947019867549666
1 0.6106442577030813 0.2706953642384106 0.026143790849673203 0.057947019867549666
1 0.6181139122315593 0.30132450331125826 0.028011204481792718 0.056291390728476824
1 0.5821661998132587 0.2947019867549669 0.02707749766573296 0.056291390728476824
1 0.6227824463118581 0.21274834437086093 0.02054154995331466 0.041390728476821195
1 0.6680672268907564 0.22350993377483444 0.02334267040149393 0.04966887417218543
1 0.7012138188608777 0.23427152317880795 0.026143790849673203 0.054635761589403975
1 0.7058823529411765 0.19205298013245034 0.018674136321195144 0.04304635761589404
1 0.7278244631185808 0.2077814569536424 0.0196078431372549 0.048013245033112585
1 0.503734827264239 0.2947019867549669 0.028944911297852476 0.056291390728476824
