1 0.20816733067729085 0.35152057245080504 0.0398406374501992 0.06618962432915922
1 0.1892430278884462 0.24865831842576028 0.021912350597609563 0.042933810375670844
1 0.21215139442231076 0.24329159212880144 0.021912350597609563 0.046511627906976744
1 0.34113545816733065 0.2146690518783542 0.018924302788844622 0.03935599284436494
1 0.4243027888446215 0.22093023255813954 0.0199203187250996 0.04114490161001789
1 0.45766932270916333 0.19856887298747763 0.02091633466135458 0.042933810375670844
1 0.4820717131474104 0.2298747763864043 0.021912350597609563 0.04830053667262969
1 0.49203187250996017 0.1806797853309481 0.0199203187250996 0.03577817531305903
1 0.546812749003984 0.19051878354203935 0.0199203187250996 0.044722719141323794
1 0.5901394422310757 0.16368515205724507 0.018924302788844622 0.03756708407871199
1 0.6205179282868526 0.1368515205724508 0.01593625498007968 0.03041144901610018
1 0.6145418326693227 0.23613595706618962 0.021912350597609563 0.05008944543828265
1 0.7216135458167331 0.28622540250447226 0.02888446215139442 0.06082289803220036
1 0.8396414342629482 0.34347048300536676 0.02589641434262948 0.05366726296958855
1 0.8331673306772909 0.2262969588550984 0.018924302788844622 0.044722719141323794
1 0.922808764940239 0.2844364937388193 0.02091633466135458 0.03935599284436494
1 0.8869521912350598 0.11985688729874776 0.01294820717131474 0.03577817531305903
1 0.9317729083665338 0.15742397137745975 0.014940239043824702 0.03220035778175313
