1 0.03288958496476116 0.39774330042313116 0.023492560689115115 0.045133991537376586
1 0.23805794831636648 0.33638928067700985 0.015661707126076743 0.03244005641748942
1 0.25606891151135475 0.34837799717912554 0.020360219263899765 0.039492242595204514
1 0.2823022709475333 0.30606488011283495 0.01644479248238058 0.031029619181946404
1 0.28543461237274864 0.3603667136812412 0.01957713390759593 0.04090267983074753
1 0.3241973375097886 0.36600846262341324 0.02192638997650744 0.04372355430183357
1 0.34690681284259983 0.3229901269393512 0.017227877838684416 0.03385049365303244
1 0.34925606891151134 0.29619181946403383 0.015661707126076743 0.031029619181946404
1 0.37470634299138605 0.3328631875881523 0.014878621769772905 0.028208744710860365
1 0.3997650743931088 0.33779971791255287 0.018010963194988253 0.03244005641748942
1 0.40015661707126077 0.3011283497884344 0.014095536413469069 0.02679830747531735
1 0.379796397807361 0.2630465444287729 0.012529365700861394 0.03244005641748942
1 0.40054815974941266 0.2630465444287729 0.011746280344557557 0.02679830747531735
1 0.42756460454189504 0.3025387870239774 0.014095536413469069 0.03244005641748942
1 0.4291307752545027 0.26657263751763044 0.014095536413469069 0.031029619181946404
1 0.41464369616288177 0.2545839210155148 0.011746280344557557 0.029619181946403384
1 0.418167580266249 0.27150916784203105 0.009397024275646045 0.023977433004231313
1 0.4573218480814409 0.30888575458392104 0.015661707126076743 0.031029619181946404
1 0.4177760375880971 0.30465444287729193 0.010180109631949883 0.028208744710860365
1 0.45418950665622554 0.23413258110014104 0.012529365700861394 0.022566995768688293
1 0.4404855129209084 0.2538787023977433 0.010180109631949883 0.02538787023977433
1 0.49686765857478465 0.27080394922425954 0.014878621769772905 0.028208744710860365
1 0.49099451840250585 0.2545839210155148 0.01096319498825372 0.02679830747531735
1 0.4984338292873923 0.2454160789844852 0.01331245105716523 0.028208744710860365
1 0.5199686765857479 0.25105782792665726 0.015661707126076743 0.03385049365303244
1 0.5477682067345341 0.22284908321579688 0.011746280344557557 0.022566995768688293
1 0.5559906029757243 0.20521861777150915 0.014095536413469069 0.029619181946403384
1 0.5567736883320282 0.25881523272214385 0.012529365700861394 0.029619181946403384
1 0.5606891151135474 0.27926657263751764 0.015661707126076743 0.031029619181946404
1 0.5113547376664056 0.29830747531734836 0.017227877838684416 0.03244005641748942
1 0.4898198903680501 0.32016925246826516 0.018010963194988253 0.039492242595204514
1 0.48472983555207516 0.3921015514809591 0.025058731401722788 0.05077574047954866
1 0.5270164447924823 0.4083215796897038 0.023492560689115115 0.05218617771509168
1 0.519577133907596 0.36671368124118475 0.02427564604541895 0.05077574047954866
1 0.5794831636648394 0.3222849083215797 0.020360219263899765 0.04372355430183357
1 0.5888801879404855 0.3603667136812412 0.020360219263899765 0.04372355430183357
1 0.5892717306186375 0.4301833568406206 0.028974158183241974 0.06488011283497884
1 0.6503523884103367 0.44499294781382226 0.0274079874706343 0.06629055007052186
1 0.6374314800313234 0.3716502115655853 0.028191072826938137 0.05500705218617771
1 0.6272513703993735 0.3328631875881523 0.017227877838684416 0.036671368124118475
1 0.6147220046985121 0.29760225669957685 0.01879404855129209 0.04231311706629055
1 0.5861393891934221 0.24330042313117065 0.01331245105716523 0.023977433004231313
1 0.5892717306186375 0.22284908321579688 0.010180109631949883 0.022566995768688293
1 0.5935787000783085 0.20874471086036672 0.01096319498825372 0.022566995768688293
1 0.6080657791699295 0.2143864598025388 0.011746280344557557 0.02538787023977433
1 0.6166797180892717 0.2306064880112835 0.011746280344557557 0.02679830747531735
1 0.6229444009397024 0.2454160789844852 0.010180109631949883 0.02538787023977433
1 0.6354737666405639 0.21861777150916784 0.011746280344557557 0.02538787023977433
1 0.6452623335943618 0.2306064880112835 0.01096319498825372 0.02679830747531735
1 0.6574001566170713 0.22919605077574048 0.011746280344557557 0.03526093088857546
1 0.6789350039154268 0.24894217207334274 0.015661707126076743 0.03526093088857546
1 0.6534847298355521 0.26939351198871647 0.014878621769772905 0.03385049365303244
1 0.6769772905246672 0.2912552891396333 0.01957713390759593 0.04372355430183357
1 0.6996867658574785 0.28702397743300423 0.018010963194988253 0.03244005641748942
1 0.7043852779953015 0.26022566995768687 0.01644479248238058 0.03526093088857546
1 0.7208300704776821 0.24964739069111425 0.01331245105716523 0.022566995768688293
1 0.7192638997650744 0.2249647390691114 0.01331245105716523 0.02679830747531735
1 0.7529365700861393 0.24330042313117065 0.01644479248238058 0.029619181946403384
1 0.7478465152701644 0.2637517630465444 0.014095536413469069 0.028208744710860365
1 0.7392325763508223 0.28913963328631875 0.014095536413469069 0.031029619181946404
1 0.6675802662490211 0.3533145275035261 0.01957713390759593 0.05218617771509168
1 0.7075176194205168 0.39633286318758815 0.025841816758026624 0.047954866008462625
1 0.6914643696162882 0.47461212976022565 0.03288958496476116 0.07475317348377997
1 0.7654659357870007 0.4104372355430183 0.0274079874706343 0.0535966149506347
1 0.7889584964761159 0.5141043723554302 0.03210649960845732 0.06346967559943582
1 0.812451057165231 0.4379407616361072 0.028974158183241974 0.06346967559943582
1 0.7807361002349256 0.35895627644569816 0.01879404855129209 0.05218617771509168
1 0.7858261550509006 0.3018335684062059 0.018010963194988253 0.036671368124118475
1 0.7862176977290525 0.28138222849083216 0.015661707126076743 0.02679830747531735
1 0.7799530148786218 0.25176304654442877 0.017227877838684416 0.03526093088857546
1 0.8065779169929522 0.2609308885754584 0.012529365700861394 0.03385049365303244
1 0.8230227094753328 0.26727785613540195 0.012529365700861394 0.03244005641748942
1 0.8277212216131559 0.29055007052186177 0.014095536413469069 0.031029619181946404
1 0.841033672670321 0.25811001410437234 0.012529365700861394 0.028208744710860365
1 0.8136256851996868 0.3131170662905501 0.01879404855129209 0.03385049365303244
1 0.8042286609240408 0.33638928067700985 0.017227877838684416 0.03808180535966149
1 0.8285043069694596 0.3716502115655853 0.023492560689115115 0.05218617771509168
1 0.8382928739232577 0.3420310296191819 0.01644479248238058 0.04372355430183357
1 0.8563038371182459 0.3215796897038082 0.014878621769772905 0.036671368124118475
1 0.8621769772905247 0.28067700987306066 0.014095536413469069 0.03385049365303244
1 0.8962411902897416 0.2912552891396333 0.018010963194988253 0.029619181946403384
1 0.8794048551292091 0.31805359661495064 0.015661707126076743 0.03244005641748942
1 0.8868441660140955 0.3511988716502116 0.01644479248238058 0.039492242595204514
1 0.874706342991386 0.3906911142454161 0.020360219263899765 0.045133991537376586
1 0.8782302270947533 0.4421720733427362 0.030540328895849646 0.06346967559943582
