1 0.78 0.22905027932960895 0.304 0.4301675977653631
1 0.457 0.4916201117318436 0.094 0.1452513966480447
1 0.291 0.5810055865921788 0.11800000000000001 0.18994413407821228
1 0.116 0.44832402234636876 0.084 0.12011173184357542
1 0.028 0.38547486033519557 0.052000000000000005 0.1005586592178771
1 0.07100000000000001 0.31424581005586594 0.054 0.07541899441340782
1 0.149 0.33379888268156427 0.058 0.08100558659217877
1 0.188 0.3156424581005587 0.044 0.0782122905027933
1 0.274 0.39664804469273746 0.064 0.10614525139664804
1 0.274 0.3324022346368715 0.044 0.0782122905027933
1 0.26 0.2946927374301676 0.04 0.05865921787709497
1 0.36 0.31424581005586594 0.044 0.06983240223463687
1 0.375 0.38687150837988826 0.062 0.09776536312849163
1 0.368 0.2597765363128492 0.032 0.05027932960893855
1 0.41300000000000003 0.27932960893854747 0.034 0.06145251396648045
1 0.444 0.2597765363128492 0.028 0.0558659217877095
1 0.487 0.3645251396648045 0.05 0.08100558659217877
1 0.498 0.2709497206703911 0.036000000000000004 0.06145251396648045
1 0.602 0.28491620111731847 0.036000000000000004 0.0670391061452514
