1 0.013396375098502758 0.44714964370546323 0.0252167060677699 0.07957244655581948
1 0.07210401891252956 0.4750593824228029 0.021276595744680854 0.03800475059382423
1 0.04688731284475966 0.4602137767220903 0.011820330969267141 0.032066508313539195
1 0.055949566587864465 0.47030878859857483 0.01260835303388495 0.023752969121140145
1 0.0925925925925926 0.5623515439429929 0.029156816390858944 0.060570071258907364
1 0.11899133175728921 0.6573634204275535 0.055161544523246654 0.08432304038004751
1 0.15681639085894405 0.6864608076009502 0.06146572104018913 0.1306413301662708
1 0.18006304176516943 0.5973871733966746 0.0338849487785658 0.07125890736342043
1 0.18833727344365644 0.5546318289786224 0.0252167060677699 0.045130641330166275
1 0.21513002364066194 0.5665083135391924 0.028368794326241138 0.052256532066508314
1 0.33018124507486213 0.6745843230403801 0.04885736800630418 0.0831353919239905
1 0.31639085894405045 0.6300475059382423 0.04964539007092199 0.07244655581947744
1 0.28959810874704495 0.5564133016627079 0.021276595744680854 0.039192399049881234
1 0.3195429472025217 0.5617577197149644 0.02600472813238771 0.04750593824228029
1 0.3833727344365642 0.4495249406175772 0.04491725768321513 0.07482185273159145
1 0.42277383766745474 0.5498812351543944 0.02285263987391647 0.040380047505938245
1 0.48581560283687947 0.6116389548693587 0.04018912529550828 0.06888361045130642
1 0.4869976359338062 0.5665083135391924 0.0252167060677699 0.035629453681710214
1 0.5027580772261624 0.5391923990498813 0.0252167060677699 0.04275534441805226
1 0.5397951142631994 0.581353919239905 0.0252167060677699 0.039192399049881234
1 0.5610717100078803 0.6383610451306414 0.047281323877068564 0.08432304038004751
1 0.5606776989755714 0.5380047505938242 0.02285263987391647 0.03800475059382423
1 0.5791962174940899 0.5528503562945368 0.02206461780929866 0.036817102137767226
1 0.6174152876280536 0.5570071258907364 0.030732860520094565 0.0498812351543943
1 0.6516942474389283 0.5985748218527316 0.04412923561859732 0.061757719714964375
1 0.6769109535066983 0.5492874109263658 0.026792750197005517 0.039192399049881234
1 0.710795902285264 0.6086698337292161 0.039401103230890466 0.0653206650831354
1 0.7194641449960599 0.5475059382422803 0.0252167060677699 0.04750593824228029
1 0.7454688731284477 0.5795724465558195 0.026792750197005517 0.045130641330166275
1 0.8305752561071711 0.5985748218527316 0.03467297084318361 0.057007125890736345
1 0.8459416863672183 0.571852731591449 0.029156816390858944 0.043942992874109264
1 0.9440504334121356 0.586104513064133 0.03309692671394799 0.05106888361045131
