1 0.20123691722169362 0.4586092715231788 0.05423406279733587 0.09933774834437085
1 0.2592768791627022 0.42632450331125826 0.048525214081826834 0.10430463576158941
1 0.23739295908658423 0.23841059602649006 0.02378686964795433 0.046357615894039736
1 0.3558515699333968 0.26903973509933776 0.019029495718363463 0.04470198675496689
1 0.3744053282588012 0.2599337748344371 0.019980970504281638 0.039735099337748346
1 0.4267364414843007 0.2293046357615894 0.021883920076117985 0.0380794701986755
1 0.44957183634633685 0.2293046357615894 0.019980970504281638 0.041390728476821195
1 0.4405328258801142 0.2855960264900662 0.02664129400570885 0.04470198675496689
1 0.5009514747859182 0.29221854304635764 0.04091341579448145 0.06456953642384106
1 0.46003805899143674 0.1870860927152318 0.01807802093244529 0.03642384105960265
1 0.483349191246432 0.19288079470198677 0.019029495718363463 0.041390728476821195
1 0.467174119885823 0.15562913907284767 0.011417697431018078 0.029801324503311258
1 0.4766888677450048 0.14817880794701987 0.013320647002854425 0.028145695364238412
1 0.48477640342530925 0.16142384105960264 0.016175071360608945 0.024834437086092714
1 0.4933396764985728 0.12748344370860928 0.014272121788772598 0.029801324503311258
1 0.5147478591817317 0.07119205298013245 0.009514747859181731 0.023178807947019868
1 0.5285442435775453 0.16390728476821192 0.01807802093244529 0.039735099337748346
1 0.5404376784015223 0.14072847682119205 0.015223596574690771 0.033112582781456956
1 0.5680304471931494 0.15149006622516556 0.015223596574690771 0.0347682119205298
1 0.5466222645099905 0.1945364238410596 0.021883920076117985 0.041390728476821195
1 0.5960989533777356 0.15066225165562913 0.016175071360608945 0.039735099337748346
1 0.6712654614652712 0.2433774834437086 0.027592768791627025 0.056291390728476824
1 0.7269267364414843 0.2855960264900662 0.030447193149381543 0.057947019867549666
1 0.7754519505233112 0.29304635761589404 0.03235014272121789 0.056291390728476824
1 0.6936251189343483 0.16473509933774835 0.019029495718363463 0.0380794701986755
1 0.7283539486203616 0.15066225165562913 0.01807802093244529 0.03642384105960265
1 0.7578496669838249 0.060430463576158944 0.016175071360608945 0.0347682119205298
1 0.7488106565176024 0.1605960264900662 0.015223596574690771 0.033112582781456956
1 0.7588011417697431 0.14403973509933773 0.01807802093244529 0.029801324503311258
1 0.7716460513796385 0.173841059602649 0.017126546146527116 0.04304635761589404
1 0.8139866793529972 0.18874172185430463 0.01807802093244529 0.03642384105960265
1 0.8277830637488107 0.12582781456953643 0.015223596574690771 0.03642384105960265
1 0.9157944814462418 0.08278145695364239 0.01807802093244529 0.039735099337748346
1 0.8886774500475738 0.22682119205298013 0.02093244529019981 0.046357615894039736
