1 0.048 0.5930930930930931 0.07200000000000001 0.12312312312312312
1 0.045 0.539039039039039 0.058 0.08108108108108109
1 0.074 0.46096096096096095 0.064 0.10510510510510511
1 0.113 0.4444444444444444 0.05 0.09009009009009009
1 0.214 0.5405405405405406 0.068 0.10810810810810811
1 0.223 0.48648648648648646 0.062 0.09009009009009009
1 0.277 0.5345345345345345 0.062 0.0960960960960961
1 0.253 0.6846846846846847 0.094 0.15015015015015015
1 0.364 0.7522522522522522 0.1 0.16516516516516516
1 0.389 0.5330330330330331 0.066 0.10510510510510511
1 0.405 0.47597597597597596 0.058 0.07507507507507508
1 0.483 0.7117117117117117 0.094 0.18618618618618618
1 0.614 0.5795795795795796 0.076 0.12612612612612611
1 0.734 0.542042042042042 0.064 0.1111111111111111
1 0.655 0.8903903903903904 0.11800000000000001 0.2012012012012012
1 0.806 0.6321321321321322 0.08 0.1111111111111111
1 0.866 0.7192192192192192 0.084 0.15915915915915915
1 0.928 0.8063063063063063 0.096 0.16516516516516516
1 0.899 0.5930930930930931 0.082 0.13513513513513514
1 0.878 0.5015015015015015 0.06 0.09009009009009009
1 0.735 0.2057057057057057 0.042 0.08108108108108109
