1 0.20567375886524822 0.3577106518282989 0.044326241134751775 0.08585055643879173
1 0.2907801418439716 0.2209856915739269 0.017730496453900707 0.041335453100158986
1 0.3045212765957447 0.24801271860095392 0.020390070921985814 0.044515103338632754
1 0.3337765957446808 0.18521462639109698 0.016843971631205674 0.0397456279809221
1 0.3537234042553191 0.18839427662957076 0.01950354609929078 0.03656597774244833
1 0.35017730496453897 0.2289348171701113 0.017730496453900707 0.041335453100158986
1 0.36879432624113473 0.2496025437201908 0.01950354609929078 0.041335453100158986
1 0.3745567375886525 0.23290937996820352 0.016843971631205674 0.0397456279809221
1 0.38563829787234044 0.19236883942766297 0.015957446808510637 0.03497615262321145
1 0.4086879432624113 0.1947535771065183 0.015957446808510637 0.03656597774244833
1 0.4202127659574468 0.20667726550079493 0.01950354609929078 0.03497615262321145
1 0.4171099290780142 0.23131955484896663 0.020390070921985814 0.04292527821939587
1 0.4202127659574468 0.151033386327504 0.014184397163120567 0.031796502384737683
1 0.44148936170212766 0.17170111287758347 0.017730496453900707 0.03497615262321145
1 0.4428191489361702 0.21462639109697934 0.018617021276595744 0.03815580286168522
1 0.463209219858156 0.24165341812400637 0.022163120567375887 0.041335453100158986
1 0.4676418439716312 0.19157392686804453 0.020390070921985814 0.046104928457869634
1 0.4725177304964539 0.1550079491255962 0.014184397163120567 0.030206677265500796
1 0.4583333333333333 0.1414944356120827 0.014184397163120567 0.031796502384737683
1 0.49379432624113473 0.1573926868044515 0.015957446808510637 0.031796502384737683
1 0.5057624113475178 0.1399046104928458 0.013297872340425532 0.028616852146263912
1 0.488031914893617 0.13831478537360892 0.013297872340425532 0.025437201907790145
1 0.5203900709219857 0.1327503974562798 0.015957446808510637 0.030206677265500796
1 0.5124113475177304 0.1836248012718601 0.014184397163120567 0.033386327503974564
1 0.5195035460992907 0.17170111287758347 0.014184397163120567 0.031796502384737683
1 0.5492021276595744 0.1836248012718601 0.016843971631205674 0.03656597774244833
1 0.5434397163120567 0.143879173290938 0.014184397163120567 0.02702702702702703
1 0.5518617021276596 0.13036565977742448 0.013297872340425532 0.025437201907790145
1 0.5567375886524822 0.15262321144674088 0.012411347517730497 0.031796502384737683
1 0.5837765957446809 0.17329093799682035 0.018617021276595744 0.03815580286168522
1 0.5691489361702128 0.13036565977742448 0.017730496453900707 0.03497615262321145
1 0.5837765957446809 0.11605723370429254 0.013297872340425532 0.028616852146263912
1 0.5984042553191489 0.12798092209856918 0.014184397163120567 0.033386327503974564
1 0.6103723404255319 0.16136724960254373 0.016843971631205674 0.03656597774244833
1 0.624113475177305 0.13354531001589826 0.015957446808510637 0.03497615262321145
1 0.6502659574468085 0.14228934817170114 0.016843971631205674 0.030206677265500796
1 0.6533687943262411 0.11208267090620032 0.015957446808510637 0.02702702702702703
1 0.6733156028368794 0.10492845786963435 0.018617021276595744 0.03497615262321145
1 0.6737588652482269 0.12877583465818762 0.015957446808510637 0.031796502384737683
1 0.7092198581560284 0.1136724960254372 0.015957446808510637 0.033386327503974564
1 0.5199468085106382 0.2655007949125596 0.025709219858156027 0.05405405405405406
1 0.5540780141843972 0.29252782193958665 0.028368794326241134 0.06041335453100159
1 0.5687056737588653 0.25198728139904614 0.023936170212765957 0.046104928457869634
1 0.6006205673758865 0.3139904610492846 0.03102836879432624 0.06836248012718601
1 0.6227836879432624 0.2551669316375199 0.027482269503546097 0.05246422893481718
1 0.6298758865248226 0.21303656597774245 0.018617021276595744 0.041335453100158986
1 0.6631205673758865 0.19236883942766297 0.01950354609929078 0.03815580286168522
1 0.6981382978723404 0.17329093799682035 0.018617021276595744 0.044515103338632754
1 0.7136524822695035 0.18203497615262323 0.01950354609929078 0.04292527821939587
1 0.6768617021276595 0.2551669316375199 0.03280141843971631 0.06518282988871224
1 0.6959219858156028 0.30922098569157397 0.03368794326241135 0.06200317965023848
1 0.7238475177304964 0.30365659777424486 0.022163120567375887 0.05405405405405406
1 0.7265070921985816 0.24165341812400637 0.022163120567375887 0.04769475357710652
1 0.7411347517730497 0.20826709062003182 0.01950354609929078 0.03815580286168522
1 0.7442375886524822 0.1740858505564388 0.018617021276595744 0.03656597774244833
1 0.749113475177305 0.1327503974562798 0.017730496453900707 0.03656597774244833
1 0.7690602836879432 0.1399046104928458 0.015070921985815602 0.03497615262321145
1 0.786790780141844 0.15659777424483307 0.020390070921985814 0.03656597774244833
1 0.7641843971631206 0.2289348171701113 0.024822695035460994 0.04769475357710652
1 0.7526595744680851 0.35850556438791736 0.030141843971631204 0.06518282988871224
1 0.7898936170212766 0.2344992050874404 0.02304964539007092 0.046104928457869634
1 0.7819148936170213 0.29650238473767887 0.028368794326241134 0.06518282988871224
1 0.8125 0.40063593004769477 0.03102836879432624 0.0699523052464229
1 0.8266843971631206 0.3060413354531002 0.02925531914893617 0.06518282988871224
1 0.8156028368794326 0.25834658187599363 0.02304964539007092 0.05246422893481718
1 0.8625886524822695 0.27503974562798095 0.026595744680851064 0.05087440381558029
1 0.8710106382978723 0.2273449920508744 0.023936170212765957 0.05087440381558029
1 0.9020390070921985 0.33545310015898255 0.027482269503546097 0.057233704292527825
1 0.8789893617021276 0.424483306836248 0.045212765957446804 0.08585055643879173
1 0.9086879432624113 0.2893481717011129 0.02127659574468085 0.04769475357710652
1 0.9157801418439716 0.24483306836248014 0.02127659574468085 0.044515103338632754
1 0.8054078014184397 0.16852146263910972 0.015070921985815602 0.031796502384737683
