1 0.09501845018450185 0.7194444444444444 0.06211562115621157 0.08888888888888889
1 0.24538745387453875 0.6935185185185185 0.05166051660516605 0.06851851851851852
1 0.479089790897909 0.6569444444444444 0.046740467404674045 0.06944444444444445
1 0.5132226322263223 0.6486111111111111 0.03997539975399754 0.06944444444444445
1 0.6838868388683887 0.6314814814814815 0.03444034440344403 0.04259259259259259
1 0.743849938499385 0.6226851851851852 0.03013530135301353 0.05462962962962963
1 0.8299507995079951 0.625 0.025215252152521527 0.04259259259259259
1 0.8785362853628537 0.6138888888888889 0.025215252152521527 0.040740740740740744
1 0.9837023370233703 0.5648148148148149 0.022755227552275523 0.03333333333333333
1 0.9541820418204182 0.5611111111111111 0.02029520295202952 0.02962962962962963
1 0.9154366543665436 0.5407407407407407 0.016605166051660517 0.031481481481481485
1 0.8548585485854859 0.5333333333333333 0.020910209102091022 0.03333333333333333
1 0.8121156211562116 0.4962962962962963 0.02152521525215252 0.040740740740740744
1 0.7527675276752768 0.576388888888889 0.023370233702337023 0.032407407407407406
1 0.7149446494464945 0.5824074074074075 0.01783517835178352 0.03518518518518519
1 0.747539975399754 0.5175925925925926 0.014145141451414515 0.02592592592592593
1 0.7450799507995081 0.4847222222222222 0.014145141451414515 0.02314814814814815
1 0.72539975399754 0.5055555555555555 0.015375153751537515 0.02777777777777778
1 0.7170971709717098 0.48333333333333334 0.012300123001230012 0.018518518518518517
1 0.6955719557195572 0.5064814814814815 0.014760147601476016 0.022222222222222223
1 0.6786592865928659 0.48750000000000004 0.011685116851168511 0.019444444444444445
1 0.6506765067650677 0.487962962962963 0.014760147601476016 0.024074074074074074
1 0.6183886838868389 0.513888888888889 0.016605166051660517 0.03333333333333333
1 0.5658056580565806 0.4615740740740741 0.011070110701107012 0.021296296296296296
1 0.5507380073800738 0.4777777777777778 0.015375153751537515 0.020370370370370372
1 0.42558425584255843 0.40925925925925927 0.012300123001230012 0.024074074074074074
1 0.024292742927429275 0.5375 0.033825338253382534 0.05648148148148149
1 0.04028290282902829 0.5018518518518519 0.032595325953259535 0.0462962962962963
1 0.015067650676506766 0.4671296296296297 0.01783517835178352 0.03425925925925926
1 0.07933579335793359 0.48055555555555557 0.022140221402214024 0.037037037037037035
1 0.10824108241082411 0.46064814814814814 0.022140221402214024 0.030555555555555558
1 0.13038130381303814 0.48055555555555557 0.022140221402214024 0.03888888888888889
1 0.13899138991389914 0.5398148148148149 0.02706027060270603 0.05185185185185186
1 0.15990159901599016 0.5060185185185185 0.020910209102091022 0.04537037037037037
1 0.21586715867158673 0.5092592592592593 0.023370233702337023 0.040740740740740744
1 0.2420049200492005 0.5898148148148148 0.03874538745387454 0.05185185185185186
1 0.2601476014760148 0.5157407407407407 0.02706027060270603 0.03888888888888889
1 0.3874538745387454 0.5671296296296297 0.03567035670356704 0.05277777777777778
1 0.484009840098401 0.5476851851851852 0.017220172201722016 0.03981481481481482
1 0.48554735547355476 0.5217592592592593 0.022755227552275523 0.030555555555555558
1 0.4621771217712177 0.512962962962963 0.01783517835178352 0.03518518518518519
1 0.452029520295203 0.4916666666666667 0.020910209102091022 0.022222222222222223
1 0.4308118081180812 0.4763888888888889 0.02152521525215252 0.026851851851851852
1 0.37822878228782286 0.46805555555555556 0.013530135301353014 0.021296296296296296
1 0.3440959409594096 0.47500000000000003 0.02029520295202952 0.02592592592592593
1 0.31519065190651907 0.4564814814814815 0.015375153751537515 0.022222222222222223
1 0.275830258302583 0.45555555555555555 0.012915129151291513 0.022222222222222223
1 0.261070110701107 0.45416666666666666 0.00922509225092251 0.019444444444444445
1 0.48800738007380073 0.47870370370370374 0.012915129151291513 0.024074074074074074
1 0.491389913899139 0.46435185185185185 0.015990159901599018 0.021296296296296296
1 0.5070725707257072 0.47453703703703703 0.00922509225092251 0.02314814814814815
1 0.513530135301353 0.4851851851851852 0.014760147601476016 0.022222222222222223
1 0.5249077490774908 0.5231481481481481 0.015375153751537515 0.024074074074074074
1 0.5495079950799509 0.49768518518518523 0.016605166051660517 0.026851851851851852
1 0.5651906519065191 0.5425925925925926 0.020910209102091022 0.03888888888888889
1 0.6073185731857319 0.5398148148148149 0.01783517835178352 0.03518518518518519
1 0.5836408364083641 0.5847222222222223 0.029520295202952032 0.04351851851851852
1 0.6629766297662977 0.5652777777777778 0.024600246002460024 0.04537037037037037
1 0.683579335793358 0.5805555555555556 0.02029520295202952 0.03518518518518519
