1 0.19085173501577288 0.22494669509594883 0.0946372239747634 0.15138592750533048
1 0.33280757097791797 0.2899786780383795 0.044164037854889586 0.08528784648187633
1 0.4597791798107255 0.26332622601279315 0.04574132492113565 0.07462686567164178
1 0.500788643533123 0.26652452025586354 0.04574132492113565 0.07249466950959488
1 0.5764984227129337 0.27611940298507465 0.04574132492113565 0.08315565031982942
1 0.6175078864353312 0.2942430703624733 0.061514195583596214 0.1023454157782516
1 0.6458990536277602 0.255863539445629 0.04889589905362776 0.07675906183368869
1 0.7350157728706624 0.24307036247334754 0.03785488958990536 0.07249466950959488
1 0.7460567823343849 0.21215351812366737 0.031545741324921134 0.04477611940298507
1 0.7736593059936908 0.27078891257995735 0.04574132492113565 0.08955223880597014
1 0.7973186119873816 0.21428571428571427 0.0362776025236593 0.057569296375266525
1 0.8375394321766562 0.22388059701492538 0.031545741324921134 0.05970149253731343
1 0.8690851735015772 0.2302771855010661 0.031545741324921134 0.05543710021321961
1 0.9148264984227129 0.20362473347547974 0.031545741324921134 0.06183368869936034
1 0.9400630914826498 0.26332622601279315 0.05362776025236593 0.09168443496801705
1 0.9589905362776024 0.23667377398720682 0.0473186119873817 0.09808102345415778
1 0.9889589905362776 0.20575692963752665 0.022082018927444793 0.06183368869936034
