1 0.16666666666666666 0.2789400278940028 0.026856240126382307 0.04184100418410042
1 0.2717219589257504 0.2615062761506276 0.020537124802527645 0.03765690376569038
1 0.2835703001579779 0.25383542538354253 0.018957345971563982 0.03347280334728033
1 0.3104265402843602 0.2217573221757322 0.018957345971563982 0.03626220362622036
1 0.33767772511848343 0.21548117154811713 0.018167456556082148 0.03486750348675035
1 0.32385466034755134 0.25732217573221755 0.02527646129541864 0.03765690376569038
1 0.31714060031595576 0.29428172942817293 0.021327014218009477 0.03905160390516039
1 0.3116113744075829 0.2615062761506276 0.018167456556082148 0.03486750348675035
1 0.3625592417061611 0.27475592747559274 0.023696682464454975 0.044630404463040445
1 0.3803317535545024 0.303347280334728 0.02448657187993681 0.046025104602510455
1 0.3949447077409163 0.201534170153417 0.022116903633491312 0.040446304044630406
1 0.41192733017377564 0.18131101813110181 0.015007898894154818 0.03905160390516039
1 0.415086887835703 0.22384937238493724 0.02448657187993681 0.040446304044630406
1 0.44075829383886256 0.2112970711297071 0.022116903633491312 0.046025104602510455
1 0.4786729857819905 0.22315202231520223 0.02527646129541864 0.04184100418410042
1 0.4656398104265403 0.1631799163179916 0.015007898894154818 0.03626220362622036
1 0.45813586097946285 0.15132496513249652 0.017377567140600316 0.029288702928870293
1 0.47511848341232227 0.1401673640167364 0.013428120063191154 0.03207810320781032
1 0.5339652448657188 0.19386331938633194 0.020537124802527645 0.04184100418410042
1 0.5276461295418642 0.1499302649930265 0.020537124802527645 0.03765690376569038
1 0.5624012638230648 0.14435146443514643 0.01579778830963665 0.03207810320781032
1 0.584518167456556 0.1631799163179916 0.018957345971563982 0.03626220362622036
1 0.6149289099526066 0.1506276150627615 0.016587677725118485 0.03347280334728033
1 0.6172985781990521 0.13668061366806136 0.016587677725118485 0.02789400278940028
1 0.5841232227488151 0.10599721059972106 0.016587677725118485 0.02789400278940028
1 0.49368088467614535 0.300557880055788 0.022116903633491312 0.046025104602510455
1 0.5398894154818326 0.305439330543933 0.029225908372827805 0.05299860529986053
1 0.5785939968404423 0.2398884239888424 0.02764612954186414 0.044630404463040445
1 0.6054502369668247 0.2196652719665272 0.02448657187993681 0.046025104602510455
1 0.6172985781990521 0.22733612273361226 0.02448657187993681 0.05299860529986053
1 0.6465244865718799 0.2670850767085077 0.022906793048973143 0.05160390516039051
1 0.6563981042654028 0.20641562064156205 0.018957345971563982 0.03905160390516039
1 0.6394154818325435 0.17782426778242677 0.019747235387045814 0.040446304044630406
1 0.6295418641390206 0.37587168758716877 0.0315955766192733 0.0711297071129707
1 0.7444707740916272 0.2803347280334728 0.030805687203791468 0.061366806136680614
1 0.7630331753554502 0.33682008368200833 0.0315955766192733 0.06834030683403068
1 0.7946287519747235 0.2789400278940028 0.02843601895734597 0.06415620641562064
1 0.8033175355450237 0.2545327754532775 0.023696682464454975 0.05160390516039051
1 0.8459715639810427 0.29707112970711297 0.030015797788309637 0.06694560669456066
1 0.8570300157977883 0.2545327754532775 0.030015797788309637 0.05439330543933054
1 0.9032385466034755 0.2914923291492329 0.02448657187993681 0.061366806136680614
1 0.70260663507109 0.22454672245467225 0.021327014218009477 0.04184100418410042
1 0.6785150078988942 0.16736401673640167 0.017377567140600316 0.03347280334728033
1 0.717219589257504 0.1589958158995816 0.020537124802527645 0.03626220362622036
1 0.7322274881516587 0.18898186889818688 0.020537124802527645 0.03765690376569038
1 0.7413112164296999 0.22942817294281728 0.019747235387045814 0.03765690376569038
1 0.768562401263823 0.20362622036262204 0.017377567140600316 0.03905160390516039
1 0.8179304897314376 0.2196652719665272 0.021327014218009477 0.043235704323570434
1 0.8380726698262243 0.18340306834030684 0.01579778830963665 0.040446304044630406
1 0.8767772511848341 0.201534170153417 0.018957345971563982 0.040446304044630406
1 0.8574249605055292 0.14783821478382148 0.013428120063191154 0.03347280334728033
1 0.8139810426540284 0.1596931659693166 0.015007898894154818 0.03207810320781032
1 0.8001579778830964 0.17433751743375173 0.017377567140600316 0.03905160390516039
1 0.7910742496050552 0.14365411436541142 0.015007898894154818 0.03626220362622036
1 0.7744865718799367 0.15341701534170152 0.016587677725118485 0.030683403068340307
1 0.7638230647709321 0.17224546722454673 0.017377567140600316 0.03486750348675035
1 0.7535545023696683 0.13598326359832635 0.017377567140600316 0.03207810320781032
