1 0.1520076481835564 0.4965811965811966 0.03824091778202677 0.09743589743589744
1 0.28776290630975143 0.22136752136752136 0.02294455066921606 0.039316239316239315
1 0.31261950286806883 0.22393162393162394 0.019120458891013385 0.044444444444444446
1 0.35564053537284895 0.1735042735042735 0.015296367112810707 0.035897435897435895
1 0.3761950286806883 0.1581196581196581 0.016252390057361375 0.039316239316239315
1 0.41730401529636707 0.16324786324786325 0.014340344168260038 0.035897435897435895
1 0.4268642447418738 0.14871794871794872 0.012428298279158699 0.02393162393162393
1 0.48279158699808794 0.13162393162393163 0.013384321223709368 0.03076923076923077
1 0.3470363288718929 0.2222222222222222 0.019120458891013385 0.03076923076923077
1 0.3938814531548757 0.20085470085470086 0.013384321223709368 0.035897435897435895
1 0.4106118546845124 0.20256410256410257 0.02198852772466539 0.04957264957264957
1 0.39770554493307836 0.2358974358974359 0.017208413001912046 0.041025641025641026
1 0.42495219885277247 0.2504273504273504 0.020076481835564052 0.035897435897435895
1 0.46653919694072654 0.2111111111111111 0.017208413001912046 0.035897435897435895
1 0.45650095602294455 0.17435897435897435 0.016252390057361375 0.03076923076923077
1 0.48422562141491393 0.17863247863247864 0.014340344168260038 0.02905982905982906
1 0.5109942638623327 0.15213675213675212 0.016252390057361375 0.020512820512820513
1 0.5081261950286806 0.13247863247863248 0.016252390057361375 0.035897435897435895
1 0.515774378585086 0.1170940170940171 0.010516252390057362 0.02564102564102564
1 0.5353728489483748 0.11452991452991453 0.013384321223709368 0.013675213675213675
1 0.5282026768642447 0.1658119658119658 0.018164435946462713 0.037606837606837605
1 0.5439770554493307 0.19401709401709402 0.017208413001912046 0.039316239316239315
1 0.5664435946462715 0.1641025641025641 0.012428298279158699 0.03418803418803419
1 0.5745697896749522 0.1358974358974359 0.01147227533460803 0.02905982905982906
1 0.6089866156787763 0.06666666666666667 0.009560229445506692 0.02735042735042735
1 0.5994263862332696 0.12307692307692308 0.015296367112810707 0.03076923076923077
1 0.5979923518164436 0.1547008547008547 0.016252390057361375 0.035897435897435895
1 0.5774378585086042 0.23333333333333334 0.017208413001912046 0.042735042735042736
1 0.6218929254302104 0.2376068376068376 0.018164435946462713 0.037606837606837605
1 0.6759082217973231 0.10854700854700855 0.017208413001912046 0.03247863247863248
1 0.6453154875717017 0.12136752136752137 0.01147227533460803 0.03418803418803419
1 0.6290630975143403 0.12564102564102564 0.017208413001912046 0.035897435897435895
1 0.6663479923518164 0.13333333333333333 0.01147227533460803 0.03418803418803419
1 0.7031548757170172 0.12478632478632479 0.012428298279158699 0.044444444444444446
1 0.7413957934990439 0.07094017094017094 0.012428298279158699 0.02905982905982906
1 0.7504780114722753 0.07521367521367521 0.013384321223709368 0.02735042735042735
1 0.7394837476099426 0.13760683760683762 0.018164435946462713 0.035897435897435895
1 0.7260994263862333 0.1717948717948718 0.020076481835564052 0.039316239316239315
1 0.6826003824091778 0.2153846153846154 0.019120458891013385 0.03418803418803419
1 0.6845124282982792 0.2709401709401709 0.021032504780114723 0.04957264957264957
1 0.7366156787762906 0.23931623931623933 0.020076481835564052 0.04786324786324786
1 0.7509560229445507 0.18461538461538463 0.018164435946462713 0.03418803418803419
1 0.7060229445506692 0.335042735042735 0.033460803059273424 0.07863247863247863
1 0.7504780114722753 0.3683760683760684 0.026768642447418736 0.06666666666666667
1 0.761472275334608 0.23247863247863249 0.02390057361376673 0.06153846153846154
1 0.7695984703632887 0.15128205128205127 0.01147227533460803 0.03247863247863248
1 0.7944550669216061 0.17264957264957265 0.013384321223709368 0.03418803418803419
1 0.8035372848948374 0.21367521367521367 0.016252390057361375 0.041025641025641026
1 0.7997131931166348 0.28888888888888886 0.027724665391969407 0.0547008547008547
1 0.8231357552581262 0.24700854700854702 0.021032504780114723 0.046153846153846156
1 0.8355640535372849 0.2076923076923077 0.017208413001912046 0.039316239316239315
1 0.8111854684512428 0.14358974358974358 0.014340344168260038 0.02735042735042735
1 0.8594646271510515 0.09401709401709402 0.01147227533460803 0.03418803418803419
1 0.8422562141491395 0.16153846153846155 0.01147227533460803 0.03247863247863248
1 0.8695028680688336 0.17777777777777778 0.012428298279158699 0.037606837606837605
1 0.9039196940726577 0.14188034188034188 0.014340344168260038 0.041025641025641026
1 0.9445506692160611 0.1581196581196581 0.015296367112810707 0.03247863247863248
1 0.9077437858508604 0.19145299145299144 0.014340344168260038 0.037606837606837605
1 0.9015296367112811 0.23247863247863249 0.021032504780114723 0.037606837606837605
1 0.9345124282982791 0.22905982905982905 0.018164435946462713 0.037606837606837605
1 0.9392925430210325 0.20085470085470086 0.014340344168260038 0.035897435897435895
1 0.9120458891013384 0.3401709401709402 0.026768642447418736 0.06495726495726496
1 0.6395793499043977 0.152991452991453 0.017208413001912046 0.035897435897435895
1 0.4431166347992352 0.1717948717948718 0.014340344168260038 0.03247863247863248
1 0.36711281070745694 0.18974358974358974 0.015296367112810707 0.03076923076923077
1 0.6725621414913958 0.16923076923076924 0.018164435946462713 0.03418803418803419
1 0.6873804971319312 0.1170940170940171 0.013384321223709368 0.039316239316239315
1 0.42638623326959846 0.19487179487179487 0.019120458891013385 0.041025641025641026
