1 0.17348927875243664 0.49146757679180886 0.04678362573099415 0.08532423208191127
1 0.27923976608187134 0.2696245733788396 0.02046783625730994 0.040955631399317405
1 0.3620857699805068 0.20136518771331058 0.018518518518518517 0.040955631399317405
1 0.4098440545808967 0.22610921501706485 0.022417153996101363 0.03924914675767918
1 0.3840155945419103 0.26109215017064846 0.02729044834307992 0.051194539249146756
1 0.4576023391812865 0.22610921501706485 0.02631578947368421 0.042662116040955635
1 0.4215399610136452 0.16723549488054607 0.014619883040935672 0.027303754266211604
1 0.5160818713450293 0.13225255972696245 0.014619883040935672 0.03242320819112628
1 0.5423976608187134 0.13310580204778158 0.016569200779727095 0.027303754266211604
1 0.5657894736842105 0.11092150170648464 0.012670565302144249 0.027303754266211604
1 0.5696881091617934 0.13737201365187712 0.010721247563352826 0.02901023890784983
1 0.5857699805068226 0.12713310580204779 0.01364522417153996 0.02901023890784983
1 0.5657894736842105 0.18771331058020477 0.018518518518518517 0.034129692832764506
1 0.6164717348927875 0.15870307167235495 0.014619883040935672 0.03754266211604096
1 0.6583820662768031 0.11518771331058021 0.014619883040935672 0.03583617747440273
1 0.7037037037037037 0.09726962457337884 0.015594541910331383 0.030716723549488054
1 0.7246588693957114 0.08703071672354949 0.014619883040935672 0.034129692832764506
1 0.7041910331384015 0.16040955631399317 0.02046783625730994 0.04778156996587031
1 0.6929824561403508 0.16638225255972697 0.017543859649122806 0.042662116040955635
1 0.6588693957115009 0.18088737201365188 0.01949317738791423 0.040955631399317405
1 0.6608187134502923 0.22696245733788395 0.025341130604288498 0.05460750853242321
1 0.6115984405458089 0.2645051194539249 0.03216374269005848 0.051194539249146756
1 0.5526315789473684 0.25597269624573377 0.025341130604288498 0.051194539249146756
1 0.5453216374269005 0.3370307167235495 0.02631578947368421 0.059726962457337884
1 0.489766081871345 0.3174061433447099 0.030214424951267055 0.06143344709897611
1 0.6583820662768031 0.33276450511945393 0.036062378167641324 0.07508532423208192
1 0.7197855750487329 0.2815699658703072 0.02631578947368421 0.06484641638225257
1 0.7456140350877193 0.14249146757679182 0.025341130604288498 0.04948805460750853
1 0.7685185185185185 0.22781569965870307 0.024366471734892786 0.052901023890784986
1 0.7738791423001949 0.28754266211604096 0.02729044834307992 0.06313993174061433
1 0.7558479532163742 0.32849829351535836 0.028265107212475632 0.08361774744027303
1 0.7958089668615984 0.37542662116040953 0.043859649122807015 0.08191126279863481
1 0.8927875243664717 0.3720136518771331 0.04093567251461988 0.07849829351535836
1 0.891812865497076 0.32337883959044367 0.03313840155945419 0.06313993174061433
1 0.8391812865497076 0.2960750853242321 0.02729044834307992 0.06313993174061433
1 0.813840155945419 0.24232081911262798 0.02729044834307992 0.051194539249146756
1 0.8079922027290448 0.12969283276450513 0.015594541910331383 0.034129692832764506
1 0.8323586744639375 0.14505119453924914 0.011695906432748537 0.030716723549488054
1 0.8421052631578947 0.12627986348122866 0.01364522417153996 0.027303754266211604
1 0.8659844054580896 0.1416382252559727 0.014619883040935672 0.030716723549488054
1 0.9049707602339181 0.1493174061433447 0.014619883040935672 0.03242320819112628
1 0.9298245614035088 0.16296928327645052 0.01364522417153996 0.025597269624573378
