1 0.07790368271954674 0.4575411913814955 0.05760151085930123 0.08111533586818757
1 0.15627950897072712 0.4359949302915082 0.050047214353163366 0.0659062103929024
1 0.19641170915958453 0.5190114068441064 0.08687440982058546 0.10012674271229403
1 0.22710103871576962 0.4157160963244613 0.044381491973559964 0.06083650190114068
1 0.28234183191690276 0.40874524714828897 0.04154863078375826 0.062103929024081114
1 0.301699716713881 0.517743979721166 0.0764872521246459 0.10773130544993662
1 0.37063267233238906 0.426489226869455 0.053824362606232294 0.07477820025348542
1 0.3937677053824363 0.4150823827629911 0.0453257790368272 0.062103929024081114
1 0.45514636449480644 0.4036755386565272 0.03588290840415487 0.04689480354879594
1 0.4636449480642115 0.3079847908745247 0.024551463644948066 0.0329531051964512
1 0.5033050047214354 0.4220532319391635 0.0453257790368272 0.055766793409378956
1 0.4943342776203966 0.461977186311787 0.05760151085930123 0.07731305449936628
1 0.5174693106704439 0.3859315589353612 0.030217186024551465 0.04435994930291508
1 0.5377714825306894 0.376425855513308 0.02927289896128423 0.04309252217997465
1 0.4334277620396601 0.6730038022813688 0.14542020774315392 0.24081115335868186
1 0.5868744098205855 0.5519645120405576 0.0878186968838527 0.13054499366286437
1 0.591123701605288 0.4575411913814955 0.05288007554296506 0.0659062103929024
1 0.6100094428706327 0.38022813688212925 0.037771482530689335 0.04309252217997465
1 0.6935788479697829 0.38910012674271227 0.03871576959395656 0.0659062103929024
1 0.6964117091595845 0.44550063371356147 0.053824362606232294 0.07477820025348542
1 0.7559017941454202 0.476552598225602 0.06326723323890462 0.08871989860583016
1 0.9098205854579793 0.7908745247148289 0.16525023607176584 0.2585551330798479
1 0.8739376770538244 0.3992395437262357 0.0368271954674221 0.050697084917617236
1 0.8932955618508027 0.37262357414448666 0.037771482530689335 0.04309252217997465
1 0.9154863078375827 0.41191381495564 0.044381491973559964 0.053231939163498096
1 0.947119924457035 0.3935361216730038 0.03588290840415487 0.051964512040557666
1 0.9787535410764873 0.41191381495564 0.042492917847025496 0.0659062103929024
