1 0.07666666666666666 0.6749116607773852 0.06444444444444444 0.10247349823321554
1 0.18555555555555556 0.5980565371024735 0.04888888888888889 0.08303886925795052
1 0.23555555555555555 0.5980565371024735 0.06888888888888889 0.13604240282685512
1 0.25333333333333335 0.4381625441696113 0.042222222222222223 0.08480565371024734
1 0.3211111111111111 0.40194346289752647 0.042222222222222223 0.07597173144876325
1 0.36944444444444446 0.6007067137809187 0.06555555555555556 0.10600706713780919
1 0.5138888888888888 0.907243816254417 0.12555555555555556 0.18551236749116606
1 0.6594444444444444 0.7526501766784452 0.10333333333333333 0.17667844522968199
1 0.5288888888888889 0.5962897526501767 0.057777777777777775 0.10070671378091872
1 0.5894444444444444 0.5485865724381626 0.04111111111111111 0.07950530035335689
1 0.6255555555555555 0.5600706713780919 0.035555555555555556 0.0706713780918728
1 0.7088888888888889 0.5671378091872792 0.03777777777777778 0.0636042402826855
1 0.7555555555555555 0.4196113074204947 0.026666666666666665 0.05123674911660777
1 0.8038888888888889 0.3992932862190813 0.04111111111111111 0.06007067137809187
1 0.9205555555555556 0.4090106007067138 0.03888888888888889 0.06890459363957598
1 0.9072222222222223 0.6130742049469965 0.04777777777777778 0.07773851590106007
1 0.8872222222222222 0.5627208480565371 0.04111111111111111 0.06537102473498232
1 0.8183333333333334 0.5998233215547704 0.04777777777777778 0.08657243816254417
1 0.7516666666666667 0.7120141342756183 0.06777777777777778 0.11307420494699646
