1 0.17767929089443996 0.48098591549295777 0.0378726833199033 0.06901408450704226
1 0.3400483481063658 0.2211267605633803 0.0177276390008058 0.036619718309859155
1 0.36261079774375504 0.21901408450704227 0.0177276390008058 0.029577464788732397
1 0.3682514101531023 0.2605633802816902 0.022562449637389202 0.04225352112676056
1 0.39081385979049155 0.26760563380281693 0.022562449637389202 0.04507042253521127
1 0.41136180499597097 0.2 0.0185334407735697 0.033802816901408454
1 0.47381144238517325 0.24577464788732395 0.024174053182917002 0.04084507042253521
1 0.4589041095890411 0.21197183098591552 0.0185334407735697 0.035211267605633804
1 0.4452054794520548 0.16549295774647887 0.0153102336825141 0.029577464788732397
1 0.45769540692989524 0.16338028169014085 0.0145044319097502 0.030985915492957747
1 0.4665592264302981 0.13802816901408452 0.0128928283642224 0.022535211267605635
1 0.4935535858178888 0.19577464788732396 0.020145044319097503 0.04225352112676056
1 0.5096696212731667 0.13943661971830987 0.0136986301369863 0.028169014084507043
1 0.5294117647058824 0.12253521126760564 0.0145044319097502 0.02535211267605634
1 0.5265914585012087 0.15845070422535212 0.0136986301369863 0.035211267605633804
1 0.5588235294117647 0.1591549295774648 0.0153102336825141 0.030985915492957747
1 0.5636583400483481 0.13450704225352114 0.0153102336825141 0.029577464788732397
1 0.5519742143432715 0.12816901408450704 0.0145044319097502 0.033802816901408454
1 0.5757453666398066 0.12042253521126761 0.0153102336825141 0.029577464788732397
1 0.5938759065269943 0.12394366197183099 0.0128928283642224 0.02535211267605634
1 0.6011281224818694 0.10774647887323945 0.009669621273166801 0.018309859154929577
1 0.6261079774375503 0.14295774647887324 0.0145044319097502 0.035211267605633804
1 0.6651893634165995 0.12183098591549296 0.0136986301369863 0.0323943661971831
1 0.5930701047542304 0.15774647887323945 0.020950846091861403 0.033802816901408454
1 0.5672844480257856 0.24084507042253522 0.024174053182917002 0.05070422535211268
1 0.6196615632554391 0.25422535211267605 0.022562449637389202 0.04929577464788733
1 0.6180499597099114 0.2084507042253521 0.020950846091861403 0.04507042253521127
1 0.6643835616438356 0.2267605633802817 0.020145044319097503 0.04507042253521127
1 0.6684125705076551 0.2767605633802817 0.0249798549556809 0.05774647887323944
1 0.7062852538275584 0.17042253521126763 0.020145044319097503 0.04225352112676056
1 0.7296535052377114 0.2295774647887324 0.023368251410153102 0.05070422535211268
1 0.7421434327155519 0.17323943661971833 0.020950846091861403 0.05070422535211268
1 0.7308622078968573 0.1535211267605634 0.0177276390008058 0.030985915492957747
1 0.7727639000805802 0.16549295774647887 0.0177276390008058 0.04084507042253521
1 0.789685737308622 0.21056338028169017 0.019339242546333603 0.04929577464788733
1 0.814262691377921 0.17183098591549298 0.021756647864625302 0.03943661971830986
1 0.8368251410153102 0.21197183098591552 0.023368251410153102 0.04929577464788733
1 0.8525382755842063 0.18380281690140846 0.019339242546333603 0.04084507042253521
1 0.8642224012892828 0.16267605633802817 0.0185334407735697 0.0323943661971831
1 0.9061240934730056 0.1823943661971831 0.0153102336825141 0.04366197183098592
1 0.8843674456083803 0.22464788732394367 0.020145044319097503 0.04929577464788733
1 0.9307010475423045 0.24366197183098592 0.020950846091861403 0.053521126760563385
1 0.9178082191780822 0.3422535211267606 0.024174053182917002 0.0647887323943662
1 0.9210314262691378 0.2915492957746479 0.019339242546333603 0.04507042253521127
1 0.8497179693795326 0.30845070422535215 0.0265914585012087 0.07042253521126761
1 0.8146655922643029 0.3838028169014085 0.0370668815471394 0.08309859154929577
1 0.8009669621273167 0.28732394366197184 0.0257856567284448 0.061971830985915494
1 0.8887993553585818 0.39929577464788735 0.040290088638195005 0.08309859154929577
