1 0.20978363123236124 0.2303921568627451 0.01693320790216369 0.032679738562091505
1 0.3570084666039511 0.2973856209150327 0.023518344308560677 0.032679738562091505
1 0.3984007525870179 0.2916666666666667 0.021636876763875823 0.04411764705882353
1 0.367826904985889 0.19526143790849673 0.022577610536218252 0.03431372549019608
1 0.3951081843838194 0.18055555555555555 0.018814675446848544 0.03431372549019608
1 0.4101599247412982 0.1968954248366013 0.022577610536218252 0.03758169934640523
1 0.45296331138287865 0.1781045751633987 0.01599247412982126 0.029411764705882353
1 0.46378174976481656 0.22875816993464054 0.020696142991533398 0.032679738562091505
1 0.48024459078080906 0.18055555555555555 0.014111006585136407 0.03758169934640523
1 0.4957666980244591 0.20098039215686275 0.018814675446848544 0.03594771241830066
1 0.4929444967074318 0.23447712418300654 0.020696142991533398 0.04084967320261438
1 0.5780809031044215 0.13562091503267976 0.014111006585136407 0.029411764705882353
1 0.49388523047977423 0.30228758169934644 0.028222013170272814 0.049019607843137254
1 0.6147695202257761 0.2638888888888889 0.027281279397930385 0.04084967320261438
1 0.7173095014111007 0.1919934640522876 0.01975540921919097 0.04084967320261438
1 0.8640639698965193 0.07434640522875817 0.01599247412982126 0.02777777777777778
1 0.7699905926622767 0.21977124183006536 0.021636876763875823 0.04738562091503268
1 0.4092191909689558 0.2246732026143791 0.022577610536218252 0.03431372549019608
