1 0.4659090909090909 0.28498293515358364 0.07727272727272727 0.13993174061433447
1 0.045454545454545456 0.5255972696245734 0.08181818181818182 0.15017064846416384
1 0.03409090909090909 0.39078498293515357 0.049999999999999996 0.09215017064846416
1 0.0659090909090909 0.23890784982935154 0.03636363636363636 0.06825938566552901
1 0.0875 0.27474402730375425 0.04772727272727272 0.07849829351535836
1 0.13295454545454544 0.3395904436860068 0.06136363636363636 0.10580204778156997
1 0.16477272727272727 0.5 0.07954545454545454 0.13993174061433447
1 0.24886363636363634 0.4795221843003413 0.07045454545454545 0.11262798634812286
1 0.20795454545454545 0.3839590443686007 0.04772727272727272 0.08532423208191127
1 0.21363636363636362 0.33276450511945393 0.04090909090909091 0.07167235494880546
1 0.2034090909090909 0.21843003412969283 0.038636363636363635 0.07508532423208192
1 0.25 0.3395904436860068 0.04090909090909091 0.05802047781569966
1 0.2568181818181818 0.44368600682593856 0.06818181818181818 0.10921501706484642
1 0.32386363636363635 0.41467576791808874 0.05227272727272727 0.08532423208191127
1 0.3579545454545454 0.431740614334471 0.07045454545454545 0.09897610921501707
1 0.2863636363636364 0.3037542662116041 0.02727272727272727 0.04778156996587031
1 0.32954545454545453 0.29692832764505117 0.031818181818181815 0.05460750853242321
1 0.36136363636363633 0.3054607508532423 0.02727272727272727 0.051194539249146756
1 0.3931818181818182 0.32593856655290104 0.031818181818181815 0.05802047781569966
1 0.40568181818181814 0.3037542662116041 0.029545454545454545 0.06825938566552901
1 0.4261363636363636 0.41467576791808874 0.04318181818181818 0.07849829351535836
1 0.5693181818181818 0.37883959044368604 0.020454545454545454 0.040955631399317405
1 0.5886363636363636 0.4249146757679181 0.031818181818181815 0.051194539249146756
1 0.571590909090909 0.34812286689419797 0.024999999999999998 0.04778156996587031
