1 0.20431372549019608 0.4201101928374656 0.03529411764705882 0.08539944903581267
1 0.2654901960784314 0.2630853994490358 0.013333333333333332 0.030303030303030304
1 0.28196078431372545 0.26239669421487605 0.013333333333333332 0.03168044077134986
1 0.30823529411764705 0.2272727272727273 0.012549019607843137 0.030303030303030304
1 0.3192156862745098 0.27892561983471076 0.01568627450980392 0.03994490358126722
1 0.33137254901960783 0.2265840220385675 0.014901960784313726 0.03443526170798898
1 0.3635294117647059 0.24931129476584024 0.016470588235294115 0.03856749311294766
1 0.37529411764705883 0.2603305785123967 0.01803921568627451 0.04132231404958678
1 0.39294117647058824 0.278236914600551 0.020392156862745096 0.049586776859504134
1 0.396078431372549 0.19421487603305787 0.012549019607843137 0.024793388429752067
1 0.40431372549019606 0.1763085399449036 0.013333333333333332 0.030303030303030304
1 0.42274509803921567 0.18112947658402204 0.012549019607843137 0.028925619834710745
1 0.4184313725490196 0.22865013774104684 0.01803921568627451 0.03581267217630854
1 0.44862745098039214 0.2190082644628099 0.01568627450980392 0.03305785123966942
1 0.4768627450980392 0.2238292011019284 0.017254901960784313 0.04269972451790634
1 0.44745098039215686 0.1556473829201102 0.011764705882352941 0.027548209366391185
1 0.4549019607843137 0.16942148760330578 0.010980392156862745 0.024793388429752067
1 0.5101960784313725 0.1825068870523416 0.013333333333333332 0.03443526170798898
1 0.5031372549019608 0.13085399449035812 0.008627450980392156 0.01928374655647383
1 0.5203921568627451 0.13292011019283748 0.010196078431372548 0.026170798898071626
1 0.5403921568627451 0.19421487603305787 0.01568627450980392 0.03305785123966942
1 0.5368627450980392 0.1763085399449036 0.014901960784313726 0.03581267217630854
1 0.548235294117647 0.14807162534435261 0.010980392156862745 0.028925619834710745
1 0.5588235294117647 0.16735537190082644 0.016470588235294115 0.03994490358126722
1 0.5913725490196078 0.10399449035812672 0.010980392156862745 0.023415977961432508
1 0.5725490196078431 0.1418732782369146 0.012549019607843137 0.024793388429752067
1 0.5674509803921568 0.2362258953168044 0.01803921568627451 0.04269972451790634
1 0.5756862745098039 0.162534435261708 0.014117647058823528 0.027548209366391185
1 0.5196078431372548 0.284435261707989 0.01803921568627451 0.048209366391184574
1 0.5490196078431372 0.3037190082644628 0.026666666666666665 0.05371900826446281
1 0.5976470588235294 0.2603305785123967 0.020392156862745096 0.05509641873278237
1 0.6050980392156863 0.1453168044077135 0.011764705882352941 0.028925619834710745
1 0.6113725490196078 0.20867768595041322 0.016470588235294115 0.04269972451790634
1 0.6317647058823529 0.12121212121212122 0.013333333333333332 0.024793388429752067
1 0.6164705882352941 0.12534435261707988 0.010980392156862745 0.02203856749311295
1 0.6384313725490196 0.17424242424242425 0.01568627450980392 0.03994490358126722
1 0.6698039215686274 0.10950413223140495 0.010980392156862745 0.026170798898071626
1 0.6541176470588235 0.22451790633608815 0.018823529411764704 0.0440771349862259
1 0.6525490196078431 0.2637741046831956 0.02196078431372549 0.048209366391184574
1 0.6862745098039216 0.3112947658402204 0.026666666666666665 0.05785123966942149
1 0.7011764705882353 0.2796143250688705 0.02196078431372549 0.05509641873278237
1 0.6749019607843137 0.16942148760330578 0.014901960784313726 0.03581267217630854
1 0.6992156862745098 0.2272727272727273 0.022745098039215685 0.04132231404958678
1 0.6905882352941176 0.19146005509641872 0.016470588235294115 0.03305785123966942
1 0.7396078431372549 0.22107438016528927 0.017254901960784313 0.03443526170798898
1 0.7772549019607843 0.2706611570247934 0.023529411764705882 0.06198347107438017
1 0.7274509803921568 0.1618457300275482 0.013333333333333332 0.03168044077134986
1 0.7486274509803921 0.17699724517906337 0.014901960784313726 0.03443526170798898
1 0.7364705882352941 0.19008264462809918 0.01568627450980392 0.030303030303030304
1 0.7568627450980392 0.14049586776859505 0.014117647058823528 0.027548209366391185
1 0.7764705882352941 0.1487603305785124 0.012549019607843137 0.030303030303030304
1 0.7909803921568627 0.13636363636363635 0.011764705882352941 0.030303030303030304
1 0.8250980392156863 0.14256198347107438 0.010980392156862745 0.028925619834710745
1 0.7949019607843137 0.18112947658402204 0.014901960784313726 0.03443526170798898
1 0.7768627450980392 0.19352617079889808 0.016470588235294115 0.0371900826446281
1 0.8105882352941176 0.23002754820936638 0.016470588235294115 0.046831955922865015
1 0.8313725490196078 0.20730027548209368 0.01568627450980392 0.04269972451790634
1 0.8611764705882352 0.14807162534435261 0.009411764705882352 0.028925619834710745
1 0.8780392156862745 0.20179063360881544 0.013333333333333332 0.03168044077134986
1 0.8686274509803921 0.21625344352617082 0.016470588235294115 0.04132231404958678
1 0.8552941176470588 0.243801652892562 0.0196078431372549 0.0440771349862259
1 0.8654901960784314 0.30303030303030304 0.021176470588235293 0.05509641873278237
1 0.8968627450980392 0.25550964187327824 0.01803921568627451 0.04269972451790634
1 0.7517647058823529 0.32575757575757575 0.02588235294117647 0.06473829201101929
