1 0.04693877551020409 0.5068119891008174 0.0489795918367347 0.0653950953678474
1 0.12040816326530614 0.5081743869209809 0.04489795918367347 0.06267029972752043
1 0.1806122448979592 0.5572207084468664 0.07551020408163266 0.10626702997275204
1 0.28775510204081634 0.5381471389645777 0.0653061224489796 0.10081743869209808
1 0.3816326530612245 0.5626702997275204 0.06122448979591837 0.07901907356948229
1 0.363265306122449 0.5354223433242506 0.04081632653061225 0.05722070844686648
1 0.4714285714285715 0.5204359673024523 0.04489795918367347 0.07084468664850135
1 0.5377551020408163 0.44550408719346046 0.04285714285714286 0.07356948228882834
1 0.5275510204081633 0.5694822888283378 0.05918367346938776 0.09264305177111716
1 0.43775510204081636 0.7874659400544959 0.15714285714285717 0.22888283378746593
1 0.6408163265306123 0.5953678474114441 0.07755102040816328 0.11171662125340599
1 0.5989795918367348 0.5122615803814714 0.05918367346938776 0.08719346049046321
1 0.6969387755102041 0.5517711171662125 0.0673469387755102 0.10626702997275204
1 0.9122448979591837 0.8501362397820164 0.17551020408163268 0.2779291553133515
1 0.8551020408163266 0.5722070844686649 0.07755102040816328 0.10899182561307902
