1 0.18999073215940687 0.42339373970345967 0.03892493049119555 0.0757825370675453
1 0.26506024096385544 0.2660626029654036 0.012974976830398516 0.02471169686985173
1 0.2933271547729379 0.2808896210873147 0.017608897126969416 0.03130148270181219
1 0.2882298424467099 0.25123558484349257 0.018535681186283598 0.03130148270181219
1 0.33688600556070436 0.285831960461285 0.019462465245597776 0.03459637561779242
1 0.37859128822984245 0.27924217462932455 0.015755329008341055 0.03459637561779242
1 0.3600556070435589 0.2355848434925865 0.013901760889712697 0.029654036243822075
1 0.3716404077849861 0.19934102141680396 0.014828544949026877 0.029654036243822075
1 0.3962001853568119 0.20098846787479407 0.013901760889712697 0.023064250411861616
1 0.39295644114921224 0.22817133443163098 0.018535681186283598 0.03130148270181219
1 0.39805375347544025 0.1696869851729819 0.013901760889712697 0.023064250411861616
1 0.4309545875810936 0.18039538714991762 0.016682113067655237 0.02800658978583196
1 0.448563484708063 0.23476112026359144 0.016682113067655237 0.03130148270181219
1 0.48887859128822986 0.22075782537067545 0.015755329008341055 0.036243822075782535
1 0.45783132530120485 0.18698517298187808 0.012974976830398516 0.02800658978583196
1 0.4494902687673772 0.15321252059308071 0.011121408711770158 0.026359143327841845
1 0.4749768303985172 0.15485996705107083 0.012048192771084338 0.019769357495881386
1 0.5166821130676552 0.2042833607907743 0.013901760889712697 0.036243822075782535
1 0.5180722891566265 0.14497528830313014 0.012974976830398516 0.023064250411861616
1 0.5301204819277109 0.171334431630972 0.011121408711770158 0.026359143327841845
1 0.5092678405931418 0.1326194398682043 0.010194624652455977 0.02471169686985173
1 0.49258572752548657 0.1886326194398682 0.012048192771084338 0.02471169686985173
1 0.5013901760889713 0.16392092257001648 0.012974976830398516 0.02800658978583196
1 0.5597775718257646 0.17051070840197693 0.014828544949026877 0.02800658978583196
1 0.582483781278962 0.17215815485996705 0.015755329008341055 0.02800658978583196
1 0.5871177015755329 0.14662273476112025 0.013901760889712697 0.023064250411861616
1 0.6047265987025023 0.15238879736408567 0.015755329008341055 0.02471169686985173
1 0.5903614457831325 0.11943986820428336 0.012974976830398516 0.0214168039538715
1 0.5695088044485634 0.128500823723229 0.010194624652455977 0.026359143327841845
1 0.5569972196478221 0.12767710049423395 0.011121408711770158 0.02471169686985173
1 0.6529193697868397 0.1400329489291598 0.012048192771084338 0.026359143327841845
1 0.6672845227062094 0.11779242174629324 0.012974976830398516 0.02471169686985173
1 0.7080630213160334 0.10543657331136738 0.009267840593141799 0.029654036243822075
1 0.6316033364226136 0.1128500823723229 0.010194624652455977 0.018121911037891267
1 0.6204819277108434 0.10296540362438221 0.010194624652455977 0.02471169686985173
1 0.6404077849860983 0.14085667215815487 0.011121408711770158 0.0214168039538715
1 0.5064874884151993 0.3171334431630972 0.026876737720111215 0.044481054365733116
1 0.5287303058387396 0.34925864909390447 0.021316033364226137 0.04942339373970346
1 0.5602409638554217 0.2602965403624382 0.019462465245597776 0.042833607907743
1 0.6274328081556997 0.24958813838550248 0.016682113067655237 0.044481054365733116
1 0.6306765523632993 0.21252059308072488 0.017608897126969416 0.036243822075782535
1 0.669601482854495 0.2182866556836903 0.017608897126969416 0.03789126853377265
1 0.6691380908248378 0.1672158154859967 0.014828544949026877 0.03130148270181219
1 0.6969416126042632 0.18533772652388797 0.018535681186283598 0.044481054365733116
1 0.6964782205746062 0.15650741350906094 0.013901760889712697 0.023064250411861616
1 0.7298424467099166 0.16803953871499178 0.013901760889712697 0.032948929159802305
1 0.741890639481001 0.11696869851729819 0.013901760889712697 0.029654036243822075
1 0.6075069508804448 0.31054365733113676 0.023169601482854494 0.057660626029654036
1 0.6936978683966636 0.313838550247117 0.028730305838739575 0.051070840197693576
1 0.7293790546802595 0.25205930807248766 0.018535681186283598 0.04612850082372323
1 0.7025023169601483 0.2413509060955519 0.018535681186283598 0.03459637561779242
1 0.7303058387395737 0.20593080724876442 0.012974976830398516 0.032948929159802305
1 0.7511584800741428 0.15733113673805602 0.013901760889712697 0.02471169686985173
1 0.7761816496756256 0.1342668863261944 0.010194624652455977 0.02800658978583196
1 0.7849860982391103 0.14085667215815487 0.012974976830398516 0.02800658978583196
1 0.8127896200185357 0.1598023064250412 0.012974976830398516 0.029654036243822075
1 0.8345690454124189 0.14250411861614498 0.012048192771084338 0.02471169686985173
1 0.8679332715477294 0.1301482701812191 0.010194624652455977 0.023064250411861616
1 0.7706209453197405 0.20922570016474465 0.017608897126969416 0.032948929159802305
1 0.7525486561631141 0.23887973640856672 0.018535681186283598 0.042833607907743
1 0.7493049119555144 0.34102141680395387 0.028730305838739575 0.06589785831960461
1 0.7942539388322521 0.285831960461285 0.018535681186283598 0.047775947281713346
1 0.809082483781279 0.2602965403624382 0.018535681186283598 0.03953871499176277
1 0.830398517145505 0.20840197693574958 0.016682113067655237 0.04118616144975289
1 0.8568118628359592 0.14497528830313014 0.012048192771084338 0.023064250411861616
1 0.8521779425393884 0.18039538714991762 0.012048192771084338 0.02800658978583196
1 0.8883225208526413 0.1696869851729819 0.010194624652455977 0.023064250411861616
1 0.8975903614457832 0.18533772652388797 0.012048192771084338 0.02800658978583196
1 0.9291010194624653 0.16144975288303132 0.010194624652455977 0.026359143327841845
1 0.9193697868396664 0.2158154859967051 0.014828544949026877 0.023064250411861616
1 0.9230769230769231 0.2504118616144975 0.016682113067655237 0.036243822075782535
1 0.901760889712697 0.29736408566721584 0.022242817423540315 0.057660626029654036
1 0.8799814643188137 0.37067545304777594 0.026876737720111215 0.06260296540362438
1 0.8146431881371641 0.3393739703459638 0.029657089898053754 0.05930807248764415
1 0.8378127896200186 0.3031301482701812 0.022242817423540315 0.05601317957166392
1 0.8651529193697869 0.26771004942339377 0.017608897126969416 0.044481054365733116
1 0.8744207599629287 0.20922570016474465 0.015755329008341055 0.04612850082372323
