1 0.12 0.496996996996997 0.056 0.10510510510510511
1 0.16 0.4339339339339339 0.044 0.06906906906906907
1 0.225 0.4339339339339339 0.042 0.06906906906906907
1 0.28700000000000003 0.43843843843843844 0.038 0.07207207207207207
1 0.319 0.4144144144144144 0.03 0.04204204204204204
1 0.386 0.4339339339339339 0.044 0.07507507507507508
1 0.485 0.4189189189189189 0.026000000000000002 0.04504504504504504
1 0.54 0.5840840840840841 0.108 0.1891891891891892
1 0.53 0.45945945945945943 0.052000000000000005 0.08408408408408408
1 0.55 0.43243243243243246 0.04 0.07207207207207207
1 0.5740000000000001 0.2882882882882883 0.024 0.04804804804804805
1 0.623 0.4624624624624625 0.042 0.07207207207207207
1 0.65 0.49399399399399396 0.056 0.09309309309309309
1 0.758 0.4339339339339339 0.044 0.06906906906906907
1 0.796 0.49099099099099097 0.064 0.09309309309309309
1 0.91 0.44144144144144143 0.056 0.0960960960960961
