1 0.20993117010816126 0.36 0.04031465093411996 0.08
1 0.3303834808259587 0.19217391304347828 0.015732546705998034 0.03304347826086956
1 0.3289085545722714 0.22695652173913045 0.018682399213372666 0.036521739130434785
1 0.35152409046214356 0.20869565217391306 0.014749262536873158 0.03130434782608696
1 0.41248770894788594 0.21043478260869566 0.012782694198623403 0.02782608695652174
1 0.4208456243854474 0.1808695652173913 0.015732546705998034 0.034782608695652174
1 0.44296951819075714 0.15913043478260872 0.010816125860373648 0.026086956521739132
1 0.464110127826942 0.14869565217391306 0.009832841691248772 0.029565217391304348
1 0.47197640117994105 0.1373913043478261 0.011799410029498525 0.02782608695652174
1 0.5132743362831859 0.12173913043478261 0.009832841691248772 0.02434782608695652
1 0.5019665683382498 0.14608695652173914 0.010816125860373648 0.02434782608695652
1 0.5526057030481809 0.12695652173913044 0.009832841691248772 0.02434782608695652
1 0.5924287118977385 0.12173913043478261 0.010816125860373648 0.034782608695652174
1 0.6106194690265487 0.10695652173913044 0.011799410029498525 0.026086956521739132
1 0.6047197640117995 0.13478260869565217 0.025565388397246806 0.043478260869565216
1 0.5653883972468043 0.15130434782608695 0.01376597836774828 0.03130434782608696
1 0.5481809242871191 0.19391304347826088 0.016715830875122913 0.04
1 0.456243854473943 0.20782608695652174 0.021632251720747297 0.036521739130434785
1 0.48770894788593905 0.2217391304347826 0.017699115044247787 0.03304347826086956
1 0.5781710914454278 0.2391304347826087 0.021632251720747297 0.043478260869565216
1 0.6317600786627335 0.15304347826086956 0.012782694198623403 0.034782608695652174
1 0.6411012782694199 0.12521739130434784 0.011799410029498525 0.02434782608695652
1 0.644542772861357 0.11304347826086956 0.012782694198623403 0.02782608695652174
1 0.6642084562438545 0.11826086956521739 0.008849557522123894 0.02434782608695652
1 0.6868239921337267 0.12782608695652176 0.018682399213372666 0.029565217391304348
1 0.6991150442477877 0.13391304347826088 0.015732546705998034 0.04173913043478261
1 0.6253687315634219 0.21130434782608695 0.021632251720747297 0.04695652173913044
1 0.5191740412979351 0.2808695652173913 0.025565388397246806 0.050434782608695654
1 0.5919370698131761 0.3156521739130435 0.033431661750245825 0.06434782608695652
1 0.6642084562438545 0.3339130434782609 0.036381514257620456 0.06608695652173913
1 0.6366764995083579 0.25130434782608696 0.02064896755162242 0.04
1 0.6573254670599804 0.2921739130434783 0.022615535889872175 0.034782608695652174
1 0.6651917404129793 0.22869565217391305 0.018682399213372666 0.04
1 0.6705998033431663 0.1826086956521739 0.019665683382497544 0.034782608695652174
1 0.7040314650934121 0.20347826086956522 0.019665683382497544 0.03826086956521739
1 0.7094395280235989 0.1634782608695652 0.028515240904621438 0.05565217391304348
1 0.7409046214355949 0.1808695652173913 0.016715830875122913 0.04173913043478261
1 0.7556538839724681 0.13217391304347825 0.016715830875122913 0.034782608695652174
1 0.7669616519174042 0.1547826086956522 0.017699115044247787 0.03826086956521739
1 0.7792527040314652 0.14347826086956522 0.02064896755162242 0.04
1 0.7222222222222222 0.24608695652173915 0.022615535889872175 0.05391304347826087
1 0.724188790560472 0.3739130434782609 0.0344149459193707 0.06956521739130435
1 0.8195673549655851 0.36086956521739133 0.026548672566371685 0.04695652173913044
1 0.80039331366765 0.2808695652173913 0.021632251720747297 0.04695652173913044
1 0.7920353982300885 0.21391304347826087 0.018682399213372666 0.034782608695652174
1 0.7984267453294003 0.17043478260869566 0.01376597836774828 0.03826086956521739
1 0.8303834808259587 0.1826086956521739 0.014749262536873158 0.02434782608695652
1 0.8436578171091446 0.16 0.011799410029498525 0.02782608695652174
1 0.8765978367748279 0.16260869565217392 0.016715830875122913 0.036521739130434785
1 0.9139626352015733 0.17304347826086958 0.012782694198623403 0.03304347826086956
1 0.9213372664700099 0.17478260869565218 0.011799410029498525 0.029565217391304348
1 0.9464110127826942 0.18347826086956523 0.010816125860373648 0.03304347826086956
1 0.844149459193707 0.22086956521739132 0.014749262536873158 0.034782608695652174
1 0.8348082595870207 0.3060869565217391 0.02359882005899705 0.052173913043478265
1 0.8780727630285153 0.2643478260869565 0.02359882005899705 0.04521739130434783
1 0.8824975417895773 0.22521739130434784 0.016715830875122913 0.03304347826086956
1 0.9178957718780728 0.24869565217391304 0.016715830875122913 0.04173913043478261
1 0.9346116027531958 0.2426086956521739 0.016715830875122913 0.04695652173913044
1 0.9513274336283186 0.22521739130434784 0.016715830875122913 0.04
1 0.9277286135693216 0.29043478260869565 0.024582104228121928 0.04173913043478261
1 0.9119960668633236 0.3417391304347826 0.022615535889872175 0.05739130434782609
1 0.8972468043264504 0.4347826086956522 0.028515240904621438 0.07652173913043478
1 0.8682399213372666 0.19478260869565217 0.01376597836774828 0.034782608695652174
1 0.8131760078662734 0.1982608695652174 0.01376597836774828 0.034782608695652174
1 0.5137659783677483 0.16260869565217392 0.012782694198623403 0.026086956521739132
1 0.5339233038348082 0.1582608695652174 0.015732546705998034 0.02782608695652174
1 0.5875122910521141 0.17391304347826086 0.018682399213372666 0.03826086956521739
1 0.599803343166175 0.14956521739130435 0.015732546705998034 0.034782608695652174
1 0.5093411996066863 0.14 0.011799410029498525 0.019130434782608695
1 0.5245821042281219 0.12956521739130436 0.012782694198623403 0.029565217391304348
1 0.7787610619469028 0.18956521739130436 0.017699115044247787 0.03826086956521739
1 0.8490658800393314 0.19130434782608696 0.018682399213372666 0.03826086956521739
