1 0.19704198473282442 0.4460370994940978 0.04866412213740458 0.09274873524451939
1 0.4341603053435114 0.15767284991568295 0.013358778625954198 0.028667790893760536
1 0.4561068702290076 0.16020236087689713 0.01717557251908397 0.03035413153456998
1 0.4847328244274809 0.18043844856661045 0.02099236641221374 0.03709949409780776
1 0.5081106870229007 0.18887015177065766 0.01812977099236641 0.03372681281618887
1 0.48616412213740456 0.1357504215851602 0.012404580152671756 0.03204047217537943
1 0.5062022900763359 0.14418212478920742 0.01812977099236641 0.028667790893760536
1 0.5295801526717557 0.14586846543001686 0.01717557251908397 0.03204047217537943
1 0.7022900763358778 0.18549747048903878 0.019083969465648856 0.03709949409780776
1 0.7213740458015266 0.193929173693086 0.019083969465648856 0.04047217537942664
1 0.7437977099236641 0.18802698145025293 0.01812977099236641 0.03541315345699831
1 0.7619274809160305 0.18381112984822934 0.01812977099236641 0.03372681281618887
1 0.8015267175572519 0.18043844856661045 0.01717557251908397 0.03709949409780776
1 0.8392175572519084 0.19477234401349072 0.016221374045801526 0.042158516020236084
1 0.8826335877862596 0.29342327150084313 0.02099236641221374 0.05733558178752107
1 0.9093511450381679 0.17032040472175378 0.01717557251908397 0.03709949409780776
1 0.9465648854961831 0.1753794266441821 0.015267175572519083 0.03372681281618887
1 0.9389312977099237 0.23187183811129847 0.015267175572519083 0.0387858347386172
