1 0.17345132743362832 0.4416167664670659 0.049557522123893805 0.08682634730538923
1 0.22743362831858407 0.6646706586826348 0.12920353982300886 0.23952095808383234
1 0.26991150442477874 0.4565868263473054 0.047787610619469026 0.08682634730538923
1 0.46194690265486726 0.5284431137724551 0.06725663716814159 0.12275449101796408
1 0.4451327433628319 0.468562874251497 0.04424778761061947 0.07485029940119761
1 0.49557522123893805 0.36976047904191617 0.04247787610619469 0.07485029940119761
1 0.5982300884955752 0.5419161676646707 0.06725663716814159 0.125748502994012
1 0.6238938053097345 0.4940119760479042 0.047787610619469026 0.10179640718562875
1 0.7398230088495575 0.4970059880239521 0.049557522123893805 0.08982035928143713
1 0.8053097345132744 0.3023952095808383 0.035398230088495575 0.07185628742514971
1 0.9176991150442477 0.28742514970059885 0.05132743362831858 0.08383233532934133
