1 0.13563829787234044 0.23392282958199356 0.07340425531914893 0.11093247588424437
1 0.0925531914893617 0.22347266881028938 0.0425531914893617 0.10289389067524116
1 0.1797872340425532 0.2387459807073955 0.04468085106382979 0.08842443729903537
1 0.26382978723404255 0.22186495176848875 0.031914893617021274 0.06430868167202572
1 0.3026595744680851 0.21463022508038584 0.05638297872340425 0.10771704180064308
1 0.36329787234042554 0.20096463022508038 0.03297872340425532 0.05144694533762058
1 0.3973404255319149 0.22186495176848875 0.05 0.09967845659163987
1 0.4367021276595745 0.2210610932475884 0.043617021276595745 0.09163987138263666
1 0.5340425531914894 0.21945337620578778 0.0425531914893617 0.06913183279742766
1 0.6138297872340426 0.19051446945337622 0.03829787234042553 0.06913183279742766
1 0.7276595744680852 0.19533762057877813 0.06808510638297872 0.1045016077170418
1 0.7978723404255319 0.22909967845659163 0.06595744680851064 0.11736334405144694
1 0.8361702127659575 0.1937299035369775 0.0425531914893617 0.08520900321543408
1 0.897340425531915 0.21543408360128616 0.06276595744680852 0.10289389067524116
1 0.9792553191489362 0.1945337620578778 0.04148936170212766 0.10289389067524116
