1 0.59 0.3253968253968254 0.02727272727272727 0.05396825396825397
1 0.6627272727272727 0.5253968253968254 0.034545454545454546 0.06031746031746032
1 0.7836363636363637 0.5079365079365079 0.03636363636363636 0.06349206349206349
1 0.8718181818181818 0.5142857142857142 0.04181818181818182 0.08253968253968254
1 0.9763636363636363 0.5285714285714286 0.04363636363636364 0.09206349206349207
1 0.5654545454545454 0.4793650793650794 0.03636363636363636 0.05714285714285714
1 0.44636363636363635 0.5063492063492063 0.038181818181818185 0.06666666666666667
1 0.37636363636363634 0.5301587301587302 0.04 0.05714285714285714
1 0.3290909090909091 0.5285714285714286 0.03272727272727273 0.05396825396825397
1 0.2809090909090909 0.48095238095238096 0.03090909090909091 0.047619047619047616
1 0.09909090909090909 0.5063492063492063 0.034545454545454546 0.06031746031746032
