0 0.817134268537074 0.3756281407035176 0.04308617234468937 0.10804020100502512
0 0.7454909819639278 0.38190954773869346 0.038076152304609215 0.12060301507537688
0 0.6843687374749499 0.4233668341708543 0.038076152304609215 0.11306532663316583
0 0.6247494989979959 0.40954773869346733 0.03707414829659318 0.10050251256281408
0 0.563627254509018 0.45603015075376885 0.03507014028056112 0.10301507537688442
0 0.5040080160320641 0.4434673366834171 0.03406813627254509 0.11306532663316583
0 0.42985971943887774 0.42839195979899497 0.038076152304609215 0.10804020100502512
0 0.3612224448897795 0.4221105527638191 0.041082164328657314 0.11557788944723618
0 0.29809619238476953 0.4120603015075377 0.03907815631262525 0.11055276381909548
0 0.2289579158316633 0.41457286432160806 0.04308617234468937 0.12060301507537688
0 0.1593186372745491 0.4007537688442211 0.04208416833667334 0.12311557788944724
