1 0.20321100917431195 0.4795417348608838 0.05045871559633028 0.10147299509001637
1 0.39587155963302756 0.4795417348608838 0.07064220183486239 0.14729950900163666
1 0.2738532110091743 0.2291325695581015 0.01926605504587156 0.03927986906710311
1 0.3041284403669725 0.21603927986906712 0.01743119266055046 0.03600654664484452
1 0.32935779816513766 0.18003273322422259 0.01651376146788991 0.03927986906710311
1 0.3284403669724771 0.23649754500818332 0.01834862385321101 0.03109656301145663
1 0.3229357798165138 0.21603927986906712 0.014678899082568808 0.029459901800327332
1 0.35183486238532113 0.1939443535188216 0.01926605504587156 0.03436988543371522
1 0.36284403669724774 0.24386252045826515 0.02110091743119266 0.03927986906710311
1 0.3807339449541285 0.20130932896890344 0.01834862385321101 0.03927986906710311
1 0.37522935779816513 0.1661211129296236 0.014678899082568808 0.03109656301145663
1 0.4073394495412844 0.2569558101472995 0.023853211009174313 0.0458265139116203
1 0.4077981651376147 0.21358428805237317 0.01926605504587156 0.04091653027823241
1 0.4408256880733945 0.20294599018003273 0.024770642201834864 0.03600654664484452
1 0.4321100917431193 0.13011456628477905 0.01834862385321101 0.027823240589198037
1 0.4669724770642202 0.11620294599018004 0.014678899082568808 0.03273322422258593
1 0.47981651376146794 0.14484451718494273 0.014678899082568808 0.03436988543371522
1 0.47522935779816516 0.15384615384615385 0.01651376146788991 0.029459901800327332
1 0.49587155963302754 0.18985270049099837 0.024770642201834864 0.03273322422258593
1 0.4729357798165138 0.18412438625204583 0.02110091743119266 0.03436988543371522
1 0.5073394495412844 0.1513911620294599 0.014678899082568808 0.03109656301145663
1 0.49587155963302754 0.11211129296235679 0.011926605504587157 0.024549918166939445
1 0.5178899082568807 0.12765957446808512 0.013761467889908258 0.03273322422258593
1 0.5298165137614679 0.12684124386252046 0.011926605504587157 0.024549918166939445
1 0.5454128440366973 0.1260229132569558 0.011926605504587157 0.029459901800327332
1 0.5504587155963303 0.1661211129296236 0.01651376146788991 0.03109656301145663
1 0.5967889908256881 0.11456628477905074 0.015596330275229359 0.03273322422258593
1 0.6091743119266055 0.11702127659574468 0.011009174311926606 0.027823240589198037
1 0.6174311926605505 0.10310965630114567 0.011009174311926606 0.019639934533551555
1 0.6422018348623854 0.10801963993453356 0.014678899082568808 0.029459901800327332
1 0.6490825688073395 0.132569558101473 0.015596330275229359 0.029459901800327332
1 0.6729357798165138 0.11702127659574468 0.013761467889908258 0.027823240589198037
1 0.7036697247706423 0.11129296235679215 0.014678899082568808 0.029459901800327332
1 0.6252293577981651 0.17266775777414076 0.013761467889908258 0.03109656301145663
1 0.591743119266055 0.15220949263502456 0.025688073394495414 0.02618657937806874
1 0.5573394495412844 0.22995090016366612 0.022935779816513763 0.04746317512274959
1 0.5403669724770642 0.20867430441898527 0.02018348623853211 0.04091653027823241
1 0.6041284403669726 0.24386252045826515 0.026605504587155965 0.05237315875613748
1 0.6880733944954129 0.279050736497545 0.023853211009174313 0.05728314238952537
1 0.7197247706422019 0.3207855973813421 0.028440366972477066 0.05564648117839607
1 0.7463302752293578 0.3297872340425532 0.03211009174311927 0.06382978723404256
1 0.781651376146789 0.30032733224222585 0.023853211009174313 0.05728314238952537
1 0.9050458715596331 0.38543371522094927 0.028440366972477066 0.05073649754500818
1 0.8220183486238533 0.26595744680851063 0.023853211009174313 0.04746317512274959
1 0.7559633027522936 0.24386252045826515 0.02018348623853211 0.0425531914893617
1 0.7206422018348624 0.23158756137479544 0.02110091743119266 0.03764320785597382
1 0.676605504587156 0.21685761047463176 0.022935779816513763 0.044189852700491
1 0.7128440366972477 0.19312602291325698 0.01834862385321101 0.03600654664484452
1 0.7027522935779817 0.1685761047463175 0.01651376146788991 0.03600654664484452
1 0.7293577981651377 0.17103109656301146 0.014678899082568808 0.03764320785597382
1 0.7435779816513762 0.19885433715220951 0.01743119266055046 0.03764320785597382
1 0.7885321100917432 0.23240589198036007 0.01743119266055046 0.03927986906710311
1 0.7701834862385322 0.15548281505728315 0.015596330275229359 0.029459901800327332
1 0.7894495412844037 0.1563011456628478 0.013761467889908258 0.027823240589198037
1 0.7958715596330276 0.13747954173486088 0.013761467889908258 0.019639934533551555
1 0.8188073394495413 0.20294599018003273 0.01926605504587156 0.03273322422258593
1 0.8389908256880735 0.15711947626841244 0.015596330275229359 0.03600654664484452
1 0.8500000000000001 0.14729950900163666 0.011926605504587157 0.02618657937806874
1 0.861467889908257 0.1751227495908347 0.01651376146788991 0.03600654664484452
1 0.8802752293577982 0.27086743044189854 0.01743119266055046 0.03764320785597382
1 0.9344036697247707 0.2569558101472995 0.01743119266055046 0.0425531914893617
1 0.9192660550458716 0.20785597381342064 0.02018348623853211 0.0425531914893617
1 0.9142201834862386 0.176759410801964 0.01743119266055046 0.029459901800327332
1 0.936697247706422 0.16530278232405893 0.011009174311926606 0.03600654664484452
1 0.9009174311926607 0.19967266775777415 0.012844036697247707 0.0425531914893617
1 0.8908256880733946 0.18985270049099837 0.012844036697247707 0.03927986906710311
