1 0.5308333333333334 0.22928994082840237 0.10500000000000001 0.22189349112426035
1 0.745 0.6183431952662721 0.05 0.10059171597633136
1 0.7041666666666667 0.5754437869822485 0.028333333333333335 0.056213017751479286
1 0.8508333333333334 0.17751479289940827 0.14833333333333334 0.34911242603550297
1 0.2775 0.7381656804733727 0.045000000000000005 0.07988165680473372
1 0.17250000000000001 0.7618343195266272 0.04833333333333334 0.09171597633136094
1 0.0975 0.7781065088757396 0.035 0.0650887573964497
1 0.05916666666666667 0.7115384615384616 0.021666666666666667 0.038461538461538464
1 0.11750000000000001 0.6686390532544378 0.025 0.047337278106508875
1 0.16666666666666669 0.6745562130177515 0.02 0.047337278106508875
1 0.21916666666666668 0.6760355029585798 0.025 0.05029585798816568
1 0.275 0.6390532544378698 0.023333333333333334 0.047337278106508875
1 0.3075 0.6449704142011834 0.03166666666666667 0.05917159763313609
1 0.32333333333333336 0.591715976331361 0.016666666666666666 0.03550295857988166
1 0.42333333333333334 0.6153846153846154 0.02 0.04142011834319526
1 0.14 0.591715976331361 0.013333333333333334 0.029585798816568046
1 0.06166666666666667 0.613905325443787 0.016666666666666666 0.03254437869822485
1 0.052500000000000005 0.6464497041420119 0.021666666666666667 0.03254437869822485
1 0.05583333333333334 0.6760355029585798 0.025 0.026627218934911243
1 0.009166666666666667 0.6715976331360947 0.015000000000000001 0.05325443786982249
