1 0.3159851301115241 0.2425249169435216 0.01486988847583643 0.036544850498338874
1 0.3262081784386617 0.23421926910299004 0.016728624535315983 0.03322259136212625
1 0.3466542750929368 0.23338870431893688 0.020446096654275093 0.03488372093023256
1 0.35641263940520446 0.26993355481727577 0.02695167286245353 0.04152823920265781
1 0.39126394052044605 0.2823920265780731 0.0241635687732342 0.05647840531561462
1 0.3782527881040892 0.24501661129568106 0.020446096654275093 0.03820598006644518
1 0.38289962825278806 0.2026578073089701 0.018587360594795536 0.036544850498338874
1 0.40427509293680297 0.2026578073089701 0.018587360594795536 0.03986710963455149
1 0.44191449814126393 0.1893687707641196 0.015799256505576207 0.036544850498338874
1 0.4591078066914498 0.24335548172757476 0.0241635687732342 0.051495016611295685
1 0.46003717472118955 0.20681063122923588 0.01486988847583643 0.03156146179401993
1 0.4800185873605948 0.2009966777408638 0.019516728624535316 0.03986710963455149
1 0.4893122676579925 0.15946843853820597 0.01765799256505576 0.036544850498338874
1 0.5195167286245352 0.1744186046511628 0.020446096654275093 0.036544850498338874
1 0.5450743494423792 0.16611295681063123 0.02137546468401487 0.036544850498338874
1 0.5836431226765799 0.16943521594684385 0.018587360594795536 0.03986710963455149
1 0.5757434944237918 0.13538205980066445 0.015799256505576207 0.024916943521594685
1 0.6445167286245352 0.06893687707641197 0.015799256505576207 0.03156146179401993
1 0.49674721189591076 0.29900332225913623 0.02695167286245353 0.05647840531561462
1 0.5645910780669144 0.292358803986711 0.030669144981412638 0.05647840531561462
1 0.5975836431226765 0.3230897009966778 0.027881040892193308 0.06478405315614619
1 0.6222118959107806 0.25664451827242524 0.02695167286245353 0.054817275747508304
1 0.6194237918215613 0.21096345514950166 0.02137546468401487 0.04318936877076412
1 0.6482342007434944 0.18272425249169436 0.02137546468401487 0.04318936877076412
1 0.6505576208178439 0.27325581395348836 0.026022304832713755 0.06478405315614619
1 0.6821561338289962 0.19019933554817275 0.018587360594795536 0.04152823920265781
1 0.6886617100371747 0.16362126245847178 0.016728624535315983 0.03488372093023256
1 0.6984200743494423 0.23172757475083058 0.02137546468401487 0.051495016611295685
1 0.7100371747211895 0.2807308970099668 0.026022304832713755 0.05647840531561462
1 0.724907063197026 0.20182724252491696 0.0241635687732342 0.04817275747508306
1 0.7490706319702601 0.23089700996677742 0.026022304832713755 0.05647840531561462
1 0.7648698884758364 0.16777408637873756 0.020446096654275093 0.046511627906976744
1 0.7774163568773234 0.27408637873754155 0.028810408921933085 0.059800664451827246
1 0.8345724907063197 0.32724252491694356 0.026022304832713755 0.0664451827242525
1 0.8550185873605948 0.2674418604651163 0.022304832713754646 0.05647840531561462
1 0.9019516728624535 0.24501661129568106 0.023234200743494422 0.05813953488372093
1 0.925185873605948 0.2516611295681063 0.019516728624535316 0.04817275747508306
