1 0.19444444444444445 0.409688013136289 0.05 0.09359605911330049
1 0.2574074074074074 0.2717569786535304 0.016666666666666666 0.031198686371100164
1 0.287962962962963 0.27504105090311987 0.024074074074074074 0.03776683087027914
1 0.3148148148148148 0.2848932676518883 0.020370370370370372 0.04433497536945813
1 0.39166666666666666 0.2676518883415435 0.018518518518518517 0.0361247947454844
1 0.3652777777777778 0.19376026272577995 0.01388888888888889 0.029556650246305417
1 0.40925925925925927 0.20032840722495895 0.024074074074074074 0.0361247947454844
1 0.41250000000000003 0.1683087027914614 0.017592592592592594 0.027914614121510674
1 0.4412037037037037 0.15763546798029557 0.010185185185185186 0.022988505747126436
1 0.4425925925925926 0.23399014778325122 0.016666666666666666 0.027914614121510674
1 0.38796296296296295 0.22085385878489325 0.020370370370370372 0.03776683087027914
1 0.4847222222222222 0.2134646962233169 0.025 0.03940886699507389
1 0.46481481481481485 0.16912972085385877 0.016666666666666666 0.03284072249589491
1 0.4412037037037037 0.20525451559934318 0.02314814814814815 0.029556650246305417
1 0.4865740740740741 0.1592775041050903 0.021296296296296296 0.04269293924466338
1 0.500462962962963 0.13628899835796388 0.008333333333333333 0.016420361247947456
1 0.5069444444444444 0.20114942528735633 0.017592592592592594 0.041050903119868636
1 0.5231481481481481 0.16584564860426929 0.016666666666666666 0.03940886699507389
1 0.5421296296296296 0.17569786535303777 0.012037037037037037 0.029556650246305417
1 0.4898148148148148 0.34646962233169126 0.02777777777777778 0.03940886699507389
1 0.5625 0.2545155993431855 0.021296296296296296 0.04926108374384236
1 0.5523148148148148 0.12068965517241378 0.012037037037037037 0.02463054187192118
1 0.5912037037037037 0.10919540229885057 0.010185185185185186 0.02134646962233169
1 0.5842592592592593 0.12233169129720853 0.007407407407407408 0.02134646962233169
1 0.5694444444444444 0.17733990147783252 0.018518518518518517 0.03284072249589491
1 0.6037037037037037 0.15517241379310345 0.014814814814814815 0.034482758620689655
1 0.6282407407407408 0.1083743842364532 0.017592592592592594 0.026272577996715927
1 0.6171296296296297 0.3169129720853859 0.030555555555555558 0.04926108374384236
1 0.6263888888888889 0.23891625615763545 0.019444444444444445 0.04433497536945813
1 0.6537037037037037 0.18801313628899835 0.024074074074074074 0.04433497536945813
1 0.6666666666666667 0.11904761904761904 0.011111111111111112 0.02463054187192118
1 0.6393518518518518 0.14285714285714285 0.019444444444444445 0.03284072249589491
1 0.6916666666666667 0.11494252873563218 0.014814814814814815 0.03284072249589491
1 0.6819444444444445 0.3284072249589491 0.028703703703703703 0.059113300492610835
1 0.6606481481481482 0.22003284072249588 0.019444444444444445 0.0361247947454844
1 0.6824074074074075 0.18801313628899835 0.022222222222222223 0.04433497536945813
1 0.700462962962963 0.19129720853858784 0.02314814814814815 0.0541871921182266
1 0.6888888888888889 0.24794745484400657 0.020370370370370372 0.05582922824302135
1 0.7134259259259259 0.25041050903119866 0.02314814814814815 0.05747126436781609
1 0.7208333333333333 0.18883415435139572 0.021296296296296296 0.04926108374384236
1 0.7462962962962963 0.11658456486042693 0.011111111111111112 0.029556650246305417
1 0.7703703703703704 0.12807881773399013 0.014814814814814815 0.03284072249589491
1 0.7763888888888889 0.15188834154351397 0.02314814814814815 0.041050903119868636
1 0.762962962962963 0.2077175697865353 0.022222222222222223 0.041050903119868636
1 0.7476851851851852 0.2348111658456486 0.021296296296296296 0.052545155993431854
1 0.7476851851851852 0.3275862068965517 0.032407407407407406 0.05747126436781609
1 0.7875 0.29064039408866993 0.019444444444444445 0.059113300492610835
1 0.8 0.25041050903119866 0.020370370370370372 0.0541871921182266
1 0.7805555555555556 0.3842364532019704 0.03888888888888889 0.08210180623973727
1 0.8375 0.3940886699507389 0.04351851851851852 0.08210180623973727
1 0.8268518518518518 0.1469622331691297 0.018518518518518517 0.03776683087027914
1 0.8231481481481482 0.21510673234811165 0.018518518518518517 0.04269293924466338
1 0.8444444444444444 0.16584564860426929 0.018518518518518517 0.05582922824302135
1 0.8638888888888889 0.13711001642036125 0.012962962962962964 0.02463054187192118
1 0.8736111111111111 0.20935960591133004 0.017592592592592594 0.04433497536945813
1 0.8708333333333333 0.27011494252873564 0.021296296296296296 0.05090311986863711
1 0.8925925925925926 0.2824302134646962 0.018518518518518517 0.04926108374384236
1 0.8833333333333334 0.32922824302134646 0.022222222222222223 0.05747126436781609
1 0.9152777777777779 0.3054187192118227 0.025 0.059113300492610835
1 0.9166666666666667 0.23973727422003283 0.016666666666666666 0.03940886699507389
1 0.9148148148148149 0.2167487684729064 0.014814814814814815 0.03284072249589491
1 0.924537037037037 0.16091954022988506 0.012037037037037037 0.022988505747126436
1 0.8930555555555556 0.15763546798029557 0.017592592592592594 0.03284072249589491
1 0.8912037037037037 0.1839080459770115 0.021296296296296296 0.04597701149425287
1 0.7537037037037038 0.1592775041050903 0.024074074074074074 0.04269293924466338
1 0.5115740740740741 0.15517241379310345 0.01388888888888889 0.027914614121510674
