1 0.3056338028169014 0.17792421746293247 0.01784037558685446 0.042833607907743
1 0.36384976525821594 0.19604612850082373 0.01596244131455399 0.036243822075782535
1 0.392018779342723 0.18533772652388797 0.01784037558685446 0.03459637561779242
1 0.41032863849765255 0.19110378912685339 0.015023474178403756 0.036243822075782535
1 0.4023474178403756 0.21911037891268534 0.01596244131455399 0.029654036243822075
1 0.39342723004694835 0.2899505766062603 0.02253521126760563 0.04612850082372323
1 0.355868544600939 0.30642504118616143 0.024413145539906103 0.03953871499176277
1 0.447887323943662 0.18369028006589785 0.016901408450704224 0.03789126853377265
1 0.4582159624413145 0.20510708401976935 0.020657276995305163 0.03459637561779242
1 0.476056338028169 0.18945634266886327 0.016901408450704224 0.036243822075782535
1 0.49061032863849763 0.20098846787479407 0.01784037558685446 0.03953871499176277
1 0.45774647887323944 0.23228995057660626 0.019718309859154928 0.03953871499176277
1 0.48591549295774644 0.23476112026359144 0.0215962441314554 0.03789126853377265
1 0.5751173708920188 0.14085667215815487 0.01596244131455399 0.03130148270181219
1 0.49014084507042255 0.3039538714991763 0.03004694835680751 0.047775947281713346
1 0.6131455399061033 0.24464579901153213 0.02253521126760563 0.047775947281713346
1 0.7112676056338028 0.19110378912685339 0.0215962441314554 0.04612850082372323
1 0.760093896713615 0.2100494233937397 0.0215962441314554 0.047775947281713346
1 0.9661971830985915 0.10955518945634267 0.015023474178403756 0.03459637561779242
