1 0.2175 0.12593984962406013 0.11 0.19924812030075187
1 0.3225 0.2838345864661654 0.17500000000000002 0.33458646616541354
1 0.46125 0.19924812030075187 0.10250000000000001 0.19548872180451127
1 0.75 0.28195488721804507 0.17 0.3082706766917293
1 0.93125 0.24060150375939848 0.08750000000000001 0.16541353383458646
1 0.85875 0.12781954887218044 0.0675 0.11278195488721804
1 0.8525 0.03759398496240601 0.04 0.06015037593984962
1 0.9137500000000001 0.08270676691729323 0.0425 0.06766917293233082
1 0.9275 0.03383458646616541 0.045 0.06015037593984962
1 0.68875 0.05639097744360902 0.0775 0.10526315789473684
1 0.735 0.039473684210526314 0.04 0.07142857142857142
1 0.76875 0.05263157894736842 0.0375 0.06015037593984962
1 0.75625 0.14285714285714285 0.0575 0.09774436090225563
1 0.61625 0.07706766917293233 0.0525 0.08646616541353383
1 0.5700000000000001 0.03195488721804511 0.035 0.05639097744360902
1 0.62625 0.015037593984962405 0.0375 0.022556390977443608
1 0.5075000000000001 0.12030075187969924 0.07 0.12030075187969924
1 0.485 0.05263157894736842 0.05 0.08270676691729323
1 0.45875 0.02819548872180451 0.0375 0.04887218045112782
1 0.52125 0.022556390977443608 0.0375 0.03759398496240601
1 0.315 0.04887218045112782 0.06 0.09022556390977443
