1 0.17962466487935658 0.31983805668016196 0.04289544235924933 0.08097165991902834
1 0.2225201072386059 0.32793522267206476 0.05361930294906166 0.08097165991902834
1 0.32707774798927614 0.291497975708502 0.03753351206434316 0.06477732793522267
1 0.3672922252010724 0.31376518218623484 0.04289544235924933 0.06882591093117409
1 0.3967828418230563 0.41700404858299595 0.058981233243967826 0.10526315789473684
1 0.4705093833780161 0.4574898785425101 0.0777479892761394 0.12955465587044535
1 0.44235924932975873 0.30364372469635625 0.03753351206434316 0.048582995951417005
1 0.49865951742627346 0.3016194331983806 0.03753351206434316 0.06072874493927126
1 0.5281501340482574 0.27530364372469635 0.032171581769437 0.05668016194331984
1 0.5576407506702413 0.3603238866396761 0.05361930294906166 0.08906882591093118
1 0.5951742627345845 0.2834008097165992 0.032171581769437 0.05668016194331984
1 0.6166219839142091 0.2692307692307692 0.02680965147453083 0.05263157894736842
1 0.6662198391420912 0.2813765182186235 0.029490616621983913 0.05263157894736842
1 0.693029490616622 0.33805668016194335 0.040214477211796246 0.06882591093117409
1 0.6501340482573726 0.402834008097166 0.05630026809651475 0.10121457489878542
1 0.6689008042895442 0.5161943319838057 0.0777479892761394 0.1417004048582996
1 0.8498659517426274 0.4433198380566802 0.058981233243967826 0.12550607287449392
1 0.7975871313672922 0.3684210526315789 0.040214477211796246 0.08097165991902834
1 0.7707774798927615 0.31983805668016196 0.029490616621983913 0.0728744939271255
1 0.8431635388739946 0.32388663967611336 0.029490616621983913 0.05668016194331984
1 0.8592493297587132 0.354251012145749 0.029490616621983913 0.06072874493927126
1 0.9088471849865952 0.41295546558704455 0.0482573726541555 0.08097165991902834
1 0.9155495978552279 0.3299595141700405 0.03485254691689008 0.06882591093117409
1 0.9785522788203753 0.3522267206477733 0.03753351206434316 0.0728744939271255
1 0.8981233243967829 0.5931174089068826 0.09115281501340483 0.1902834008097166
