1 0.09215885947046842 0.24865350089766608 0.019348268839103868 0.04129263913824058
1 0.29633401221995925 0.2199281867145422 0.018329938900203666 0.03770197486535009
1 0.3671079429735234 0.1947935368043088 0.021384928716904276 0.04488330341113106
1 0.38492871690427694 0.16786355475763018 0.018329938900203666 0.03411131059245961
1 0.40580448065173114 0.17594254937163376 0.013238289205702646 0.03590664272890485
1 0.4231160896130346 0.22800718132854578 0.027494908350305495 0.06104129263913824
1 0.4261710794297352 0.17235188509874327 0.01731160896130346 0.02872531418312388
1 0.4322810590631364 0.14901256732495513 0.015274949083503053 0.02872531418312388
1 0.46028513238289204 0.2073608617594255 0.018329938900203666 0.04129263913824058
1 0.4928716904276985 0.2190305206463196 0.024439918533604887 0.04308797127468582
1 0.49694501018329934 0.17684021543985637 0.02036659877800407 0.03770197486535009
1 0.4913441955193482 0.14991023339317774 0.013238289205702646 0.03411131059245961
1 0.46945010183299385 0.13824057450628366 0.01425661914460285 0.025134649910233394
1 0.5045824847250509 0.1526032315978456 0.013238289205702646 0.025134649910233394
1 0.5249490835030549 0.16606822262118492 0.019348268839103868 0.03411131059245961
1 0.5193482688391038 0.1319569120287253 0.01425661914460285 0.026929982046678638
1 0.5483706720977596 0.1400359066427289 0.013238289205702646 0.03231597845601436
1 0.5646639511201629 0.18940754039497307 0.021384928716904276 0.04847396768402155
1 0.585539714867617 0.17863554757630162 0.016293279022403257 0.03770197486535009
1 0.5824847250509164 0.1265709156193896 0.010183299389002035 0.026929982046678638
1 0.5916496945010182 0.1310592459605027 0.012219959266802444 0.02872531418312388
1 0.620672097759674 0.17235188509874327 0.019348268839103868 0.03590664272890485
1 0.6278004073319755 0.13824057450628366 0.01731160896130346 0.02872531418312388
1 0.6120162932790223 0.11400359066427289 0.018329938900203666 0.026929982046678638
1 0.6390020366598778 0.11490125673249552 0.013238289205702646 0.03231597845601436
1 0.6593686354378818 0.1436265709156194 0.019348268839103868 0.02872531418312388
1 0.6670061099796334 0.11220825852782765 0.01425661914460285 0.03052064631956912
1 0.6929735234215886 0.1229802513464991 0.013238289205702646 0.026929982046678638
1 0.689918533604888 0.10412926391382406 0.015274949083503053 0.02872531418312388
1 0.7199592668024439 0.11579892280071814 0.012219959266802444 0.026929982046678638
1 0.7413441955193482 0.13824057450628366 0.016293279022403257 0.03590664272890485
1 0.5743380855397148 0.2755834829443447 0.030549898167006106 0.059245960502693
1 0.570264765784114 0.24685816876122083 0.024439918533604887 0.03411131059245961
1 0.6267820773930753 0.20556552962298025 0.019348268839103868 0.03770197486535009
1 0.6313645621181262 0.25493716337522443 0.02240325865580448 0.053859964093357277
1 0.6766802443991853 0.21274685816876124 0.021384928716904276 0.04488330341113106
1 0.6659877800407331 0.20107719928186715 0.018329938900203666 0.03590664272890485
1 0.6914460285132382 0.1903052064631957 0.02036659877800407 0.0466786355475763
1 0.7026476578411405 0.177737881508079 0.018329938900203666 0.03590664272890485
1 0.6848268839103869 0.2639138240574506 0.027494908350305495 0.0466786355475763
1 0.725050916496945 0.22890484739676842 0.026476578411405292 0.05206463195691203
1 0.7561099796334011 0.21095152603231598 0.021384928716904276 0.03770197486535009
1 0.7525458248472504 0.26750448833034113 0.024439918533604887 0.053859964093357277
1 0.7744399185336048 0.25942549371633755 0.02342158859470468 0.04847396768402155
1 0.8034623217922606 0.32046678635547576 0.026476578411405292 0.06283662477558348
1 0.8615071283095722 0.329443447037702 0.0285132382892057 0.05565529622980252
1 0.9251527494908349 0.3671454219030521 0.027494908350305495 0.06642728904847398
1 0.8879837067209775 0.2585278276481149 0.024439918533604887 0.053859964093357277
1 0.9378818737270875 0.30251346499102333 0.02240325865580448 0.05565529622980252
1 0.8034623217922606 0.21813285457809695 0.02240325865580448 0.05206463195691203
1 0.7505091649694501 0.17953321364452424 0.012219959266802444 0.02872531418312388
1 0.7698574338085539 0.19210053859964094 0.01425661914460285 0.03590664272890485
1 0.7764765784114053 0.1436265709156194 0.015274949083503053 0.03231597845601436
1 0.7902240325865579 0.1570915619389587 0.016293279022403257 0.03052064631956912
1 0.8075356415478614 0.16337522441651706 0.01425661914460285 0.03949730700179534
1 0.8065173116089612 0.1319569120287253 0.01425661914460285 0.03770197486535009
1 0.8228105906313645 0.15080789946140036 0.018329938900203666 0.03949730700179534
1 0.8309572301425661 0.13824057450628366 0.018329938900203666 0.03590664272890485
1 0.8497963340122199 0.24416517055655296 0.019348268839103868 0.0466786355475763
1 0.8533604887983706 0.19748653500897667 0.02036659877800407 0.03590664272890485
1 0.8487780040733197 0.1561938958707361 0.015274949083503053 0.025134649910233394
1 0.8635437881873727 0.14991023339317774 0.016293279022403257 0.03411131059245961
1 0.8767820773930752 0.18491921005385997 0.01425661914460285 0.03590664272890485
1 0.8828920570264764 0.17145421903052066 0.01425661914460285 0.03411131059245961
1 0.9017311608961303 0.15798922800718135 0.015274949083503053 0.03949730700179534
1 0.9226069246435844 0.16427289048473967 0.016293279022403257 0.04129263913824058
1 0.9093686354378818 0.19748653500897667 0.018329938900203666 0.03949730700179534
1 0.9419551934826883 0.23429084380610413 0.018329938900203666 0.04488330341113106
1 0.9577393075356414 0.21364452423698385 0.015274949083503053 0.03949730700179534
1 0.9663951120162931 0.19120287253141832 0.012219959266802444 0.03770197486535009
1 0.9017311608961303 0.23429084380610413 0.021384928716904276 0.03411131059245961
