1 0.046153846153846156 0.5778688524590164 0.04923076923076923 0.06557377049180328
1 0.10230769230769231 0.6198770491803279 0.047692307692307694 0.06762295081967214
1 0.22076923076923077 0.5532786885245902 0.03230769230769231 0.05327868852459017
1 0.2530769230769231 0.5614754098360656 0.04153846153846154 0.05737704918032787
1 0.32076923076923075 0.5512295081967213 0.026153846153846153 0.04098360655737705
1 0.3069230769230769 0.5338114754098361 0.026153846153846153 0.034836065573770496
1 0.3507692307692308 0.5245901639344263 0.027692307692307693 0.04098360655737705
1 0.3792307692307692 0.5379098360655737 0.02923076923076923 0.0430327868852459
1 0.4207692307692308 0.5256147540983607 0.02923076923076923 0.0389344262295082
1 0.5453846153846154 0.4672131147540984 0.026153846153846153 0.036885245901639344
1 0.5861538461538461 0.6127049180327869 0.06153846153846154 0.09016393442622951
1 0.6492307692307693 0.8012295081967213 0.11076923076923077 0.1598360655737705
1 0.7538461538461538 0.6075819672131147 0.055384615384615386 0.09631147540983608
1 0.7169230769230769 0.5635245901639344 0.033846153846153845 0.05737704918032787
1 0.7538461538461538 0.5286885245901639 0.03076923076923077 0.04098360655737705
1 0.6646153846153846 0.5204918032786886 0.03076923076923077 0.05327868852459017
1 0.6361538461538462 0.5522540983606558 0.038461538461538464 0.05122950819672131
