0 0.47325 0.128 0.0275 0.064
0 0.3585 0.524 0.028 0.07200000000000001
0 0.2955 0.524 0.028 0.07200000000000001
0 0.41475 0.521 0.0365 0.076
0 0.451 0.541 0.025 0.076
0 0.47500000000000003 0.541 0.029 0.092
0 0.49675 0.503 0.0245 0.066
0 0.506 0.5545 0.022 0.07100000000000001
0 0.54825 0.5845 0.0335 0.085
0 0.56325 0.507 0.0245 0.066
0 0.62275 0.5535 0.0285 0.077
0 0.6145 0.505 0.026000000000000002 0.062
0 0.6395000000000001 0.524 0.024 0.064
0 0.66625 0.534 0.0265 0.08
0 0.7025 0.5305 0.025 0.069
0 0.705 0.494 0.028 0.064
0 0.75175 0.4905 0.0265 0.057
0 0.7555000000000001 0.5295 0.026000000000000002 0.073
0 0.83525 0.5095000000000001 0.0315 0.069
0 0.81975 0.603 0.035500000000000004 0.084
0 0.7255 0.633 0.034 0.092
0 0.43575 0.726 0.029500000000000002 0.088
