1 0.1875 0.5761846405228759 0.09926470588235294 0.1343954248366013
1 0.23988970588235295 0.6200980392156863 0.10232843137254902 0.12663398692810457
1 0.3466605392156863 0.4959150326797386 0.06219362745098039 0.09395424836601307
1 0.4401041666666667 0.4048202614379085 0.07077205882352941 0.10049019607843138
1 0.2469362745098039 0.42463235294117646 0.037377450980392156 0.05106209150326797
1 0.2305453431372549 0.37540849673202614 0.02542892156862745 0.03758169934640523
1 0.18642769607843138 0.3560049019607843 0.03462009803921569 0.05106209150326797
1 0.1606924019607843 0.3570261437908497 0.022977941176470586 0.04084967320261438
1 0.14169730392156862 0.35947712418300654 0.02849264705882353 0.031862745098039214
1 0.057291666666666664 0.36151960784313725 0.04779411764705882 0.05555555555555556
1 0.6104473039215687 0.6454248366013072 0.09650735294117647 0.1576797385620915
1 0.8108149509803921 0.6094771241830066 0.11121323529411764 0.18137254901960784
1 0.7449448529411764 0.5287990196078431 0.06341911764705882 0.09191176470588236
1 0.5859375 0.49244281045751637 0.05606617647058824 0.09272875816993464
1 0.5212928921568627 0.3670343137254902 0.0389093137254902 0.06658496732026144
1 0.49065563725490197 0.35947712418300654 0.02542892156862745 0.04411764705882353
1 0.5402879901960784 0.36744281045751637 0.024816176470588234 0.04779411764705883
1 0.6063112745098039 0.3758169934640523 0.03431372549019608 0.058823529411764705
1 0.6436887254901961 0.3803104575163399 0.02389705882352941 0.04575163398692811
1 0.6740196078431372 0.35151143790849676 0.030637254901960783 0.06004901960784314
1 0.7248774509803921 0.35947712418300654 0.04105392156862745 0.06209150326797386
