1 0.1903353057199211 0.36336336336336333 0.07297830374753451 0.13213213213213212
1 0.4773175542406312 0.3048048048048048 0.07889546351084813 0.11711711711711711
1 0.5147928994082841 0.22072072072072071 0.07100591715976332 0.14114114114114115
1 0.038461538461538464 0.542042042042042 0.0611439842209073 0.08708708708708708
1 0.3550295857988166 0.5225225225225225 0.04733727810650888 0.07807807807807808
1 0.5936883629191322 0.527027027027027 0.04733727810650888 0.06906906906906907
1 0.7061143984220908 0.3708708708708709 0.06706114398422092 0.1111111111111111
1 0.7485207100591716 0.5435435435435435 0.045364891518737675 0.07207207207207207
1 0.8816568047337279 0.5405405405405406 0.05522682445759369 0.09009009009009009
1 0.9418145956607495 0.5525525525525525 0.0650887573964497 0.1021021021021021
