1 0.06662269129287599 0.4548022598870056 0.048812664907651716 0.07344632768361582
1 0.1629287598944591 0.4604519774011299 0.04617414248021108 0.06967984934086628
1 0.24736147757255936 0.4510357815442561 0.040897097625329816 0.06214689265536723
1 0.22163588390501318 0.4011299435028248 0.023746701846965697 0.04519774011299435
1 0.29353562005277045 0.4105461393596987 0.025065963060686015 0.04896421845574388
1 0.32651715039577833 0.45856873822975514 0.040897097625329816 0.07721280602636535
1 0.3634564643799472 0.4293785310734463 0.027704485488126648 0.04896421845574388
1 0.4221635883905013 0.4500941619585687 0.04221635883905013 0.07156308851224105
1 0.4947229551451187 0.42184557438794723 0.029023746701846966 0.052730696798493404
1 0.5204485488126649 0.40583804143126173 0.022427440633245383 0.04331450094161959
1 0.5098944591029023 0.3804143126177024 0.019788918205804747 0.03389830508474576
1 0.5283641160949868 0.3644067796610169 0.017150395778364115 0.032015065913371
1 0.5481530343007915 0.3785310734463277 0.017150395778364115 0.03389830508474576
1 0.4934036939313984 0.3559322033898305 0.0158311345646438 0.030131826741996232
1 0.5019788918205804 0.31544256120527303 0.014511873350923483 0.02824858757062147
1 0.4518469656992084 0.2947269303201506 0.017150395778364115 0.02824858757062147
1 0.4498680738786279 0.3775894538606403 0.018469656992084433 0.032015065913371
1 0.4234828496042216 0.3983050847457627 0.021108179419525065 0.02824858757062147
1 0.4023746701846966 0.3785310734463277 0.023746701846965697 0.03389830508474576
1 0.3680738786279683 0.3757062146892655 0.023746701846965697 0.032015065913371
1 0.3555408970976253 0.3935969868173258 0.027704485488126648 0.03766478342749529
1 0.7928759894459103 0.48493408662900184 0.036939313984168866 0.06214689265536723
1 0.674802110817942 0.391713747645951 0.019788918205804747 0.030131826741996232
1 0.6840369393139841 0.37382297551789073 0.011873350923482849 0.02448210922787194
