1 0.050833333333333335 0.45663265306122447 0.095 0.34183673469387754
1 0.18083333333333335 0.3877551020408163 0.10833333333333334 0.18367346938775508
1 0.115 0.3252551020408163 0.05333333333333334 0.09948979591836733
1 0.16416666666666668 0.2844387755102041 0.04833333333333334 0.06887755102040816
1 0.23500000000000001 0.30357142857142855 0.07 0.11224489795918366
1 0.29500000000000004 0.3571428571428571 0.06666666666666667 0.14285714285714285
1 0.3116666666666667 0.2614795918367347 0.03333333333333333 0.07908163265306122
1 0.375 0.3112244897959183 0.05666666666666667 0.09183673469387754
1 0.4625 0.2895408163265306 0.058333333333333334 0.11989795918367346
1 0.5733333333333334 0.2193877551020408 0.08666666666666667 0.16326530612244897
1 0.7325 0.29974489795918363 0.07166666666666667 0.14540816326530612
1 0.8641666666666667 0.33163265306122447 0.125 0.22959183673469385
