1 0.12489829129373474 0.4760522496371553 0.04149715215622457 0.0841799709724238
1 0.23311635475996745 0.34615384615384615 0.018714401952807158 0.03918722786647315
1 0.2664768104149715 0.3505079825834543 0.018714401952807158 0.0420899854862119
1 0.2978030919446705 0.36502177068214803 0.01952807160292921 0.0420899854862119
1 0.28803905614320585 0.31059506531204645 0.01790073230268511 0.040638606676342524
1 0.3437754271765663 0.36792452830188677 0.023596419853539462 0.047895500725689405
1 0.36493083807973964 0.33236574746008707 0.015459723352318959 0.03483309143686502
1 0.3600488201790073 0.29753265602322204 0.015459723352318959 0.03773584905660377
1 0.3889340927583401 0.34107402031930334 0.01790073230268511 0.03483309143686502
1 0.41090317331163545 0.33889695210449927 0.01952807160292921 0.036284470246734396
1 0.44182262001627337 0.3497822931785196 0.02115541090317331 0.04354136429608128
1 0.3982912937347437 0.26197387518142234 0.013832384052074858 0.033381712626995644
1 0.41171684296175753 0.30261248185776485 0.01627339300244101 0.033381712626995644
1 0.43978844589096827 0.31059506531204645 0.01708706265256306 0.03483309143686502
1 0.4727420667209113 0.3098693759071118 0.01790073230268511 0.036284470246734396
1 0.419446704637917 0.27213352685050796 0.013832384052074858 0.030478955007256895
1 0.4279902359641985 0.262699564586357 0.013018714401952807 0.026124818577648767
1 0.43205858421480875 0.2822931785195936 0.014646053702196907 0.033381712626995644
1 0.4650122050447518 0.24891146589259797 0.013832384052074858 0.030478955007256895
1 0.4715215622457282 0.24383164005805516 0.012205044751830756 0.03483309143686502
1 0.4711147274206672 0.26995645863570394 0.014646053702196907 0.03193033381712627
1 0.49959316517493896 0.26995645863570394 0.01627339300244101 0.03773584905660377
1 0.5093572009764036 0.26197387518142234 0.013018714401952807 0.033381712626995644
1 0.5191212367778681 0.28592162554426703 0.01627339300244101 0.04354136429608128
1 0.5109845402766476 0.3200290275761974 0.01790073230268511 0.036284470246734396
1 0.5056956875508544 0.38461538461538464 0.028478437754271765 0.06095791001451379
1 0.54759967453214 0.4085631349782293 0.027664768104149716 0.05660377358490566
1 0.5427176566314076 0.3751814223512337 0.02115541090317331 0.047895500725689405
1 0.5386493083807974 0.25616835994194487 0.014646053702196907 0.036284470246734396
1 0.5602115541090317 0.22423802612481858 0.012205044751830756 0.027576197387518143
1 0.5707892595606183 0.22641509433962265 0.012205044751830756 0.026124818577648767
1 0.564279902359642 0.25544267053701014 0.015459723352318959 0.03483309143686502
1 0.564279902359642 0.2808417997097242 0.015459723352318959 0.03918722786647315
1 0.6045565500406834 0.25834542815674894 0.014646053702196907 0.03483309143686502
1 0.6061838893409276 0.22786647314949202 0.011391375101708706 0.03193033381712627
1 0.612286411716843 0.2104499274310595 0.010577705451586655 0.03193033381712627
1 0.628966639544345 0.22496371552975328 0.013018714401952807 0.02902757619738752
1 0.6366965012205045 0.251088534107402 0.012205044751830756 0.03193033381712627
1 0.6598860862489829 0.2220609579100145 0.013018714401952807 0.026124818577648767
1 0.6724979658258746 0.23149492017416545 0.013832384052074858 0.030478955007256895
1 0.6903986981285598 0.23076923076923078 0.013832384052074858 0.03193033381712627
1 0.6692432872253865 0.27866473149492016 0.018714401952807158 0.040638606676342524
1 0.6008950366151342 0.32873730043541366 0.023596419853539462 0.04499274310595065
1 0.6354759967453214 0.31059506531204645 0.01952807160292921 0.040638606676342524
1 0.6468673718470301 0.34760522496371554 0.02115541090317331 0.05079825834542816
1 0.6659886086248983 0.37155297532656023 0.025223759153783564 0.055152394775036286
1 0.6912123677786818 0.3584905660377358 0.02034174125305126 0.05224963715529753
1 0.611879576891782 0.4281567489114659 0.030919446704637917 0.06386066763425254
1 0.6704637917005696 0.44920174165457183 0.03580146460537022 0.06531204644412192
1 0.7034174125305126 0.262699564586357 0.013832384052074858 0.03773584905660377
1 0.7217249796582588 0.2888243831640058 0.01627339300244101 0.03483309143686502
1 0.7432872253864931 0.22786647314949202 0.012205044751830756 0.03193033381712627
1 0.7469487388120423 0.27358490566037735 0.013018714401952807 0.036284470246734396
1 0.7636289666395443 0.28664731494920176 0.013832384052074858 0.03918722786647315
1 0.7827502034174125 0.2728592162554427 0.014646053702196907 0.03483309143686502
1 0.7799023596419853 0.24020319303338172 0.013832384052074858 0.033381712626995644
1 0.8091944670463791 0.2532656023222061 0.012205044751830756 0.033381712626995644
1 0.838486574450773 0.2663280116110305 0.012205044751830756 0.036284470246734396
1 0.855573637103336 0.26995645863570394 0.012205044751830756 0.03483309143686502
1 0.8710333604556549 0.26342525399129174 0.012205044751830756 0.033381712626995644
1 0.8934092758340114 0.295355587808418 0.014646053702196907 0.0420899854862119
1 0.9324654190398698 0.2880986937590711 0.011391375101708706 0.030478955007256895
1 0.9300244100895037 0.3164005805515239 0.013018714401952807 0.03193033381712627
1 0.9259560618388933 0.35921625544267055 0.01790073230268511 0.036284470246734396
1 0.8535394629780308 0.2844702467343977 0.014646053702196907 0.03193033381712627
1 0.886493083807974 0.3229317851959361 0.01708706265256306 0.036284470246734396
1 0.8449959316517494 0.3098693759071118 0.015459723352318959 0.036284470246734396
1 0.8148901545972335 0.306966618287373 0.01708706265256306 0.036284470246734396
1 0.8124491456468673 0.2822931785195936 0.013832384052074858 0.033381712626995644
1 0.8645240032546786 0.3454281567489115 0.01708706265256306 0.04934687953555878
1 0.8083807973962571 0.35268505079825835 0.018714401952807158 0.04354136429608128
1 0.807567127746135 0.3686502177068215 0.02034174125305126 0.04354136429608128
1 0.9149715215622457 0.4020319303338171 0.023596419853539462 0.055152394775036286
1 0.855166802278275 0.41799709724238027 0.022782750203417412 0.05224963715529753
1 0.9076484947111473 0.46879535558780844 0.028478437754271765 0.06676342525399129
1 0.8441822620016273 0.44847605224963716 0.025223759153783564 0.04934687953555878
1 0.7408462164361269 0.40493468795355586 0.028478437754271765 0.055152394775036286
1 0.7851912123677787 0.41291727140783746 0.027664768104149716 0.05660377358490566
1 0.8014646053702197 0.49709724238026126 0.030919446704637917 0.059506531204644414
1 0.709113100081367 0.5166908563134979 0.03824247355573637 0.08127721335268505
