1 0.14453125 0.24722222222222223 0.0859375 0.18888888888888888
1 0.23593750000000002 0.13472222222222222 0.06875 0.13611111111111113
1 0.15156250000000002 0.04583333333333334 0.0625 0.08611111111111111
1 0.33203125 0.45416666666666666 0.13593750000000002 0.2972222222222222
1 0.41328125000000004 0.24583333333333335 0.1015625 0.19166666666666668
1 0.3453125 0.04166666666666667 0.06875 0.07777777777777778
1 0.46328125000000003 0.14444444444444446 0.0546875 0.1277777777777778
1 0.5125000000000001 0.05416666666666667 0.053125000000000006 0.09722222222222222
1 0.63203125 0.14027777777777778 0.0546875 0.1527777777777778
1 0.6046875 0.4638888888888889 0.109375 0.27222222222222225
1 0.6953125 0.2611111111111111 0.08750000000000001 0.17222222222222222
1 0.6890625 0.061111111111111116 0.053125000000000006 0.09444444444444444
1 0.8773437500000001 0.13472222222222222 0.0734375 0.14166666666666666
