1 0.05625 0.46148148148148144 0.0275 0.048888888888888885
1 0.11791666666666667 0.47333333333333333 0.03916666666666667 0.07259259259259258
1 0.19083333333333335 0.46888888888888886 0.028333333333333335 0.0637037037037037
1 0.20833333333333334 0.4096296296296296 0.025 0.048888888888888885
1 0.25 0.46296296296296297 0.023333333333333334 0.037037037037037035
1 0.26625000000000004 0.4755555555555555 0.020833333333333336 0.038518518518518514
1 0.2816666666666667 0.46296296296296297 0.021666666666666667 0.037037037037037035
1 0.30208333333333337 0.45555555555555555 0.025833333333333337 0.048888888888888885
1 0.38958333333333334 0.4511111111111111 0.04416666666666667 0.08444444444444445
1 0.42125 0.4711111111111111 0.025833333333333337 0.06814814814814814
1 0.4345833333333334 0.4548148148148148 0.02416666666666667 0.05037037037037037
1 0.45458333333333334 0.45185185185185184 0.022500000000000003 0.05333333333333333
1 0.4691666666666667 0.4451851851851852 0.02 0.04
1 0.48125 0.49037037037037035 0.0425 0.06814814814814814
1 0.5058333333333334 0.4488888888888889 0.030000000000000002 0.05333333333333333
1 0.52625 0.45925925925925926 0.029166666666666667 0.056296296296296296
1 0.5379166666666667 0.3911111111111111 0.020833333333333336 0.035555555555555556
1 0.6733333333333333 0.4792592592592592 0.03166666666666667 0.04296296296296296
1 0.7166666666666667 0.45925925925925926 0.025 0.05037037037037037
1 0.7433333333333334 0.45925925925925926 0.030000000000000002 0.059259259259259255
1 0.7675000000000001 0.46296296296296297 0.02 0.04
1 0.78625 0.4785185185185185 0.03416666666666667 0.07407407407407407
1 0.8154166666666667 0.47185185185185186 0.030833333333333334 0.05481481481481481
1 0.8529166666666668 0.4637037037037037 0.0425 0.08592592592592592
1 0.8908333333333334 0.4444444444444444 0.035 0.08
1 0.93625 0.4659259259259259 0.05416666666666667 0.09037037037037036
