1 0.07545271629778673 0.2265625 0.08651911468812878 0.134375
1 0.1659959758551308 0.4296875 0.09054325955734407 0.146875
1 0.261569416498994 0.290625 0.06438631790744467 0.10625000000000001
1 0.24748490945674045 0.4296875 0.08048289738430583 0.146875
1 0.37223340040241454 0.40468750000000003 0.06841046277665996 0.109375
1 0.39235412474849096 0.340625 0.06036217303822938 0.125
1 0.45271629778672035 0.43125 0.052313883299798795 0.1125
1 0.5362173038229376 0.32343750000000004 0.05835010060362174 0.109375
1 0.5533199195171027 0.4453125 0.07243460764587525 0.12812500000000002
1 0.6156941649899397 0.4296875 0.048289738430583505 0.10312500000000001
1 0.6156941649899397 0.3046875 0.07243460764587525 0.115625
1 0.699195171026157 0.2984375 0.05835010060362174 0.115625
1 0.7857142857142858 0.2515625 0.08651911468812878 0.140625
1 0.8792756539235413 0.359375 0.06841046277665996 0.11875000000000001
1 0.08048289738430583 0.36562500000000003 0.06438631790744467 0.1125
1 0.14386317907444668 0.34218750000000003 0.07042253521126761 0.109375
