1 0.041 0.5334224598930482 0.042 0.06684491978609625
1 0.02 0.5026737967914439 0.032 0.0481283422459893
1 0.02 0.4759358288770053 0.028 0.0374331550802139
1 0.083 0.4879679144385026 0.026000000000000002 0.04545454545454545
1 0.129 0.48262032085561496 0.022 0.040106951871657755
1 0.135 0.5387700534759358 0.038 0.05614973262032085
1 0.17400000000000002 0.5387700534759358 0.044 0.07219251336898395
1 0.17400000000000002 0.4946524064171123 0.028 0.0427807486631016
1 0.222 0.4906417112299465 0.024 0.04545454545454545
1 0.248 0.4959893048128342 0.024 0.034759358288770054
1 0.248 0.5334224598930482 0.048 0.06149732620320855
1 0.312 0.49331550802139035 0.036000000000000004 0.04545454545454545
1 0.369 0.4946524064171123 0.034 0.0481283422459893
1 0.404 0.48128342245989303 0.028 0.0427807486631016
1 0.403 0.5641711229946523 0.062 0.0962566844919786
1 0.493 0.48128342245989303 0.026000000000000002 0.0427807486631016
1 0.517 0.5093582887700534 0.03 0.05080213903743315
1 0.526 0.48262032085561496 0.016 0.040106951871657755
1 0.555 0.5040106951871658 0.03 0.04545454545454545
1 0.595 0.47860962566844917 0.022 0.0481283422459893
1 0.836 0.38636363636363635 0.07200000000000001 0.09358288770053476
