1 0.0625 0.5811209439528023 0.10833333333333334 0.23008849557522124
1 0.24083333333333334 0.4078171091445428 0.08833333333333333 0.16371681415929204
1 0.30541666666666667 0.31563421828908556 0.06916666666666667 0.14454277286135692
1 0.32875000000000004 0.6799410029498525 0.14416666666666667 0.28908554572271383
1 0.4054166666666667 0.30162241887905605 0.0475 0.10176991150442477
1 0.4991666666666667 0.29056047197640117 0.05 0.10029498525073746
1 0.6041666666666667 0.2411504424778761 0.043333333333333335 0.08997050147492625
1 0.6304166666666667 0.6172566371681416 0.10416666666666667 0.23156342182890854
1 0.6441666666666667 0.47050147492625366 0.09000000000000001 0.15634218289085544
1 0.8079166666666667 0.3421828908554572 0.0625 0.12684365781710916
1 0.8683333333333334 0.39823008849557523 0.08333333333333334 0.1592920353982301
1 0.8479166666666668 0.3126843657817109 0.0475 0.0943952802359882
1 0.8525 0.2640117994100295 0.04666666666666667 0.07964601769911504
