1 0.03345900094250707 0.39625850340136054 0.021677662582469368 0.057823129251700675
1 0.2639019792648445 0.29676870748299317 0.015080113100848256 0.03571428571428571
1 0.29359095193213947 0.2857142857142857 0.017907634307257305 0.030612244897959183
1 0.30442978322337416 0.26785714285714285 0.01885014137606032 0.03571428571428571
1 0.3185673892554194 0.22704081632653061 0.015080113100848256 0.028911564625850338
1 0.34967012252591895 0.24149659863945577 0.016965127238454288 0.03401360544217687
1 0.3920829406220547 0.211734693877551 0.01885014137606032 0.03571428571428571
1 0.3760603204524034 0.2423469387755102 0.02073515551366635 0.03231292517006803
1 0.3426013195098963 0.2942176870748299 0.017907634307257305 0.03401360544217687
1 0.41517436380772854 0.18282312925170066 0.01413760603204524 0.025510204081632654
1 0.42742695570216777 0.19642857142857142 0.019792648444863337 0.025510204081632654
1 0.45711592836946274 0.16156462585034012 0.016965127238454288 0.023809523809523808
1 0.4830348727615457 0.15816326530612243 0.012252591894439209 0.027210884353741496
1 0.4886899151743638 0.17261904761904762 0.016022620169651274 0.028911564625850338
1 0.5089538171536286 0.157312925170068 0.013195098963242224 0.01870748299319728
1 0.5405278039585297 0.14370748299319727 0.017907634307257305 0.028911564625850338
1 0.5612629594721961 0.12414965986394558 0.012252591894439209 0.023809523809523808
1 0.6008482563619227 0.10714285714285714 0.01413760603204524 0.027210884353741496
1 0.5966069745523092 0.12670068027210885 0.013195098963242224 0.025510204081632654
1 0.6215834118755891 0.11394557823129252 0.01413760603204524 0.023809523809523808
1 0.6526861451460886 0.1096938775510204 0.010367577756833175 0.022108843537414966
1 0.649387370405278 0.13435374149659862 0.016965127238454288 0.030612244897959183
1 0.620640904806786 0.15136054421768708 0.019792648444863337 0.03401360544217687
1 0.5786993402450519 0.17006802721088435 0.01885014137606032 0.03401360544217687
1 0.5631479736098021 0.16921768707482993 0.021677662582469368 0.025510204081632654
1 0.5490103675777568 0.2074829931972789 0.019792648444863337 0.03401360544217687
1 0.4957587181903864 0.2074829931972789 0.016965127238454288 0.027210884353741496
1 0.473138548539114 0.21003401360544216 0.016965127238454288 0.03231292517006803
1 0.46371347785108386 0.20493197278911565 0.016965127238454288 0.03231292517006803
1 0.43166823751178135 0.22959183673469388 0.016965127238454288 0.030612244897959183
1 0.4359095193213949 0.27465986394557823 0.021677662582469368 0.04251700680272109
1 0.4717247879359095 0.2465986394557823 0.021677662582469368 0.03741496598639456
1 0.4825636192271442 0.31632653061224486 0.024505183788878417 0.04081632653061224
1 0.5490103675777568 0.30952380952380953 0.02544769085768143 0.05442176870748299
1 0.6126295947219604 0.3477891156462585 0.03204524033930255 0.04931972789115646
1 0.6870876531573986 0.3435374149659864 0.024505183788878417 0.05102040816326531
1 0.6361922714420358 0.2074829931972789 0.01885014137606032 0.03741496598639456
1 0.6211121583411875 0.27465986394557823 0.024505183788878417 0.04251700680272109
1 0.5702167766258247 0.25 0.02827521206409048 0.05102040816326531
1 0.680961357210179 0.12755102040816327 0.01413760603204524 0.027210884353741496
1 0.7064090480678605 0.10459183673469387 0.012252591894439209 0.03231292517006803
1 0.7441093308199811 0.13010204081632654 0.01413760603204524 0.03571428571428571
1 0.760603204524034 0.12074829931972789 0.015080113100848256 0.027210884353741496
1 0.7733270499528746 0.141156462585034 0.019792648444863337 0.030612244897959183
1 0.7874646559849199 0.12585034013605442 0.01413760603204524 0.03741496598639456
1 0.8072573044297832 0.141156462585034 0.016022620169651274 0.030612244897959183
1 0.8279924599434496 0.1284013605442177 0.012252591894439209 0.03571428571428571
1 0.8411875589066918 0.14625850340136054 0.01413760603204524 0.03741496598639456
1 0.8737040527803959 0.13435374149659862 0.015080113100848256 0.027210884353741496
1 0.9052780395852968 0.13605442176870747 0.010367577756833175 0.030612244897959183
1 0.8741753063147973 0.16156462585034012 0.016022620169651274 0.03741496598639456
1 0.8623939679547596 0.17261904761904762 0.016965127238454288 0.04251700680272109
1 0.8557964184731385 0.20578231292517005 0.02073515551366635 0.04081632653061224
1 0.8317624882186616 0.17517006802721088 0.016022620169651274 0.03401360544217687
1 0.8067860508953817 0.1879251700680272 0.016965127238454288 0.03571428571428571
1 0.7756833176248822 0.17431972789115646 0.022620169651272386 0.03231292517006803
1 0.7549481621112158 0.16241496598639454 0.016965127238454288 0.03571428571428571
1 0.9349670122525918 0.1522108843537415 0.011310084825636193 0.028911564625850338
1 0.9401508011310085 0.18197278911564624 0.017907634307257305 0.030612244897959183
1 0.9330819981149858 0.2193877551020408 0.02073515551366635 0.03741496598639456
1 0.8982092365692742 0.21258503401360543 0.016965127238454288 0.03401360544217687
1 0.9062205466540999 0.17772108843537415 0.019792648444863337 0.03231292517006803
1 0.8755890669180019 0.24319727891156462 0.022620169651272386 0.04081632653061224
1 0.9316682375117813 0.29676870748299317 0.0235626767200754 0.05952380952380952
1 0.8232799245994344 0.23384353741496597 0.0235626767200754 0.05612244897959184
1 0.7657869934024505 0.23384353741496597 0.0235626767200754 0.052721088435374146
1 0.7417530631479736 0.2074829931972789 0.016965127238454288 0.04421768707482993
1 0.7172478793590952 0.15051020408163265 0.015080113100848256 0.0391156462585034
1 0.6988689915174363 0.16666666666666666 0.019792648444863337 0.03741496598639456
1 0.6644674835061263 0.18282312925170066 0.016965127238454288 0.03231292517006803
1 0.6682375117813384 0.21428571428571427 0.016965127238454288 0.05102040816326531
1 0.7064090480678605 0.22534013605442177 0.021677662582469368 0.04251700680272109
1 0.6649387370405277 0.2780612244897959 0.027332704995287463 0.04591836734693877
1 0.73751178133836 0.28741496598639454 0.027332704995287463 0.061224489795918366
1 0.8020735155513666 0.304421768707483 0.02073515551366635 0.061224489795918366
1 0.5942507068803016 0.15136054421768708 0.016022620169651274 0.030612244897959183
1 0.5249764373232799 0.17431972789115646 0.01885014137606032 0.03571428571428571
