1 0.051000000000000004 0.7395833333333333 0.082 0.14583333333333331
1 0.214 0.8050595238095237 0.092 0.14583333333333331
1 0.272 0.7961309523809523 0.07200000000000001 0.13392857142857142
1 0.424 0.4151785714285714 0.068 0.11607142857142856
1 0.488 0.8883928571428571 0.108 0.17559523809523808
1 0.643 0.6979166666666666 0.08600000000000001 0.14583333333333331
1 0.638 0.8839285714285714 0.096 0.19047619047619047
1 0.71 0.837797619047619 0.08 0.16964285714285712
1 0.766 0.7008928571428571 0.068 0.12202380952380952
1 0.852 0.7202380952380952 0.07200000000000001 0.1369047619047619
1 0.976 0.8199404761904762 0.048 0.16964285714285712
1 0.961 0.9345238095238094 0.078 0.11904761904761904
1 0.984 0.6785714285714285 0.032 0.10714285714285714
