1 0.9616666666666668 0.725 0.060000000000000005 0.095
1 0.9400000000000001 0.675 0.04666666666666667 0.075
1 0.9783333333333334 0.64625 0.030000000000000002 0.0475
1 0.9 0.655 0.03333333333333333 0.055
1 0.9208333333333334 0.62875 0.028333333333333335 0.0425
1 0.8175 0.6825 0.04833333333333334 0.075
1 0.78 0.6225 0.02 0.04
1 0.8350000000000001 0.62375 0.02 0.0325
1 0.7191666666666667 0.66125 0.03833333333333334 0.0575
1 0.7475 0.655 0.028333333333333335 0.05
1 0.6975 0.63 0.028333333333333335 0.045
1 0.6658333333333334 0.63875 0.035 0.0525
1 0.6425000000000001 0.66 0.03833333333333334 0.05
1 0.6133333333333334 0.615 0.02666666666666667 0.045
1 0.5833333333333334 0.61875 0.016666666666666666 0.0275
1 0.5691666666666667 0.6062500000000001 0.018333333333333333 0.0275
1 0.5466666666666667 0.62375 0.02666666666666667 0.0375
1 0.5358333333333334 0.605 0.018333333333333333 0.03
1 0.525 0.67625 0.04 0.0775
1 0.5583333333333333 0.85375 0.09666666666666668 0.1625
1 0.4475 0.72875 0.06166666666666667 0.0925
1 0.4316666666666667 0.67625 0.043333333333333335 0.0525
1 0.48833333333333334 0.64625 0.02666666666666667 0.0425
1 0.48250000000000004 0.61375 0.021666666666666667 0.0275
1 0.29083333333333333 0.82625 0.085 0.1125
1 0.3175 0.6587500000000001 0.035 0.0625
1 0.3866666666666667 0.64625 0.02666666666666667 0.0425
1 0.3866666666666667 0.6075 0.02 0.03
1 0.3466666666666667 0.605 0.02 0.035
1 0.325 0.61 0.023333333333333334 0.035
1 0.29833333333333334 0.61375 0.02 0.0325
1 0.28 0.60875 0.016666666666666666 0.0275
1 0.23833333333333334 0.66125 0.030000000000000002 0.0575
1 0.17916666666666667 0.62875 0.035 0.0525
1 0.12333333333333334 0.725 0.05333333333333334 0.085
1 0.0825 0.6975 0.03166666666666667 0.07
1 0.11333333333333334 0.65125 0.03333333333333333 0.0475
1 0.04666666666666667 0.6637500000000001 0.02666666666666667 0.0525
1 0.015833333333333335 0.62 0.025 0.045
1 0.007500000000000001 0.5650000000000001 0.011666666666666667 0.035
1 0.14250000000000002 0.605 0.015000000000000001 0.025
1 0.21833333333333335 0.62 0.02 0.04
1 0.2316666666666667 0.6 0.016666666666666666 0.02
1 0.24500000000000002 0.5975 0.016666666666666666 0.025
1 0.11666666666666667 0.6062500000000001 0.013333333333333334 0.0375
1 0.07916666666666668 0.6012500000000001 0.021666666666666667 0.0275
1 0.45333333333333337 0.6075 0.013333333333333334 0.03
1 0.43083333333333335 0.6075 0.011666666666666667 0.02
