1 0.03907815631262525 0.3870967741935484 0.05410821643286573 0.08387096774193549
1 0.08216432865731463 0.3741935483870968 0.052104208416833664 0.07741935483870968
1 0.17134268537074146 0.3596774193548387 0.04609218436873747 0.08064516129032258
1 0.22945891783567132 0.35 0.04208416833667334 0.07419354838709677
1 0.2284569138276553 0.3016129032258065 0.04008016032064128 0.054838709677419356
1 0.564128256513026 0.18064516129032257 0.04208416833667334 0.07096774193548387
1 0.18637274549098196 0.6112903225806452 0.18837675350701402 0.3258064516129032
1 0.7124248496993988 0.2838709677419355 0.03406813627254509 0.06451612903225806
1 0.8056112224448897 0.36451612903225805 0.044088176352705406 0.10967741935483871
1 0.8446893787575149 0.3774193548387097 0.06613226452905811 0.13548387096774195
1 0.8236472945891783 0.3064516129032258 0.04809619238476953 0.07096774193548387
1 0.9138276553106212 0.4129032258064516 0.09218436873747494 0.18064516129032257
1 0.9368737474949899 0.19516129032258064 0.026052104208416832 0.06774193548387097
