1 0.41363636363636364 0.2103825136612022 0.09272727272727273 0.15300546448087432
1 0.53 0.3989071038251366 0.07090909090909091 0.13114754098360656
1 0.610909090909091 0.476775956284153 0.04363636363636364 0.07923497267759563
1 0.67 0.46994535519125685 0.045454545454545456 0.10382513661202186
1 0.7227272727272728 0.4494535519125683 0.04909090909090909 0.09562841530054644
1 0.6763636363636364 0.5969945355191257 0.05818181818181818 0.09562841530054644
1 0.6 0.6065573770491803 0.08363636363636363 0.14207650273224043
1 0.8527272727272728 0.5915300546448088 0.05818181818181818 0.12295081967213115
1 0.8945454545454545 0.5163934426229508 0.05454545454545454 0.12568306010928962
1 0.9009090909090909 0.43306010928961747 0.03090909090909091 0.07377049180327869
1 0.9463636363636364 0.5 0.05272727272727273 0.10382513661202186
1 0.9472727272727273 0.4453551912568306 0.03636363636363636 0.07103825136612021
1 0.9818181818181818 0.43989071038251365 0.03272727272727273 0.08196721311475409
1 0.9618181818181818 0.639344262295082 0.06181818181818182 0.13114754098360656
1 0.9118181818181819 0.6939890710382514 0.06363636363636363 0.09289617486338798
1 0.8727272727272727 0.8087431693989071 0.08727272727272728 0.15300546448087432
1 0.7845454545454545 0.7568306010928961 0.1 0.15300546448087432
1 0.7936363636363636 0.6693989071038251 0.07090909090909091 0.1092896174863388
1 0.7554545454545455 0.5846994535519126 0.056363636363636366 0.1092896174863388
1 0.6972727272727273 0.7718579234972678 0.06727272727272728 0.11202185792349727
1 0.7881818181818182 0.9043715846994536 0.09636363636363636 0.1366120218579235
1 0.5590909090909091 0.8866120218579235 0.11090909090909092 0.1448087431693989
1 0.4627272727272727 0.7691256830601093 0.07454545454545454 0.13934426229508196
1 0.22272727272727272 0.755464480874317 0.06727272727272728 0.1284153005464481
1 0.3109090909090909 0.7349726775956285 0.06909090909090909 0.10382513661202186
1 0.3290909090909091 0.8183060109289617 0.07272727272727272 0.11748633879781421
1 0.26545454545454544 0.9016393442622951 0.10545454545454545 0.17486338797814208
1 0.06181818181818182 0.8142076502732241 0.10909090909090909 0.17486338797814208
1 0.15272727272727274 0.76775956284153 0.05454545454545454 0.1092896174863388
1 0.2636363636363636 0.6502732240437158 0.05454545454545454 0.09836065573770492
1 0.18272727272727274 0.546448087431694 0.04181818181818182 0.06557377049180328
1 0.20727272727272728 0.6215846994535519 0.05454545454545454 0.08469945355191257
1 0.2018181818181818 0.4972677595628415 0.03272727272727273 0.07103825136612021
1 0.2409090909090909 0.5027322404371585 0.04909090909090909 0.07103825136612021
1 0.12454545454545454 0.5355191256830601 0.056363636363636366 0.08743169398907104
1 0.11727272727272728 0.5819672131147541 0.06 0.06557377049180328
1 0.017272727272727273 0.523224043715847 0.03090909090909091 0.10109289617486339
1 0.060909090909090906 0.6010928961748634 0.04909090909090909 0.08743169398907104
