1 0.03305439330543933 0.41822094691535155 0.027615062761506274 0.05021520803443329
1 0.24393305439330543 0.342180774748924 0.019246861924686193 0.04160688665710187
1 0.2690376569037657 0.36083213773314204 0.024267782426778243 0.05021520803443329
1 0.300418410041841 0.37230989956958394 0.021757322175732216 0.04447632711621234
1 0.297489539748954 0.3156384505021521 0.022594142259414224 0.043041606886657105
1 0.3497907949790795 0.36800573888091825 0.02510460251046025 0.05308464849354376
1 0.3924686192468619 0.35437589670014347 0.01841004184100418 0.03443328550932569
1 0.3857740585774058 0.3285509325681492 0.01841004184100418 0.028694404591104734
1 0.36861924686192465 0.30129124820659975 0.015899581589958158 0.028694404591104734
1 0.401673640167364 0.26327116212338597 0.013389121338912133 0.030129124820659974
1 0.41548117154811715 0.2833572453371593 0.01422594142259414 0.027259684361549498
1 0.4225941422594142 0.30272596843615496 0.016736401673640166 0.03156384505021521
1 0.4221757322175732 0.3486370157819225 0.024267782426778243 0.04017216642754663
1 0.46903765690376564 0.3464849354375897 0.024267782426778243 0.04160688665710187
1 0.45606694560669453 0.3113342898134864 0.01841004184100418 0.03730272596843616
1 0.4430962343096234 0.2890961262553802 0.015899581589958158 0.03299856527977044
1 0.43849372384937235 0.26398852223816355 0.013389121338912133 0.02295552367288379
1 0.4736401673640167 0.25107604017216645 0.013389121338912133 0.028694404591104734
1 0.4841004184100418 0.24031563845050216 0.012552301255230125 0.027259684361549498
1 0.4861924686192468 0.30989956958393117 0.016736401673640166 0.028694404591104734
1 0.48744769874476984 0.27761836441893833 0.017573221757322174 0.030129124820659974
1 0.5158995815899581 0.2697274031563845 0.017573221757322174 0.03730272596843616
1 0.5297071129707113 0.2855093256814921 0.016736401673640166 0.04017216642754663
1 0.5322175732217573 0.25251076040172166 0.013389121338912133 0.03443328550932569
1 0.5518828451882845 0.2647058823529412 0.015899581589958158 0.03299856527977044
1 0.5786610878661087 0.29268292682926833 0.017573221757322174 0.03730272596843616
1 0.5824267782426777 0.27259684361549497 0.013389121338912133 0.028694404591104734
1 0.5882845188284519 0.24820659971305598 0.011715481171548116 0.02582496413199426
1 0.5673640167364017 0.23457675753228122 0.016736401673640166 0.03586800573888092
1 0.5874476987447699 0.22740315638450503 0.01506276150627615 0.030129124820659974
1 0.6209205020920502 0.22812051649928264 0.013389121338912133 0.028694404591104734
1 0.6288702928870292 0.2101865136298422 0.012552301255230125 0.027259684361549498
1 0.6234309623430963 0.2539454806312769 0.013389121338912133 0.028694404591104734
1 0.6447698744769874 0.2216642754662841 0.01422594142259414 0.027259684361549498
1 0.6573221757322175 0.2338593974175036 0.01422594142259414 0.03156384505021521
1 0.6619246861924686 0.2503586800573888 0.016736401673640166 0.03299856527977044
1 0.5330543933054392 0.3235294117647059 0.0200836820083682 0.038737446197991396
1 0.5171548117154812 0.4017216642754663 0.031799163179916316 0.06025824964131995
1 0.5581589958158996 0.37446197991391683 0.02845188284518828 0.05738880918220947
1 0.5623430962343096 0.41104734576757535 0.03514644351464435 0.05595408895265423
1 0.6133891213389121 0.3335724533715926 0.02343096234309623 0.047345767575322814
1 0.6301255230125523 0.38091822094691535 0.02343096234309623 0.047345767575322814
1 0.6284518828451883 0.43758967001434723 0.03514644351464435 0.05738880918220947
1 0.6874476987447699 0.4562410329985653 0.03430962343096234 0.06886657101865137
1 0.6782426778242677 0.3751793400286944 0.02928870292887029 0.05882352941176471
1 0.6656903765690376 0.3436154949784792 0.022594142259414224 0.047345767575322814
1 0.6527196652719665 0.3084648493543759 0.0200836820083682 0.04591104734576758
1 0.6920502092050209 0.27833572453371597 0.01841004184100418 0.03730272596843616
1 0.6719665271966527 0.24390243902439027 0.01506276150627615 0.02582496413199426
1 0.6774058577405857 0.2259684361549498 0.010878661087866108 0.01865136298421808
1 0.6891213389121339 0.2338593974175036 0.012552301255230125 0.02582496413199426
1 0.704602510460251 0.2374461979913917 0.013389121338912133 0.027259684361549498
1 0.7234309623430962 0.2568149210903874 0.015899581589958158 0.028694404591104734
1 0.7418410041841004 0.2955523672883788 0.019246861924686193 0.03730272596843616
1 0.698744769874477 0.3307030129124821 0.021757322175732216 0.04447632711621234
1 0.7573221757322175 0.25251076040172166 0.011715481171548116 0.028694404591104734
1 0.7615062761506276 0.22812051649928264 0.01506276150627615 0.03156384505021521
1 0.7665271966527196 0.2754662840746055 0.016736401673640166 0.03156384505021521
1 0.7845188284518828 0.28766140602582496 0.017573221757322174 0.03586800573888092
1 0.802510460251046 0.23672883787661408 0.01506276150627615 0.028694404591104734
1 0.8317991631799163 0.2532281205164993 0.016736401673640166 0.03586800573888092
1 0.7949790794979079 0.27116212338593976 0.01506276150627615 0.03156384505021521
1 0.7815899581589958 0.257532281205165 0.01506276150627615 0.030129124820659974
1 0.7368200836820084 0.5136298421807748 0.042677824267782424 0.08321377331420374
1 0.7598326359832636 0.40746054519368724 0.02845188284518828 0.05738880918220947
1 0.7092050209205021 0.3615494978479197 0.022594142259414224 0.04591104734576758
1 0.8092050209205021 0.4081779053084649 0.0301255230125523 0.061692969870875185
1 0.8288702928870293 0.3802008608321378 0.022594142259414224 0.05164992826398852
1 0.8343096234309623 0.30774748923959827 0.01841004184100418 0.03586800573888092
1 0.8313807531380752 0.34791965566714494 0.02092050209205021 0.038737446197991396
1 0.8648535564853556 0.4619799139167863 0.027615062761506274 0.06312769010043041
1 0.8577405857740585 0.5480631276901005 0.038493723849372385 0.07173601147776185
1 0.8782426778242677 0.41822094691535155 0.024267782426778243 0.047345767575322814
1 0.898326359832636 0.3615494978479197 0.02594142259414226 0.05164992826398852
1 0.8928870292887029 0.32424677187948353 0.021757322175732216 0.043041606886657105
1 0.8661087866108786 0.3134863701578192 0.0200836820083682 0.03586800573888092
1 0.8774058577405858 0.29268292682926833 0.01422594142259414 0.03443328550932569
1 0.8807531380753137 0.2704447632711621 0.017573221757322174 0.030129124820659974
1 0.8640167364016735 0.266857962697274 0.019246861924686193 0.04017216642754663
1 0.8912133891213389 0.2532281205164993 0.016736401673640166 0.04447632711621234
1 0.9154811715481171 0.2962697274031564 0.016736401673640166 0.038737446197991396
1 0.9481171548117154 0.35939741750358684 0.0200836820083682 0.04160688665710187
1 0.9384937238493724 0.4002869440459111 0.022594142259414224 0.05164992826398852
1 0.9338912133891213 0.4641319942611191 0.031799163179916316 0.06743185078909612
1 0.9464435146443514 0.32568149210903874 0.0200836820083682 0.03443328550932569
1 0.9543933054393305 0.31420373027259685 0.017573221757322174 0.03730272596843616
1 0.9560669456066945 0.2869440459110474 0.019246861924686193 0.04017216642754663
