0 0.4962264150943396 0.30610795454545453 0.06981132075471698 0.1377840909090909
0 0.05377358490566037 0.4363162878787879 0.016981132075471698 0.026988636363636364
0 0.2562893081761006 0.44294507575757575 0.010691823899371069 0.018465909090909092
0 0.7466981132075471 0.44176136363636365 0.008490566037735849 0.015151515151515152
0 0.8199685534591195 0.2284564393939394 0.00660377358490566 0.008996212121212122
0 0.7070754716981131 0.17945075757575757 0.0047169811320754715 0.00946969696969697
0 0.7023584905660377 0.18821022727272727 0.0047169811320754715 0.008049242424242424
0 0.6919811320754716 0.17755681818181818 0.005345911949685534 0.007575757575757576
0 0.6778301886792453 0.18536931818181818 0.005345911949685534 0.009943181818181818
0 0.6591194968553459 0.17660984848484848 0.005660377358490566 0.011363636363636364
0 0.6496855345911949 0.1815814393939394 0.006289308176100628 0.009943181818181818
0 0.07279874213836478 0.25355113636363635 0.005345911949685534 0.008996212121212122
