1 0.07149853085210578 0.29391304347826086 0.025465230166503428 0.03826086956521739
1 0.341332027424094 0.22347826086956524 0.01860920666013712 0.03304347826086956
1 0.346718903036239 0.1826086956521739 0.019588638589618023 0.034782608695652174
1 0.41576885406464253 0.20608695652173914 0.01860920666013712 0.03304347826086956
1 0.44760039177277183 0.2165217391304348 0.019588638589618023 0.036521739130434785
1 0.4838393731635651 0.22 0.019588638589618023 0.03304347826086956
1 0.5215475024485798 0.27217391304347827 0.02644466209598433 0.043478260869565216
1 0.5558276199804114 0.3017391304347826 0.024485798237022526 0.05739130434782609
1 0.6018609206660137 0.30347826086956525 0.034280117531831536 0.06434782608695652
1 0.5734573947110676 0.24173913043478262 0.014691478942213516 0.04173913043478261
1 0.42066601371204704 0.1773913043478261 0.01665034280117532 0.02782608695652174
1 0.42801175318315376 0.15391304347826087 0.015670910871694418 0.022608695652173914
1 0.44906953966699314 0.1808695652173913 0.014691478942213516 0.02782608695652174
1 0.4701273261508325 0.19217391304347828 0.01762977473065622 0.029565217391304348
1 0.4882468168462292 0.14608695652173914 0.012732615083251714 0.02782608695652174
1 0.5024485798237023 0.14956521739130435 0.013712047012732615 0.02782608695652174
1 0.5019588638589618 0.12521739130434784 0.012732615083251714 0.02434782608695652
1 0.5367286973555339 0.1565217391304348 0.011753183153770812 0.020869565217391306
1 0.5259549461312439 0.12260869565217392 0.011753183153770812 0.026086956521739132
1 0.5421155729676788 0.12782608695652176 0.014691478942213516 0.026086956521739132
1 0.539177277179236 0.18869565217391304 0.01860920666013712 0.03304347826086956
1 0.5636630754162586 0.16956521739130434 0.01860920666013712 0.029565217391304348
1 0.5881488736532812 0.17304347826086958 0.01665034280117532 0.029565217391304348
1 0.5886385896180215 0.11217391304347826 0.013712047012732615 0.022608695652173914
1 0.6807051909892262 0.3234782608695652 0.025465230166503428 0.059130434782608696
1 0.7536728697355534 0.33304347826086955 0.01665034280117532 0.05391304347826087
1 0.8349657198824681 0.36695652173913046 0.02644466209598433 0.04869565217391304
1 0.8491674828599413 0.30695652173913046 0.023506366307541625 0.04695652173913044
1 0.9123408423114594 0.3391304347826087 0.01665034280117532 0.04521739130434783
1 0.8682664054848188 0.26956521739130435 0.020568070519098924 0.03826086956521739
1 0.7952987267384917 0.28695652173913044 0.019588638589618023 0.04173913043478261
1 0.7198824681684624 0.2391304347826087 0.023506366307541625 0.036521739130434785
1 0.6660137120470128 0.2173913043478261 0.01762977473065622 0.034782608695652174
1 0.6302644466209598 0.20521739130434782 0.01860920666013712 0.034782608695652174
1 0.5950048971596474 0.1426086956521739 0.012732615083251714 0.02434782608695652
1 0.6052889324191969 0.12173913043478261 0.009794319294809012 0.03130434782608696
1 0.6180215475024486 0.13391304347826088 0.009794319294809012 0.02782608695652174
1 0.6380999020568071 0.14956521739130435 0.010773751224289913 0.02782608695652174
1 0.6341821743388835 0.10521739130434783 0.010773751224289913 0.019130434782608695
1 0.6571988246816847 0.10695652173913044 0.009794319294809012 0.01565217391304348
1 0.6772771792360431 0.12695652173913044 0.012732615083251714 0.02434782608695652
1 0.6875612144955926 0.11043478260869566 0.011753183153770812 0.019130434782608695
1 0.7056807051909892 0.12173913043478261 0.010773751224289913 0.017391304347826087
1 0.722820763956905 0.14608695652173914 0.011753183153770812 0.020869565217391306
1 0.7027424094025465 0.1991304347826087 0.01665034280117532 0.029565217391304348
1 0.7428991185112634 0.17478260869565218 0.012732615083251714 0.029565217391304348
1 0.7487757100881489 0.12695652173913044 0.012732615083251714 0.020869565217391306
1 0.7732615083251714 0.18521739130434783 0.010773751224289913 0.026086956521739132
1 0.786973555337904 0.18956521739130436 0.014691478942213516 0.034782608695652174
1 0.796767874632713 0.16695652173913045 0.012732615083251714 0.020869565217391306
1 0.7786483839373164 0.1408695652173913 0.013712047012732615 0.020869565217391306
1 0.8437806072477964 0.1565217391304348 0.014691478942213516 0.020869565217391306
1 0.8721841332027425 0.17043478260869566 0.012732615083251714 0.034782608695652174
1 0.9084231145935358 0.17391304347826086 0.014691478942213516 0.034782608695652174
1 0.8961802154750245 0.18608695652173915 0.011753183153770812 0.020869565217391306
1 0.8873653281096964 0.20434782608695654 0.015670910871694418 0.03304347826086956
1 0.846718903036239 0.18695652173913044 0.014691478942213516 0.03304347826086956
1 0.8374142997061704 0.21391304347826087 0.015670910871694418 0.03130434782608696
1 0.8095004897159648 0.1965217391304348 0.014691478942213516 0.03130434782608696
1 0.926052889324192 0.24434782608695654 0.014691478942213516 0.036521739130434785
1 0.941234084231146 0.20782608695652174 0.015670910871694418 0.029565217391304348
1 0.9397649363369246 0.17652173913043478 0.014691478942213516 0.029565217391304348
