1 0.13153846153846155 0.37990762124711314 0.09384615384615384 0.14549653579676675
1 0.2530769230769231 0.6524249422632794 0.06923076923076923 0.10854503464203233
1 0.42846153846153845 0.5531177829099307 0.05692307692307692 0.09930715935334873
1 0.47 0.523094688221709 0.04461538461538461 0.07621247113163972
1 0.5892307692307692 0.5265588914549654 0.046153846153846156 0.08314087759815242
1 0.6523076923076923 0.5288683602771362 0.046153846153846156 0.07390300230946882
1 0.7746153846153846 0.4503464203233256 0.04153846153846154 0.07390300230946882
1 0.8576923076923076 0.5889145496535797 0.06307692307692307 0.11547344110854503
1 0.9223076923076923 0.5323325635103926 0.05384615384615385 0.09468822170900693
1 0.9823076923076923 0.543879907621247 0.03538461538461538 0.09468822170900693
