1 0.23706896551724135 0.3819561551433389 0.05076628352490421 0.09274873524451939
1 0.5368773946360152 0.19308600337268128 0.023946360153256702 0.0387858347386172
1 0.5938697318007663 0.15851602023608768 0.017241379310344827 0.03709949409780776
1 0.621647509578544 0.1989881956155143 0.022988505747126436 0.050590219224283306
1 0.6613984674329502 0.1863406408094435 0.018199233716475093 0.03204047217537943
1 0.6719348659003831 0.20404721753794267 0.020114942528735632 0.047217537942664416
1 0.6695402298850575 0.24620573355817874 0.02490421455938697 0.050590219224283306
1 0.7092911877394635 0.19983136593591905 0.018199233716475093 0.042158516020236084
1 0.7456896551724137 0.2057335581787521 0.022030651340996167 0.047217537942664416
1 0.771551724137931 0.24198988195615512 0.02586206896551724 0.05227655986509275
1 0.8247126436781609 0.23608768971332209 0.022988505747126436 0.047217537942664416
1 0.7413793103448275 0.2748735244519393 0.026819923371647507 0.05733558178752107
1 0.736111111111111 0.36677908937605397 0.03160919540229885 0.07925801011804384
1 0.807471264367816 0.3844856661045531 0.032567049808429116 0.08431703204047217
1 0.9238505747126436 0.387858347386172 0.03160919540229885 0.0775716694772344
