1 0.052500000000000005 0.5310650887573964 0.07833333333333334 0.15680473372781065
1 0.14916666666666667 0.47781065088757396 0.085 0.15680473372781065
1 0.2733333333333334 0.4497041420118343 0.06333333333333334 0.1301775147928994
1 0.3425 0.45710059171597633 0.06166666666666667 0.11538461538461538
1 0.38833333333333336 0.6286982248520709 0.15000000000000002 0.3047337278106509
1 0.53 0.5813609467455622 0.11666666666666667 0.23964497041420119
1 0.5175000000000001 0.44822485207100593 0.06166666666666667 0.11538461538461538
1 0.4541666666666667 0.3875739644970414 0.03833333333333334 0.09467455621301775
1 0.4108333333333334 0.4467455621301775 0.058333333333333334 0.11834319526627218
1 0.3866666666666667 0.386094674556213 0.04666666666666667 0.09171597633136094
1 0.54 0.3890532544378698 0.05333333333333334 0.09763313609467456
1 0.5866666666666667 0.40236686390532544 0.03666666666666667 0.08875739644970414
1 0.6791666666666667 0.371301775147929 0.058333333333333334 0.10946745562130178
1 0.7016666666666667 0.5192307692307693 0.10333333333333335 0.1982248520710059
1 0.7658333333333334 0.7115384615384616 0.2016666666666667 0.3698224852071006
1 0.9341666666666667 0.5961538461538461 0.12833333333333335 0.27514792899408286
1 0.9008333333333334 0.4526627218934911 0.06166666666666667 0.1242603550295858
