1 0.051111111111111114 0.45805369127516776 0.08888888888888889 0.16442953020134227
1 0.07111111111111111 0.3775167785234899 0.04888888888888889 0.07718120805369127
1 0.15222222222222223 0.4093959731543624 0.04666666666666667 0.0738255033557047
1 0.19555555555555557 0.38926174496644295 0.04 0.060402684563758385
1 0.2611111111111111 0.4899328859060403 0.07333333333333333 0.1476510067114094
1 0.27555555555555555 0.4110738255033557 0.057777777777777775 0.11073825503355704
1 0.35 0.44295302013422816 0.04666666666666667 0.08053691275167785
1 0.3566666666666667 0.38926174496644295 0.03333333333333333 0.053691275167785234
1 0.39666666666666667 0.4211409395973154 0.06444444444444444 0.11073825503355704
1 0.49444444444444446 0.40268456375838924 0.042222222222222223 0.06711409395973154
1 0.5477777777777778 0.46140939597315433 0.05555555555555555 0.09731543624161074
1 0.5522222222222222 0.4077181208053691 0.03333333333333333 0.06375838926174497
1 0.6077777777777778 0.41946308724832215 0.04666666666666667 0.0738255033557047
1 0.6522222222222223 0.41946308724832215 0.03777777777777778 0.053691275167785234
1 0.6422222222222222 0.2986577181208054 0.026666666666666665 0.04697986577181208
1 0.7088888888888889 0.7432885906040269 0.19555555555555557 0.32550335570469796
1 0.8111111111111111 0.5570469798657718 0.10222222222222223 0.1476510067114094
1 0.8277777777777777 0.47818791946308725 0.06888888888888889 0.11073825503355704
1 0.8644444444444445 0.41946308724832215 0.044444444444444446 0.0738255033557047
