1 0.08671875000000001 0.508235294117647 0.0546875 0.07999999999999999
1 0.16953125000000002 0.5647058823529412 0.060937500000000006 0.10352941176470587
1 0.209375 0.5870588235294117 0.078125 0.12
1 0.37343750000000003 0.3917647058823529 0.03125 0.0588235294117647
1 0.31093750000000003 0.6047058823529411 0.07500000000000001 0.1176470588235294
1 0.4546875 0.36823529411764705 0.028125 0.04470588235294117
1 0.5078125 0.6211764705882352 0.08750000000000001 0.1411764705882353
1 0.628125 0.3741176470588235 0.025 0.05647058823529411
1 0.73359375 0.7129411764705882 0.11093750000000001 0.1976470588235294
1 0.8250000000000001 0.44235294117647056 0.025 0.042352941176470586
1 0.946875 0.48470588235294115 0.040625 0.06588235294117646
