1 0.15544041450777202 0.5135869565217391 0.06217616580310881 0.11630434782608695
1 0.2775259067357513 0.5168478260869566 0.06023316062176166 0.10760869565217392
1 0.4229274611398964 0.5543478260869565 0.054404145077720206 0.11304347826086956
1 0.5385362694300518 0.3766304347826087 0.04339378238341969 0.0923913043478261
1 0.6253238341968912 0.3967391304347826 0.04339378238341969 0.0891304347826087
1 0.6994818652849741 0.5211956521739131 0.05829015544041451 0.125
1 0.7895077720207254 0.503804347826087 0.054404145077720206 0.1358695652173913
1 0.73639896373057 0.3875 0.034974093264248704 0.08369565217391305
1 0.7933937823834197 0.24130434782608695 0.046632124352331605 0.08043478260869566
1 0.7004533678756477 0.2516304347826087 0.03950777202072539 0.07934782608695652
1 0.6256476683937824 0.25706521739130433 0.034974093264248704 0.07282608695652174
1 0.5867875647668394 0.225 0.034974093264248704 0.08043478260869566
1 0.542098445595855 0.22608695652173913 0.036269430051813475 0.08043478260869566
1 0.5064766839378239 0.27010869565217394 0.04145077720207254 0.07717391304347826
1 0.4540155440414508 0.37119565217391304 0.04145077720207254 0.0923913043478261
1 0.43523316062176165 0.23641304347826086 0.034974093264248704 0.08369565217391305
1 0.46437823834196895 0.20978260869565218 0.032383419689119175 0.0782608695652174
1 0.36690414507772023 0.2358695652173913 0.042098445595854926 0.07608695652173914
1 0.31573834196891193 0.37228260869565216 0.052461139896373056 0.10543478260869565
1 0.2930699481865285 0.2668478260869565 0.03950777202072539 0.08152173913043478
1 0.2551813471502591 0.2516304347826087 0.032383419689119175 0.06847826086956522
1 0.2185880829015544 0.25815217391304346 0.034326424870466325 0.07934782608695652
1 0.20498704663212436 0.38315217391304346 0.04598445595854923 0.09021739130434783
1 0.13568652849740934 0.25706521739130433 0.03950777202072539 0.07717391304347826
