1 0.09375 0.42000000000000004 0.0775 0.12000000000000001
1 0.055 0.46166666666666667 0.085 0.11
1 0.058750000000000004 0.535 0.1125 0.13
1 0.0425 0.6166666666666667 0.07 0.16
1 0.3825 0.3066666666666667 0.075 0.11333333333333334
1 0.45375 0.33 0.0775 0.13333333333333333
1 0.52 0.3066666666666667 0.09 0.11333333333333334
1 0.55 0.37000000000000005 0.115 0.18666666666666668
1 0.7000000000000001 0.42333333333333334 0.18 0.25333333333333335
1 0.62375 0.25833333333333336 0.0725 0.10333333333333335
1 0.6875 0.058333333333333334 0.05 0.07666666666666667
1 0.79625 0.27666666666666667 0.10250000000000001 0.16
1 0.72375 0.2566666666666667 0.0725 0.11333333333333334
1 0.6637500000000001 0.24333333333333335 0.0525 0.08666666666666667
1 0.93375 0.18000000000000002 0.0725 0.10666666666666667
