1 0.9650000000000001 0.48118279569892475 0.06666666666666667 0.10752688172043012
1 0.88 0.5255376344086022 0.08 0.12096774193548387
1 0.8175 0.739247311827957 0.15166666666666667 0.24193548387096775
1 0.7658333333333334 0.5161290322580645 0.07166666666666667 0.12903225806451613
1 0.6816666666666668 0.4663978494623656 0.05333333333333334 0.09408602150537636
1 0.7466666666666667 0.3158602150537635 0.030000000000000002 0.05645161290322581
1 0.5683333333333334 0.5806451612903226 0.06333333333333334 0.12365591397849464
1 0.555 0.4731182795698925 0.05666666666666667 0.10215053763440861
1 0.36250000000000004 0.6303763440860215 0.09833333333333334 0.17473118279569894
1 0.43250000000000005 0.4838709677419355 0.045000000000000005 0.06989247311827958
1 0.38583333333333336 0.4838709677419355 0.03166666666666667 0.05376344086021506
1 0.3375 0.4663978494623656 0.04166666666666667 0.06182795698924732
1 0.29750000000000004 0.5349462365591399 0.065 0.10752688172043012
1 0.2675 0.4731182795698925 0.04166666666666667 0.05913978494623656
1 0.2791666666666667 0.42876344086021506 0.028333333333333335 0.05645161290322581
1 0.22583333333333336 0.5026881720430108 0.055 0.06989247311827958
1 0.22166666666666668 0.45967741935483875 0.03666666666666667 0.05376344086021506
1 0.17333333333333334 0.5080645161290323 0.04 0.05913978494623656
1 0.09583333333333334 0.5483870967741936 0.06166666666666667 0.10215053763440861
1 0.05583333333333334 0.5188172043010754 0.045000000000000005 0.06451612903225806
1 0.02416666666666667 0.5403225806451614 0.045000000000000005 0.11290322580645162
