1 0.39576883384932915 0.19636678200692043 0.02373581011351909 0.032871972318339104
1 0.4380804953560371 0.21366782006920415 0.0196078431372549 0.03633217993079585
1 0.46904024767801855 0.23183391003460208 0.025799793601651185 0.04152249134948097
1 0.5748194014447884 0.17560553633217993 0.018575851393188854 0.03633217993079585
1 0.587719298245614 0.19377162629757785 0.017543859649122806 0.04498269896193772
1 0.6584107327141382 0.1332179930795848 0.014447884416924663 0.03114186851211073
1 0.7048503611971104 0.17993079584775087 0.02063983488132095 0.04152249134948097
1 0.7022703818369452 0.21626297577854672 0.02373581011351909 0.04152249134948097
1 0.6527347781217749 0.22837370242214533 0.02373581011351909 0.051903114186851215
1 0.653250773993808 0.277681660899654 0.028895768833849325 0.039792387543252594
1 0.6594427244582043 0.32612456747404844 0.028895768833849325 0.05709342560553633
1 0.7218782249742002 0.26297577854671284 0.025799793601651185 0.04844290657439446
1 0.7554179566563467 0.16955017301038064 0.024767801857585137 0.051903114186851215
1 0.9772961816305469 0.24221453287197234 0.02063983488132095 0.04152249134948097
