1 0.107 0.4369369369369369 0.042 0.08708708708708708
1 0.188 0.44144144144144143 0.044 0.09009009009009009
1 0.23900000000000002 0.36486486486486486 0.042 0.07507507507507508
1 0.291 0.4369369369369369 0.042 0.07507507507507508
1 0.336 0.3843843843843844 0.036000000000000004 0.06606606606606606
1 0.372 0.4519519519519519 0.044 0.08108108108108109
1 0.41300000000000003 0.4039039039039039 0.038 0.057057057057057055
1 0.425 0.47147147147147145 0.046 0.07807807807807808
1 0.47500000000000003 0.47597597597597596 0.042 0.08708708708708708
1 0.528 0.47597597597597596 0.044 0.09309309309309309
1 0.496 0.4084084084084084 0.036000000000000004 0.06606606606606606
1 0.5750000000000001 0.37987987987987987 0.042 0.06306306306306306
1 0.582 0.47597597597597596 0.048 0.08708708708708708
1 0.651 0.44594594594594594 0.042 0.08708708708708708
1 0.65 0.3948948948948949 0.036000000000000004 0.06306306306306306
1 0.72 0.43543543543543545 0.048 0.07807807807807808
1 0.771 0.4174174174174174 0.042 0.07207207207207207
1 0.789 0.4774774774774775 0.05 0.07807807807807808
1 0.854 0.4099099099099099 0.044 0.08108108108108109
