1 0.055625 0.6508333333333334 0.07625 0.095
1 0.046875 0.5691666666666667 0.051250000000000004 0.07166666666666667
1 0.085625 0.51 0.03625 0.05666666666666667
1 0.140625 0.5341666666666667 0.03875 0.055
1 0.179375 0.5416666666666667 0.03625 0.05333333333333334
1 0.180625 0.5991666666666667 0.05375 0.07500000000000001
1 0.15375 0.7533333333333334 0.125 0.15333333333333335
1 0.2725 0.5800000000000001 0.055 0.08333333333333334
1 0.3175 0.5708333333333334 0.0375 0.065
1 0.28125 0.5291666666666667 0.0325 0.055
1 0.38 0.665 0.0725 0.11
1 0.421875 0.5716666666666667 0.04125 0.06666666666666667
1 0.3875 0.5575 0.0425 0.07166666666666667
1 0.39437500000000003 0.45083333333333336 0.02625 0.045000000000000005
1 0.491875 0.5525 0.03625 0.05166666666666667
1 0.540625 0.5908333333333333 0.06125 0.08833333333333333
1 0.5275 0.8158333333333334 0.1325 0.21166666666666667
1 0.689375 0.5883333333333334 0.058750000000000004 0.10666666666666667
1 0.635 0.6183333333333334 0.055 0.06666666666666667
1 0.766875 0.6991666666666667 0.10125 0.165
1 0.829375 0.6425000000000001 0.06375 0.10500000000000001
1 0.884375 0.6233333333333334 0.06125 0.08333333333333334
1 0.916875 0.5733333333333334 0.05375 0.07666666666666667
