1 0.045 0.5519999999999999 0.08600000000000001 0.16
1 0.13 0.4533333333333333 0.092 0.13333333333333333
1 0.061 0.42533333333333334 0.082 0.11466666666666667
1 0.261 0.4493333333333333 0.066 0.104
1 0.35100000000000003 0.47866666666666663 0.082 0.12533333333333332
1 0.434 0.444 0.076 0.12533333333333332
1 0.596 0.2693333333333333 0.064 0.096
1 0.897 0.4653333333333333 0.082 0.12
1 0.92 0.528 0.108 0.13333333333333333
1 0.933 0.5986666666666667 0.126 0.16266666666666665
1 0.9510000000000001 0.772 0.098 0.2373333333333333
