1 0.12548828125 0.5677083333333333 0.0615234375 0.08333333333333333
1 0.1826171875 0.6178385416666666 0.06640625 0.10026041666666666
1 0.35205078125 0.6197916666666666 0.0693359375 0.109375
1 0.462890625 0.6393229166666666 0.0625 0.09635416666666666
1 0.56640625 0.6295572916666666 0.060546875 0.08203125
1 0.67919921875 0.6263020833333333 0.0634765625 0.0859375
1 0.02294921875 0.5768229166666666 0.0419921875 0.08072916666666666
1 0.04052734375 0.5247395833333333 0.0576171875 0.07291666666666666
1 0.09326171875 0.4954427083333333 0.0439453125 0.05859375
1 0.12255859375 0.5006510416666666 0.0341796875 0.053385416666666664
1 0.1162109375 0.45768229166666663 0.044921875 0.053385416666666664
1 0.17236328125 0.4388020833333333 0.0419921875 0.057291666666666664
1 0.19189453125 0.439453125 0.0283203125 0.053385416666666664
1 0.2021484375 0.43033854166666663 0.021484375 0.04817708333333333
1 0.2373046875 0.41861979166666663 0.0234375 0.04296875
1 0.25439453125 0.427734375 0.0224609375 0.03515625
1 0.25732421875 0.361328125 0.0244140625 0.045572916666666664
1 0.482421875 0.3125 0.0234375 0.0390625
1 0.8115234375 0.6555989583333333 0.060546875 0.10546875
1 0.87548828125 0.6184895833333333 0.0556640625 0.078125
1 0.91357421875 0.6354166666666666 0.0654296875 0.09635416666666666
1 0.96875 0.5904947916666666 0.05078125 0.07682291666666666
1 0.92724609375 0.546875 0.0556640625 0.07552083333333333
1 0.87841796875 0.5305989583333333 0.0458984375 0.06380208333333333
1 0.8466796875 0.515625 0.052734375 0.06770833333333333
1 0.79443359375 0.5084635416666666 0.0361328125 0.04296875
1 0.77197265625 0.4720052083333333 0.0380859375 0.05078125
1 0.7421875 0.45703125 0.029296875 0.041666666666666664
1 0.7021484375 0.4446614583333333 0.021484375 0.037760416666666664
1 0.72265625 0.431640625 0.0234375 0.037760416666666664
