1 0.875 0.14574616457461645 0.01129032258064516 0.03207810320781032
1 0.8883064516129032 0.19177126917712692 0.012096774193548387 0.03207810320781032
1 0.8919354838709678 0.21548117154811713 0.017741935483870968 0.043235704323570434
1 0.9282258064516129 0.25871687587168757 0.020967741935483872 0.048814504881450484
1 0.8754032258064516 0.2524407252440725 0.020161290322580645 0.0502092050209205
1 0.8588709677419355 0.3284518828451883 0.020967741935483872 0.0599721059972106
1 0.8536290322580645 0.19177126917712692 0.01532258064516129 0.03765690376569038
1 0.7939516129032258 0.28382147838214783 0.020161290322580645 0.06276150627615062
1 0.842741935483871 0.21757322175732216 0.017741935483870968 0.044630404463040445
1 0.8334677419354839 0.23221757322175732 0.018548387096774192 0.048814504881450484
1 0.7875 0.19456066945606693 0.01532258064516129 0.043235704323570434
1 0.8024193548387096 0.15481171548117154 0.012903225806451613 0.03626220362622036
1 0.8104838709677419 0.17852161785216178 0.016129032258064516 0.03905160390516039
1 0.8205645161290323 0.16875871687587168 0.013709677419354839 0.03626220362622036
1 0.7342741935483871 0.15690376569037656 0.013709677419354839 0.03207810320781032
1 0.7576612903225807 0.1527196652719665 0.013709677419354839 0.03486750348675035
1 0.7705645161290322 0.17433751743375173 0.01532258064516129 0.03626220362622036
1 0.7580645161290323 0.22454672245467225 0.01935483870967742 0.044630404463040445
1 0.7270161290322581 0.22245467224546722 0.016935483870967744 0.043235704323570434
1 0.7419354838709677 0.26220362622036264 0.027419354838709678 0.05578800557880056
1 0.7459677419354839 0.3507670850767085 0.03064516129032258 0.0711297071129707
1 0.6838709677419355 0.3200836820083682 0.025806451612903226 0.07391910739191074
1 0.6729838709677419 0.25174337517433754 0.020161290322580645 0.05439330543933054
1 0.6286290322580645 0.23500697350069735 0.02338709677419355 0.05439330543933054
1 0.6548387096774193 0.22454672245467225 0.01935483870967742 0.044630404463040445
1 0.6532258064516129 0.1708507670850767 0.016129032258064516 0.03765690376569038
1 0.6923387096774194 0.20711297071129706 0.01532258064516129 0.03765690376569038
1 0.6879032258064516 0.17433751743375173 0.014516129032258065 0.030683403068340307
1 0.6782258064516129 0.12622036262203626 0.01129032258064516 0.026499302649930265
1 0.6504032258064516 0.12412831241283123 0.013709677419354839 0.02789400278940028
1 0.6169354838709677 0.10181311018131102 0.01129032258064516 0.022315202231520222
1 0.5955645161290323 0.1631799163179916 0.012096774193548387 0.030683403068340307
1 0.5883064516129032 0.14783821478382148 0.012096774193548387 0.03347280334728033
1 0.6149193548387096 0.14644351464435146 0.012096774193548387 0.030683403068340307
1 0.6237903225806452 0.1387726638772664 0.012096774193548387 0.026499302649930265
1 0.5060483870967742 0.1324965132496513 0.008870967741935484 0.019525801952580194
1 0.5516129032258065 0.15481171548117154 0.012903225806451613 0.02789400278940028
1 0.5475806451612903 0.19456066945606693 0.014516129032258065 0.03765690376569038
1 0.5330645161290323 0.17712691771269176 0.016129032258064516 0.03626220362622036
1 0.5185483870967742 0.1910739191073919 0.016129032258064516 0.03905160390516039
1 0.5778225806451613 0.23779637377963736 0.021774193548387097 0.043235704323570434
1 0.49435483870967745 0.20850767085076707 0.017741935483870968 0.03765690376569038
1 0.45 0.16108786610878661 0.01129032258064516 0.029288702928870293
1 0.4620967741935484 0.1694560669456067 0.012903225806451613 0.03486750348675035
1 0.45483870967741935 0.22803347280334726 0.014516129032258065 0.043235704323570434
1 0.4991935483870968 0.29776847977684795 0.02258064516129032 0.048814504881450484
1 0.5491935483870968 0.31868898186889816 0.027419354838709678 0.05160390516039051
1 0.369758064516129 0.20920502092050208 0.016935483870967744 0.030683403068340307
1 0.4044354838709677 0.1910739191073919 0.012096774193548387 0.02789400278940028
1 0.4245967741935484 0.21687587168758715 0.01532258064516129 0.040446304044630406
1 0.4068548387096774 0.2810320781032078 0.018548387096774192 0.048814504881450484
1 0.36451612903225805 0.2810320781032078 0.016129032258064516 0.046025104602510455
1 0.3346774193548387 0.22524407252440726 0.014516129032258065 0.040446304044630406
1 0.3625 0.24965132496513248 0.016935483870967744 0.03347280334728033
1 0.3209677419354839 0.2608089260808926 0.012903225806451613 0.03347280334728033
1 0.3326612903225806 0.26220362622036264 0.016935483870967744 0.04184100418410042
1 0.2814516129032258 0.2524407252440725 0.012903225806451613 0.02789400278940028
1 0.27661290322580645 0.2698744769874477 0.016129032258064516 0.03486750348675035
1 0.20201612903225807 0.42677824267782427 0.03951612903225806 0.09205020920502091
