1 0.228 0.45045045045045046 0.02 0.024024024024024024
1 0.5630000000000001 0.53003003003003 0.038 0.06906906906906907
1 0.732 0.5585585585585585 0.056 0.1021021021021021
1 0.879 0.6756756756756757 0.122 0.16216216216216217
1 0.844 0.5 0.048 0.06306306306306306
1 0.8150000000000001 0.48648648648648646 0.034 0.05405405405405406
1 0.8250000000000001 0.45645645645645644 0.03 0.04204204204204204
1 0.896 0.45645645645645644 0.032 0.04204204204204204
1 0.971 0.506006006006006 0.058 0.09309309309309309
1 0.758 0.45945945945945943 0.024 0.036036036036036036
1 0.71 0.4774774774774775 0.032 0.06006006006006006
1 0.672 0.4804804804804805 0.02 0.036036036036036036
1 0.685 0.45945945945945943 0.026000000000000002 0.04204204204204204
1 0.664 0.47147147147147145 0.02 0.036036036036036036
1 0.626 0.466966966966967 0.02 0.03303303303303303
1 0.552 0.4804804804804805 0.024 0.04204204204204204
1 0.547 0.45945945945945943 0.018000000000000002 0.024024024024024024
1 0.5640000000000001 0.45045045045045046 0.008 0.018018018018018018
1 0.489 0.46096096096096095 0.014 0.02102102102102102
1 0.456 0.4624624624624625 0.012 0.018018018018018018
1 0.449 0.45645645645645644 0.01 0.018018018018018018
1 0.426 0.47147147147147145 0.024 0.03003003003003003
1 0.394 0.47597597597597596 0.016 0.02102102102102102
1 0.376 0.46996996996997 0.012 0.02102102102102102
1 0.356 0.4744744744744745 0.012 0.018018018018018018
1 0.314 0.47597597597597596 0.016 0.02102102102102102
