1 0.06383855024711697 0.5619546247818499 0.048599670510708404 0.11169284467713787
1 0.17668863261943987 0.2949389179755672 0.020593080724876443 0.041884816753926704
1 0.20675453047775946 0.2801047120418848 0.023064250411861616 0.06108202443280977
1 0.23311367380560133 0.24781849912739964 0.018121911037891267 0.05235602094240838
1 0.2829489291598023 0.23385689354275743 0.020593080724876443 0.05235602094240838
1 0.2915980230642504 0.20157068062827224 0.019769357495881386 0.04712041884816754
1 0.31342668863261947 0.21902268760907503 0.018945634266886325 0.05759162303664921
1 0.33031301482701814 0.20331588132635253 0.016474464579901153 0.04712041884816754
1 0.3542009884678748 0.2530541012216405 0.019769357495881386 0.059336823734729496
1 0.3805601317957166 0.23472949389179756 0.018121911037891267 0.04712041884816754
1 0.3484349258649094 0.18760907504363003 0.016474464579901153 0.04363001745200698
1 0.3743822075782537 0.1806282722513089 0.018945634266886325 0.04712041884816754
1 0.41474464579901155 0.1823734729493892 0.01729818780889621 0.03664921465968587
1 0.4110378912685338 0.15270506108202445 0.016474464579901153 0.03315881326352531
1 0.4159802306425041 0.31413612565445026 0.02471169686985173 0.06282722513089005
1 0.45593080724876445 0.24520069808027925 0.022240527182866558 0.05410122164048866
1 0.4369851729818781 0.15794066317626526 0.01729818780889621 0.04013961605584642
1 0.46334431630971995 0.16230366492146597 0.018945634266886325 0.045375218150087264
1 0.4794069192751236 0.193717277486911 0.014827018121911038 0.038394415357766144
1 0.5135914332784185 0.21640488656195464 0.01729818780889621 0.045375218150087264
1 0.48064250411861614 0.1431064572425829 0.015650741350906095 0.034904013961605584
1 0.5028830313014827 0.16055846422338568 0.01729818780889621 0.045375218150087264
1 0.5144151565074135 0.1518324607329843 0.01400329489291598 0.041884816753926704
1 0.5387149917627677 0.12390924956369982 0.014827018121911038 0.038394415357766144
1 0.5448929159802306 0.15095986038394416 0.018945634266886325 0.03664921465968587
1 0.5667215815485996 0.12216404886561955 0.016474464579901153 0.038394415357766144
1 0.5827841845140033 0.11082024432809773 0.01729818780889621 0.04013961605584642
1 0.5691927512355849 0.16404886561954626 0.018121911037891267 0.041884816753926704
1 0.5605436573311368 0.1980802792321117 0.020593080724876443 0.04712041884816754
1 0.5906095551894563 0.1823734729493892 0.018121911037891267 0.04712041884816754
1 0.5951400329489291 0.14048865619546247 0.01400329489291598 0.03664921465968587
1 0.6107907742998353 0.18760907504363003 0.018945634266886325 0.04363001745200698
1 0.6177924217462932 0.11605584642233857 0.016474464579901153 0.04363001745200698
1 0.6367380560131796 0.13699825479930192 0.016474464579901153 0.04013961605584642
1 0.6470345963756178 0.11692844677137872 0.01729818780889621 0.04886561954624782
1 0.6457990115321253 0.1736474694589878 0.014827018121911038 0.03664921465968587
1 0.6779242174629324 0.15008726003490402 0.014827018121911038 0.038394415357766144
1 0.6849258649093904 0.12303664921465969 0.01729818780889621 0.03664921465968587
1 0.7022240527182867 0.14834205933682373 0.01729818780889621 0.045375218150087264
1 0.5448929159802306 0.337696335078534 0.025535420098846788 0.07504363001745201
1 0.5815485996705108 0.3900523560209424 0.02471169686985173 0.06806282722513089
1 0.6070840197693576 0.2862129144851658 0.029654036243822075 0.06631762652705062
1 0.6507413509060955 0.2600349040139616 0.02471169686985173 0.06282722513089005
1 0.6490939044481054 0.3979057591623037 0.02800658978583196 0.06282722513089005
1 0.7182866556836903 0.393542757417103 0.02800658978583196 0.06806282722513089
1 0.78665568369028 0.4467713787085515 0.03130148270181219 0.08376963350785341
1 0.7195222405271828 0.25741710296684117 0.022240527182866558 0.05759162303664921
1 0.7438220757825371 0.28534031413612565 0.023064250411861616 0.05410122164048866
1 0.7322899505766063 0.21902268760907503 0.019769357495881386 0.0506108202443281
1 0.6997528830313015 0.2024432809773124 0.015650741350906095 0.038394415357766144
1 0.757001647446458 0.1893542757417103 0.011532125205930808 0.03315881326352531
1 0.7697693574958814 0.19197207678883071 0.020593080724876443 0.06631762652705062
1 0.8035420098846787 0.1806282722513089 0.01729818780889621 0.04712041884816754
1 0.8138385502471169 0.21465968586387435 0.018121911037891267 0.041884816753926704
1 0.8233113673805601 0.20418848167539266 0.015650741350906095 0.059336823734729496
1 0.7841845140032949 0.2530541012216405 0.019769357495881386 0.04886561954624782
1 0.807660626029654 0.28883071553228623 0.020593080724876443 0.06108202443280977
1 0.8525535420098846 0.33507853403141363 0.0214168039538715 0.05235602094240838
1 0.8644975288303131 0.3054101221640489 0.020593080724876443 0.06631762652705062
1 0.8855024711696869 0.27486910994764396 0.016474464579901153 0.0506108202443281
1 0.8620263591433278 0.2198952879581152 0.015650741350906095 0.041884816753926704
1 0.8957990115321253 0.2513089005235602 0.01400329489291598 0.045375218150087264
1 0.9015650741350906 0.22513089005235604 0.01400329489291598 0.041884816753926704
1 0.9250411861614498 0.32897033158813266 0.019769357495881386 0.05410122164048866
1 0.9279242174629325 0.26352530541012215 0.012355848434925865 0.041884816753926704
1 0.9435749588138386 0.231239092495637 0.01400329489291598 0.04013961605584642
1 0.8817957166392092 0.41972076788830714 0.023887973640856673 0.08202443280977313
1 0.8620263591433278 0.4930191972076789 0.03377265238879736 0.07853403141361257
1 0.9546952224052718 0.4694589877835951 0.023064250411861616 0.08376963350785341
1 0.9596375617792422 0.3647469458987784 0.019769357495881386 0.04886561954624782
1 0.9724052718286655 0.3630017452006981 0.01729818780889621 0.055846422338568937
1 0.9658154859967051 0.31326352530541013 0.015650741350906095 0.0506108202443281
1 0.9736408566721582 0.2993019197207679 0.013179571663920923 0.03315881326352531
1 0.9794069192751236 0.2486910994764398 0.014827018121911038 0.04013961605584642
