1 0.03922378199834847 0.4866385372714487 0.045417010734929805 0.08157524613220817
1 0.23245251857968618 0.340365682137834 0.018992568125516102 0.03656821378340366
1 0.259289843104872 0.3720112517580872 0.02477291494632535 0.04922644163150492
1 0.28736581337737405 0.31645569620253167 0.01981833195706028 0.03938115330520394
1 0.2968620974401321 0.3663853727144866 0.020644095788604457 0.0379746835443038
1 0.33649876135425266 0.35864978902953587 0.020644095788604457 0.04219409282700422
1 0.35549132947976875 0.33122362869198313 0.01568951279933939 0.035161744022503515
1 0.36003303055326175 0.2939521800281294 0.016515276630883566 0.03375527426160338
1 0.3864574731626755 0.34247538677918427 0.018166804293971925 0.0379746835443038
1 0.41329479768786126 0.339662447257384 0.022295623451692816 0.0379746835443038
1 0.45293146160198183 0.3431786216596343 0.022295623451692816 0.03938115330520394
1 0.4343517753922378 0.3073136427566807 0.016515276630883566 0.029535864978902954
1 0.40999174236168456 0.30520393811533053 0.018992568125516102 0.030942334739803096
1 0.40916597853014036 0.26933895921237694 0.01568951279933939 0.03234880450070324
1 0.393476465730801 0.2749648382559775 0.01568951279933939 0.04078762306610408
1 0.4500412881915772 0.26441631504922647 0.01486374896779521 0.03375527426160338
1 0.435177539223782 0.2390998593530239 0.011560693641618497 0.030942334739803096
1 0.47853014037985137 0.24331926863572434 0.01403798513625103 0.02812939521800281
1 0.47316267547481416 0.27566807313642755 0.016515276630883566 0.030942334739803096
1 0.4710982658959537 0.32137834036568214 0.022295623451692816 0.0379746835443038
1 0.5082576383154418 0.31856540084388185 0.020644095788604457 0.035161744022503515
1 0.5144508670520231 0.26933895921237694 0.01486374896779521 0.026722925457102673
1 0.5239471511147812 0.2721518987341772 0.01403798513625103 0.03234880450070324
1 0.5309661436829066 0.25316455696202533 0.011560693641618497 0.02531645569620253
1 0.5499587118084228 0.2510548523206751 0.016515276630883566 0.026722925457102673
1 0.5681255161023947 0.27918424753867793 0.016515276630883566 0.0379746835443038
1 0.5611065235342692 0.23136427566807313 0.017341040462427744 0.026722925457102673
1 0.5780346820809248 0.22573839662447256 0.01486374896779521 0.029535864978902954
1 0.5842279108175061 0.26230661040787623 0.017341040462427744 0.03234880450070324
1 0.606523534269199 0.24542897327707455 0.01403798513625103 0.02109704641350211
1 0.6056977704376548 0.2250351617440225 0.01403798513625103 0.02812939521800281
1 0.6131296449215524 0.2088607594936709 0.01403798513625103 0.026722925457102673
1 0.6304706853839801 0.22362869198312238 0.01403798513625103 0.02812939521800281
1 0.643682906688687 0.22925457102672292 0.01403798513625103 0.02531645569620253
1 0.6494632535094963 0.24613220815752462 0.01568951279933939 0.02250351617440225
1 0.6659785301403798 0.22011251758087202 0.01403798513625103 0.023909985935302393
1 0.6804293971924029 0.23417721518987342 0.01486374896779521 0.026722925457102673
1 0.7018992568125516 0.22222222222222224 0.013212221304706853 0.02812939521800281
1 0.7076796036333608 0.25246132208157523 0.016515276630883566 0.029535864978902954
1 0.6796036333608587 0.2679324894514768 0.01981833195706028 0.0379746835443038
1 0.6957060280759703 0.3066104078762307 0.022295623451692816 0.04219409282700422
1 0.6399669694467383 0.3080168776371308 0.018166804293971925 0.03656821378340366
1 0.6494632535094963 0.350210970464135 0.022295623451692816 0.0450070323488045
1 0.601981833195706 0.3389592123769339 0.021469859620148635 0.04219409282700422
1 0.6011560693641618 0.3867791842475387 0.02972749793559042 0.047819971870604785
1 0.6102394715111478 0.4268635724331927 0.03303055326176713 0.06610407876230662
1 0.546655656482246 0.4092827004219409 0.02972749793559042 0.05625879043600562
1 0.5363336085879438 0.35443037974683544 0.027250206440957884 0.0450070323488045
1 0.46903385631709327 0.41420534458509145 0.03303055326176713 0.057665260196905765
1 0.6478117258464079 0.4571026722925457 0.033856317093311314 0.06469760900140648
1 0.6597853014037984 0.3755274261603376 0.026424442609413706 0.047819971870604785
1 0.6915772089182494 0.3670886075949367 0.020644095788604457 0.0450070323488045
1 0.7246077621800164 0.4156118143459916 0.03220478943022295 0.06610407876230662
1 0.7068538398018166 0.4810126582278481 0.03633360858794385 0.07876230661040788
1 0.7762180016515277 0.4247538677918425 0.02972749793559042 0.06469760900140648
1 0.8175061932287365 0.3621659634317862 0.023121387283236993 0.046413502109704644
1 0.7312138728323699 0.29043600562587907 0.018992568125516102 0.0379746835443038
1 0.7365813377374071 0.2545710267229255 0.01981833195706028 0.03938115330520394
1 0.764244426094137 0.26652601969057665 0.018992568125516102 0.0379746835443038
1 0.7630057803468208 0.23136427566807313 0.018166804293971925 0.03234880450070324
1 0.7865400495458299 0.25035161744022505 0.01568951279933939 0.030942334739803096
1 0.7997522708505367 0.24824191279887484 0.01403798513625103 0.029535864978902954
1 0.8245251857968621 0.2742616033755274 0.020644095788604457 0.030942334739803096
1 0.7861271676300577 0.29043600562587907 0.01981833195706028 0.03234880450070324
1 0.8212221304706854 0.3108298171589311 0.022295623451692816 0.030942334739803096
1 0.8418662262592898 0.339662447257384 0.018992568125516102 0.035161744022503515
1 0.8443435177539224 0.31645569620253167 0.01568951279933939 0.030942334739803096
1 0.856729975227085 0.28551336146272854 0.01403798513625103 0.03375527426160338
1 0.8484723369116433 0.25949367088607594 0.012386457473162676 0.029535864978902954
1 0.8794384805945499 0.25738396624472576 0.01486374896779521 0.03375527426160338
1 0.9004954582989264 0.2812939521800281 0.01568951279933939 0.03375527426160338
1 0.884393063583815 0.31153305203938114 0.01486374896779521 0.035161744022503515
1 0.8823286540049545 0.36146272855133615 0.022295623451692816 0.047819971870604785
1 0.8678777869529314 0.3720112517580872 0.02477291494632535 0.04922644163150492
1 0.852188274153592 0.43952180028129395 0.02972749793559042 0.057665260196905765
1 0.8340214698596201 0.5056258790436006 0.03303055326176713 0.06891701828410689
1 0.9178364987613542 0.47257383966244726 0.03220478943022295 0.08157524613220817
1 0.9128819157720891 0.32841068917018285 0.018992568125516102 0.04360056258790436
1 0.9244426094137076 0.3143459915611814 0.017341040462427744 0.03234880450070324
1 0.9384805945499587 0.3066104078762307 0.01403798513625103 0.03375527426160338
1 0.9430222956234516 0.2841068917018284 0.011560693641618497 0.02531645569620253
1 0.9483897605284888 0.360056258790436 0.018992568125516102 0.04219409282700422
