1 0.1375 0.37938596491228066 0.034375 0.043859649122807015
1 0.05859375 0.5581140350877193 0.045312500000000006 0.06798245614035087
1 0.146875 0.5087719298245614 0.040625 0.06140350877192982
1 0.1921875 0.5109649122807017 0.028125 0.04824561403508772
1 0.24453125 0.4901315789473684 0.029687500000000002 0.046052631578947366
1 0.28671875 0.48793859649122806 0.029687500000000002 0.041666666666666664
1 0.22890625 0.581140350877193 0.0484375 0.07894736842105263
1 0.278125 0.5646929824561403 0.043750000000000004 0.07236842105263158
1 0.36250000000000004 0.5328947368421052 0.046875 0.06140350877192982
1 0.3453125 0.48793859649122806 0.028125 0.03728070175438596
1 0.3828125 0.48355263157894735 0.03125 0.041666666666666664
1 0.45625000000000004 0.5054824561403508 0.03125 0.046052631578947366
1 0.47578125000000004 0.5526315789473684 0.0390625 0.05701754385964912
1 0.51484375 0.5 0.029687500000000002 0.04824561403508772
1 0.54296875 0.5263157894736842 0.035937500000000004 0.05263157894736842
1 0.6023437500000001 0.4923245614035087 0.026562500000000003 0.046052631578947366
1 0.478125 0.8026315789473684 0.12187500000000001 0.15789473684210525
1 0.66796875 0.6217105263157895 0.0578125 0.1074561403508772
1 0.7367187500000001 0.5701754385964912 0.051562500000000004 0.08771929824561403
1 0.759375 0.5427631578947368 0.037500000000000006 0.05921052631578947
1 0.7921875 0.5175438596491228 0.03125 0.043859649122807015
1 0.7781250000000001 0.9133771929824561 0.12187500000000001 0.1644736842105263
1 0.8625 0.6743421052631579 0.06875 0.125
1 0.85546875 0.5899122807017544 0.0484375 0.07894736842105263
1 0.8796875000000001 0.5471491228070176 0.034375 0.05921052631578947
1 0.9007812500000001 0.5219298245614035 0.0328125 0.04824561403508772
