1 0.07333333333333333 0.7544444444444445 0.06666666666666667 0.1
1 0.09166666666666667 0.8711111111111111 0.08333333333333334 0.10222222222222223
1 0.18500000000000003 0.8177777777777778 0.07333333333333333 0.1111111111111111
1 0.17416666666666666 0.7355555555555555 0.065 0.08444444444444445
1 0.2758333333333334 0.8 0.065 0.08
1 0.26083333333333336 0.7766666666666666 0.06166666666666667 0.09111111111111111
1 0.32083333333333336 0.9011111111111111 0.12833333333333335 0.15333333333333332
1 0.4216666666666667 0.8544444444444445 0.08333333333333334 0.10888888888888888
1 0.36500000000000005 0.7811111111111111 0.05333333333333334 0.1
1 0.56 0.8777777777777778 0.06333333333333334 0.08888888888888889
1 0.6116666666666667 0.8533333333333333 0.07 0.10666666666666666
1 0.6483333333333334 0.8022222222222222 0.05333333333333334 0.08
1 0.6791666666666667 0.7777777777777778 0.045000000000000005 0.06222222222222222
1 0.7133333333333334 0.8466666666666667 0.08666666666666667 0.12
1 0.745 0.7811111111111111 0.05666666666666667 0.07777777777777778
1 0.8008333333333334 0.8411111111111111 0.07166666666666667 0.10888888888888888
1 0.8525 0.8422222222222222 0.065 0.10666666666666666
1 0.8583333333333334 0.7711111111111111 0.05666666666666667 0.08
1 0.9075000000000001 0.8044444444444444 0.05166666666666667 0.08
1 0.7208333333333333 0.58 0.04833333333333334 0.08
