1 0.30606995884773663 0.2116788321167883 0.02777777777777778 0.04744525547445255
1 0.3261316872427984 0.19434306569343066 0.01646090534979424 0.03832116788321168
1 0.34207818930041156 0.19616788321167883 0.01954732510288066 0.03102189781021898
1 0.5344650205761318 0.15784671532846714 0.01748971193415638 0.041970802919708027
1 0.565843621399177 0.2965328467153285 0.04320987654320988 0.09306569343065693
1 0.6147119341563787 0.2363138686131387 0.02160493827160494 0.049270072992700725
1 0.6111111111111112 0.20985401459854014 0.01851851851851852 0.040145985401459854
1 0.6815843621399178 0.17791970802919707 0.01748971193415638 0.041970802919708027
1 0.6702674897119342 0.21806569343065693 0.02160493827160494 0.04562043795620438
1 0.6702674897119342 0.2554744525547445 0.0257201646090535 0.058394160583941604
1 0.7263374485596709 0.28375912408759124 0.02263374485596708 0.06021897810218978
1 0.7505144032921811 0.28193430656934304 0.02983539094650206 0.08211678832116788
1 0.7824074074074074 0.35492700729927007 0.05041152263374486 0.11496350364963503
1 0.7160493827160495 0.19525547445255473 0.01851851851851852 0.0364963503649635
1 0.8374485596707819 0.26916058394160586 0.02263374485596708 0.05656934306569343
