1 0.8270000000000001 0.2035928143712575 0.038 0.0658682634730539
1 0.969 0.39520958083832336 0.062 0.11976047904191617
1 0.727 0.4191616766467066 0.074 0.11976047904191617
1 0.725 0.33982035928143717 0.062 0.08682634730538923
1 0.66 0.34580838323353297 0.048 0.09880239520958084
1 0.558 0.4251497005988024 0.068 0.11377245508982037
1 0.5760000000000001 0.32485029940119764 0.048 0.08083832335329341
1 0.47200000000000003 0.687125748502994 0.188 0.3023952095808383
1 0.425 0.3877245508982036 0.066 0.11077844311377247
1 0.34800000000000003 0.38922155688622756 0.06 0.08982035928143713
1 0.322 0.3278443113772455 0.044 0.07485029940119761
1 0.363 0.2964071856287425 0.034 0.05389221556886228
1 0.301 0.2410179640718563 0.034 0.05089820359281438
1 0.264 0.218562874251497 0.036000000000000004 0.04790419161676647
1 0.227 0.25449101796407186 0.034 0.04790419161676647
1 0.158 0.2035928143712575 0.044 0.059880239520958084
1 0.07200000000000001 0.17365269461077845 0.024 0.035928143712574856
1 0.069 0.29191616766467066 0.054 0.09880239520958084
1 0.082 0.27395209580838326 0.044 0.08083832335329341
1 0.088 0.6137724550898204 0.148 0.2574850299401198
