1 0.39051808406647115 0.30960264900662254 0.026392961876832845 0.04304635761589404
1 0.364613880742913 0.21688741721854304 0.015640273704789834 0.029801324503311258
1 0.33822091886608013 0.21771523178807947 0.015640273704789834 0.03145695364238411
1 0.4843597262952102 0.16804635761589404 0.012707722385141739 0.024834437086092714
1 0.5102639296187683 0.2052980132450331 0.01759530791788856 0.033112582781456956
1 0.5786901270772239 0.18129139072847683 0.01759530791788856 0.03145695364238411
1 0.5747800586510264 0.12748344370860928 0.013685239491691105 0.023178807947019868
1 0.8880742913000977 0.1076158940397351 0.012707722385141739 0.026490066225165563
1 0.9213098729227761 0.14817880794701987 0.010752688172043012 0.028145695364238412
1 0.8274682306940372 0.4014900662251656 0.030303030303030304 0.07450331125827815
