1 0.09818181818181818 0.5887978142076503 0.11636363636363636 0.1557377049180328
1 0.22545454545454546 0.3797814207650273 0.05090909090909091 0.07650273224043716
1 0.3209090909090909 0.37841530054644806 0.045454545454545456 0.07923497267759563
1 0.31363636363636366 0.32103825136612024 0.034545454545454546 0.040983606557377046
1 0.3690909090909091 0.2896174863387978 0.03272727272727273 0.060109289617486336
1 0.3881818181818182 0.3128415300546448 0.04181818181818182 0.08469945355191257
1 0.4172727272727273 0.3702185792349727 0.04909090909090909 0.10109289617486339
1 0.48818181818181816 0.3333333333333333 0.04909090909090909 0.08743169398907104
1 0.4481818181818182 0.3046448087431694 0.034545454545454546 0.07377049180327869
1 0.4127272727272727 0.26229508196721313 0.03636363636363636 0.07650273224043716
1 0.4809090909090909 0.27049180327868855 0.03090909090909091 0.060109289617486336
1 0.5254545454545455 0.2923497267759563 0.03272727272727273 0.07650273224043716
1 0.5727272727272728 0.273224043715847 0.03272727272727273 0.07103825136612021
1 0.5636363636363636 0.3907103825136612 0.05454545454545454 0.09836065573770492
1 0.6018181818181818 0.34153005464480873 0.03272727272727273 0.08196721311475409
1 0.63 0.31010928961748635 0.03090909090909091 0.07923497267759563
1 0.6518181818181819 0.3005464480874317 0.03090909090909091 0.06557377049180328
1 0.6618181818181819 0.24453551912568305 0.04 0.07923497267759563
1 0.7254545454545455 0.3879781420765027 0.05090909090909091 0.1092896174863388
1 0.7554545454545455 0.34562841530054644 0.034545454545454546 0.08469945355191257
1 0.7581818181818182 0.29508196721311475 0.03272727272727273 0.06557377049180328
