1 0.32539682539682535 0.7605177993527509 0.07142857142857142 0.13592233009708737
1 0.3561507936507936 0.6262135922330098 0.07738095238095238 0.15857605177993528
1 0.31646825396825395 0.47572815533980584 0.08134920634920634 0.13592233009708737
1 0.33928571428571425 0.3737864077669903 0.047619047619047616 0.10679611650485438
1 0.31646825396825395 0.6003236245954693 0.057539682539682536 0.10032362459546926
1 0.5069444444444444 0.6326860841423948 0.08134920634920634 0.15210355987055016
1 0.5863095238095237 0.6116504854368933 0.09722222222222221 0.17475728155339806
1 0.5833333333333333 0.3559870550161812 0.06349206349206349 0.11003236245954694
1 0.6994047619047619 0.32847896440129454 0.06944444444444445 0.14563106796116507
1 0.6924603174603174 0.5242718446601942 0.10317460317460317 0.22006472491909387
1 0.7936507936507936 0.6601941747572816 0.1111111111111111 0.21359223300970875
