1 0.016875 0.5150375939849624 0.02625 0.06015037593984962
1 0.046875 0.5281954887218044 0.051250000000000004 0.07894736842105263
1 0.17875 0.5855263157894737 0.07 0.10338345864661654
1 0.18375 0.48778195488721804 0.03 0.05075187969924812
1 0.20875 0.5018796992481203 0.0375 0.06390977443609022
1 0.280625 0.4859022556390977 0.03125 0.046992481203007516
1 0.319375 0.48684210526315785 0.02375 0.04887218045112782
1 0.28375 0.6052631578947368 0.0925 0.13909774436090225
1 0.37125 0.4765037593984962 0.025 0.039473684210526314
1 0.3875 0.49624060150375937 0.0225 0.03759398496240601
1 0.416875 0.4830827067669173 0.02125 0.03007518796992481
1 0.434375 0.5028195488721804 0.03125 0.05075187969924812
1 0.45437500000000003 0.5469924812030075 0.04875 0.07894736842105263
1 0.49562500000000004 0.49530075187969924 0.02875 0.043233082706766915
1 0.5337500000000001 0.48778195488721804 0.025 0.043233082706766915
1 0.5437500000000001 0.56296992481203 0.05 0.07706766917293233
1 0.5525 0.7640977443609022 0.1775 0.2988721804511278
1 0.676875 0.4445488721804511 0.02125 0.043233082706766915
1 0.7056250000000001 0.5056390977443609 0.03125 0.041353383458646614
1 0.7106250000000001 0.5451127819548872 0.03875 0.06390977443609022
1 0.878125 0.5930451127819548 0.08375 0.13721804511278196
1 0.938125 0.5582706766917293 0.04625 0.07142857142857142
1 0.964375 0.5357142857142857 0.03875 0.05639097744360902
