1 0.16494845360824742 0.481994459833795 0.041237113402061855 0.07756232686980609
1 0.28707375099127674 0.2804709141274238 0.025376685170499604 0.05124653739612189
1 0.3049167327517843 0.23337950138504154 0.016653449643140365 0.03185595567867036
1 0.3338620142743854 0.2257617728531856 0.017446471054718478 0.038781163434903045
1 0.3330689928628073 0.27631578947368424 0.022204599524187154 0.045706371191135735
1 0.3524980174464711 0.2915512465373961 0.02458366375892149 0.04847645429362881
1 0.3929421094369548 0.2922437673130194 0.022997620935765267 0.04986149584487535
1 0.359238699444885 0.2278393351800554 0.019032513877874704 0.04016620498614958
1 0.37272006344171293 0.2347645429362881 0.019032513877874704 0.03462603878116344
1 0.39333862014274384 0.2451523545706371 0.025376685170499604 0.04155124653739612
1 0.408406026962728 0.20083102493074792 0.020618556701030927 0.036011080332409975
1 0.44488501189532115 0.20914127423822715 0.019032513877874704 0.038781163434903045
1 0.4698651863600317 0.23130193905817176 0.01823949246629659 0.04709141274238227
1 0.4766058683584457 0.19806094182825484 0.020618556701030927 0.036011080332409975
1 0.4468675654242665 0.18975069252077562 0.01823949246629659 0.0332409972299169
1 0.43061062648691517 0.1745152354570637 0.014274385408406027 0.030470914127423823
1 0.44607454401268837 0.16412742382271467 0.01823949246629659 0.029085872576177285
1 0.4690721649484536 0.1523545706371191 0.01506740681998414 0.027700831024930747
1 0.49008723235527357 0.15650969529085873 0.01586042823156225 0.024930747922437674
1 0.4904837430610626 0.13227146814404434 0.01506740681998414 0.03185595567867036
1 0.5043616177636796 0.1371191135734072 0.014274385408406027 0.0332409972299169
1 0.5186360031720857 0.16204986149584488 0.01586042823156225 0.036011080332409975
1 0.5376685170499603 0.1703601108033241 0.019032513877874704 0.036011080332409975
1 0.5273592386994449 0.139196675900277 0.014274385408406027 0.03185595567867036
1 0.548770816812054 0.1481994459833795 0.014274385408406027 0.030470914127423823
1 0.5614591593973037 0.16412742382271467 0.017446471054718478 0.04016620498614958
1 0.5701823949246629 0.15027700831024932 0.01586042823156225 0.03185595567867036
1 0.5551149881046789 0.12950138504155126 0.012688342585249802 0.02631578947368421
1 0.5626486915146709 0.11772853185595568 0.01506740681998414 0.024930747922437674
1 0.5796986518636004 0.13019390581717452 0.011102299762093577 0.027700831024930747
1 0.5812846946867566 0.10041551246537396 0.012688342585249802 0.02631578947368421
1 0.6074544012688342 0.14750692520775624 0.017446471054718478 0.037396121883656507
1 0.6173671689135607 0.12188365650969529 0.013481363996827915 0.024930747922437674
1 0.6070578905630452 0.10803324099722991 0.011895321173671689 0.027700831024930747
1 0.6375892149088025 0.13573407202216067 0.01586042823156225 0.0332409972299169
1 0.63441712926249 0.12119113573407202 0.012688342585249802 0.023545706371191136
1 0.6447264076130056 0.09418282548476455 0.014274385408406027 0.027700831024930747
1 0.6590007930214116 0.10734072022160665 0.01586042823156225 0.03185595567867036
1 0.6590007930214116 0.13157894736842105 0.01586042823156225 0.030470914127423823
1 0.6867565424266455 0.11011080332409973 0.012688342585249802 0.029085872576177285
1 0.5297383029341792 0.29570637119113574 0.03013481363996828 0.05955678670360111
1 0.5452022204599524 0.2693905817174515 0.02775574940523394 0.04293628808864266
1 0.6046788263283108 0.26385041551246535 0.022997620935765267 0.054016620498614956
1 0.6153846153846154 0.2084487534626039 0.020618556701030927 0.04016620498614958
1 0.6522601110229976 0.21537396121883656 0.02141157811260904 0.04293628808864266
1 0.6590007930214116 0.25761772853185594 0.023790642347343377 0.055401662049861494
1 0.6074544012688342 0.3303324099722992 0.03806502775574941 0.06509695290858726
1 0.6891356066613799 0.2278393351800554 0.023790642347343377 0.054016620498614956
1 0.6784298176050754 0.18421052631578946 0.016653449643140365 0.036011080332409975
1 0.7160983346550357 0.13573407202216067 0.01586042823156225 0.030470914127423823
1 0.7244250594766058 0.1925207756232687 0.022997620935765267 0.038781163434903045
1 0.7446471054718478 0.25415512465373963 0.03330689928628073 0.05955678670360111
1 0.7700237906423474 0.2098337950138504 0.019032513877874704 0.04016620498614958
1 0.7569389373513085 0.1814404432132964 0.016653449643140365 0.0332409972299169
1 0.753766851704996 0.14750692520775624 0.016653449643140365 0.037396121883656507
1 0.7426645519429025 0.12188365650969529 0.01506740681998414 0.027700831024930747
1 0.7799365582870738 0.15096952908587258 0.01506740681998414 0.036011080332409975
1 0.7898493259318001 0.12188365650969529 0.012688342585249802 0.0332409972299169
1 0.8041237113402062 0.12465373961218837 0.01586042823156225 0.0332409972299169
1 0.8009516256938938 0.16966759002770082 0.01586042823156225 0.04016620498614958
1 0.817208564631245 0.16204986149584488 0.013481363996827915 0.0332409972299169
1 0.8263283108643933 0.13988919667590027 0.012688342585249802 0.024930747922437674
1 0.8354480570975417 0.12880886426592797 0.013481363996827915 0.027700831024930747
1 0.8402061855670103 0.1883656509695291 0.016653449643140365 0.0332409972299169
1 0.8469468675654243 0.16412742382271467 0.01586042823156225 0.03462603878116344
1 0.8612212529738303 0.1481994459833795 0.01586042823156225 0.036011080332409975
1 0.8639968279143537 0.14058171745152354 0.016653449643140365 0.03185595567867036
1 0.8223632038065027 0.21398891966759004 0.017446471054718478 0.03185595567867036
1 0.8148295003965107 0.24722991689750692 0.019825535289452814 0.04847645429362881
1 0.7640761300555114 0.3095567867036011 0.02775574940523394 0.05955678670360111
1 0.8013481363996828 0.3954293628808864 0.035685963521015066 0.07617728531855955
1 0.8485329103885805 0.4279778393351801 0.045995241871530534 0.07756232686980609
1 0.8283108643933387 0.31163434903047094 0.02775574940523394 0.06371191135734072
1 0.8624107850911975 0.25 0.022997620935765267 0.05124653739612189
1 0.8747026169706582 0.2146814404432133 0.022204599524187154 0.0443213296398892
1 0.8850118953211736 0.1883656509695291 0.019032513877874704 0.038781163434903045
1 0.8973037272006344 0.1371191135734072 0.01506740681998414 0.030470914127423823
1 0.9258524980174465 0.1530470914127424 0.016653449643140365 0.037396121883656507
1 0.9040444091990484 0.22229916897506924 0.017446471054718478 0.04016620498614958
1 0.9210943695479777 0.21675900277008311 0.016653449643140365 0.04293628808864266
1 0.9000793021411578 0.34349030470914127 0.02696272799365583 0.0664819944598338
1 0.9191118160190325 0.3012465373961219 0.028548770816812053 0.05955678670360111
