1 0.18207547169811322 0.46179401993355484 0.04905660377358491 0.08637873754152824
1 0.2617924528301887 0.2616279069767442 0.014150943396226415 0.024916943521594685
1 0.27452830188679245 0.26578073089701 0.013207547169811321 0.029900332225913623
1 0.3259433962264151 0.24501661129568106 0.016037735849056604 0.03488372093023256
1 0.3391509433962264 0.24916943521594684 0.014150943396226415 0.026578073089700997
1 0.35566037735849054 0.2574750830564784 0.016981132075471698 0.029900332225913623
1 0.36745283018867925 0.2898671096345515 0.017924528301886792 0.03820598006644518
1 0.39858490566037735 0.292358803986711 0.017924528301886792 0.04318936877076412
1 0.33254716981132076 0.21096345514950166 0.012264150943396227 0.023255813953488372
1 0.3462264150943396 0.21096345514950166 0.013207547169811321 0.029900332225913623
1 0.360377358490566 0.22591362126245848 0.01509433962264151 0.026578073089700997
1 0.4037735849056604 0.21760797342192692 0.016981132075471698 0.03322259136212625
1 0.3872641509433962 0.19186046511627908 0.012264150943396227 0.024916943521594685
1 0.36839622641509434 0.19019933554817275 0.012264150943396227 0.02823920265780731
1 0.4179245283018868 0.19019933554817275 0.013207547169811321 0.02823920265780731
1 0.4523584905660377 0.1893687707641196 0.014150943396226415 0.026578073089700997
1 0.47547169811320755 0.2292358803986711 0.018867924528301886 0.03986710963455149
1 0.4580188679245283 0.21926910299003322 0.016037735849056604 0.029900332225913623
1 0.46556603773584904 0.14950166112956811 0.012264150943396227 0.019933554817275746
1 0.49150943396226415 0.12956810631229237 0.009433962264150943 0.023255813953488372
1 0.4830188679245283 0.17192691029900334 0.016981132075471698 0.024916943521594685
1 0.5174528301886793 0.18106312292358803 0.014150943396226415 0.029900332225913623
1 0.535377358490566 0.20598006644518274 0.017924528301886792 0.03986710963455149
1 0.5235849056603774 0.15946843853820597 0.011320754716981133 0.023255813953488372
1 0.5580188679245283 0.16362126245847178 0.012264150943396227 0.024916943521594685
1 0.5735849056603773 0.14534883720930233 0.011320754716981133 0.018272425249169437
1 0.5886792452830188 0.16362126245847178 0.01509433962264151 0.02823920265780731
1 0.6165094339622642 0.1478405315614618 0.014150943396226415 0.026578073089700997
1 0.6051886792452831 0.13787375415282394 0.010377358490566037 0.026578073089700997
1 0.5745283018867925 0.11627906976744186 0.013207547169811321 0.023255813953488372
1 0.6174528301886792 0.11461794019933555 0.010377358490566037 0.019933554817275746
1 0.6047169811320755 0.11627906976744186 0.011320754716981133 0.016611295681063124
1 0.6462264150943396 0.13787375415282394 0.011320754716981133 0.026578073089700997
1 0.6556603773584906 0.11794019933554818 0.011320754716981133 0.023255813953488372
1 0.6858490566037736 0.12375415282392027 0.01509433962264151 0.03156146179401993
1 0.5127358490566037 0.29983388704318936 0.02358490566037736 0.044850498338870434
1 0.5575471698113208 0.29651162790697677 0.024528301886792454 0.04817275747508306
1 0.5589622641509434 0.2483388704318937 0.02169811320754717 0.04152823920265781
1 0.6132075471698113 0.3488372093023256 0.03018867924528302 0.04983388704318937
1 0.6320754716981132 0.24501661129568106 0.018867924528301886 0.04152823920265781
1 0.6863207547169812 0.2541528239202658 0.02169811320754717 0.04318936877076412
1 0.7273584905660377 0.29485049833887045 0.020754716981132074 0.04152823920265781
1 0.7754716981132076 0.276578073089701 0.020754716981132074 0.04817275747508306
1 0.8594339622641509 0.30481727574750833 0.018867924528301886 0.04817275747508306
1 0.6627358490566038 0.19767441860465118 0.016037735849056604 0.029900332225913623
1 0.6674528301886793 0.1777408637873754 0.014150943396226415 0.023255813953488372
1 0.6990566037735849 0.14534883720930233 0.011320754716981133 0.02159468438538206
1 0.7183962264150944 0.15033222591362128 0.010377358490566037 0.02159468438538206
1 0.7259433962264151 0.17109634551495018 0.016037735849056604 0.03322259136212625
1 0.7066037735849057 0.1951827242524917 0.016981132075471698 0.02823920265780731
1 0.7212264150943396 0.22009966777408638 0.017924528301886792 0.03488372093023256
1 0.7405660377358491 0.20016611295681064 0.01509433962264151 0.03488372093023256
1 0.769811320754717 0.22840531561461794 0.016981132075471698 0.03488372093023256
1 0.7787735849056604 0.20431893687707642 0.014150943396226415 0.03986710963455149
1 0.7787735849056604 0.1611295681063123 0.012264150943396227 0.026578073089700997
1 0.7608490566037736 0.13953488372093023 0.016037735849056604 0.03322259136212625
1 0.7344339622641509 0.11627906976744186 0.012264150943396227 0.023255813953488372
1 0.7740566037735849 0.11794019933554818 0.014150943396226415 0.026578073089700997
1 0.789622641509434 0.13538205980066445 0.011320754716981133 0.024916943521594685
1 0.8075471698113208 0.16943521594684385 0.013207547169811321 0.029900332225913623
1 0.8462264150943396 0.2084717607973422 0.013207547169811321 0.03820598006644518
1 0.8476415094339623 0.15199335548172757 0.012264150943396227 0.024916943521594685
1 0.8660377358490566 0.1511627906976744 0.013207547169811321 0.036544850498338874
1 0.8957547169811321 0.17109634551495018 0.014150943396226415 0.036544850498338874
1 0.9278301886792453 0.2541528239202658 0.016037735849056604 0.046511627906976744
1 0.9141509433962264 0.22009966777408638 0.01509433962264151 0.03156146179401993
1 0.9334905660377358 0.22508305647840532 0.017924528301886792 0.03488372093023256
1 0.8542452830188679 0.19684385382059802 0.02169811320754717 0.03820598006644518
1 0.8547169811320755 0.2674418604651163 0.022641509433962266 0.046511627906976744
1 0.9018867924528302 0.1553156146179402 0.01509433962264151 0.03156146179401993
1 0.630188679245283 0.20431893687707642 0.020754716981132074 0.04318936877076412
