1 0.0924006908462867 0.5012953367875648 0.05008635578583765 0.10103626943005181
1 0.05872193436960276 0.4624352331606218 0.037996545768566495 0.06476683937823835
1 0.03626943005181347 0.4468911917098446 0.03454231433506045 0.044041450777202076
1 0.11053540587219343 0.4455958549222798 0.031088082901554404 0.05181347150259068
1 0.18221070811744386 0.34585492227979275 0.04317789291882556 0.06994818652849741
1 0.192573402417962 0.5621761658031088 0.06390328151986183 0.11398963730569948
1 0.23834196891191708 0.4624352331606218 0.031088082901554404 0.05958549222797928
1 0.2694300518134715 0.47927461139896377 0.031088082901554404 0.07253886010362695
1 0.3013816925734024 0.5090673575129534 0.039723661485319514 0.08031088082901555
1 0.309153713298791 0.44430051813471505 0.027633851468048358 0.04922279792746114
1 0.35924006908462863 0.4520725388601036 0.031088082901554404 0.054404145077720206
1 0.3540587219343696 0.522020725388601 0.037996545768566495 0.07512953367875648
1 0.4248704663212435 0.5012953367875648 0.03454231433506045 0.06476683937823835
1 0.44559585492227977 0.39248704663212436 0.04145077720207253 0.06476683937823835
1 0.49827288428324695 0.45077720207253885 0.03626943005181347 0.06217616580310881
1 0.5535405872193436 0.5595854922279793 0.08808290155440414 0.13471502590673576
1 0.5431778929188256 0.46502590673575134 0.03626943005181347 0.06994818652849741
1 0.5725388601036269 0.49093264248704666 0.03281519861830742 0.05958549222797928
1 0.6096718480138169 0.47538860103626945 0.037996545768566495 0.05958549222797928
1 0.6260794473229706 0.5051813471502591 0.046632124352331605 0.07772020725388601
1 0.6606217616580311 0.4727979274611399 0.03626943005181347 0.08031088082901555
1 0.696027633851468 0.5401554404145078 0.07599309153713299 0.13212435233160622
1 0.7461139896373057 0.5323834196891192 0.0690846286701209 0.12176165803108809
1 0.7590673575129533 0.3898963730569948 0.03281519861830742 0.06994818652849741
1 0.8082901554404145 0.47538860103626945 0.048359240069084625 0.07512953367875648
1 0.8635578583765112 0.5155440414507773 0.06217616580310881 0.11398963730569948
1 0.9749568221070811 0.477979274611399 0.046632124352331605 0.10103626943005181
