1 0.026490066225165563 0.39112227805695143 0.02270577105014191 0.06532663316582915
1 0.2596972563859981 0.26549413735343386 0.017975402081362345 0.04187604690117253
1 0.2857142857142857 0.2638190954773869 0.02270577105014191 0.04522613065326633
1 0.3240302743614002 0.24120603015075376 0.023651844843897825 0.03350083752093802
1 0.31031220435193946 0.28391959798994976 0.02270577105014191 0.038525963149078725
1 0.35288552507095555 0.2219430485762144 0.020813623462630083 0.035175879396984924
1 0.34815515610217596 0.2629815745393635 0.020813623462630083 0.04690117252931324
1 0.38174077578051085 0.23031825795644892 0.023651844843897825 0.035175879396984924
1 0.37559129612109743 0.2001675041876047 0.017029328287606435 0.021775544388609715
1 0.3930936613055818 0.19262981574539365 0.017975402081362345 0.03685092127303183
1 0.40823084200567644 0.2914572864321608 0.027436140018921477 0.04355108877721943
1 0.4219489120151372 0.22278056951423786 0.020813623462630083 0.03685092127303183
1 0.4280983916745506 0.15996649916247907 0.01608325449385052 0.021775544388609715
1 0.44039735099337746 0.19095477386934673 0.019867549668874173 0.03350083752093802
1 0.4574266792809839 0.16499162479061977 0.01608325449385052 0.035175879396984924
1 0.47729422894985807 0.152428810720268 0.014191106906338694 0.03350083752093802
1 0.49195837275307475 0.12144053601340034 0.011352885525070956 0.021775544388609715
1 0.46546830652790916 0.19262981574539365 0.02270577105014191 0.03685092127303183
1 0.4692526017029328 0.23534338358458962 0.020813623462630083 0.038525963149078725
1 0.5052034058656575 0.2001675041876047 0.028382213812677387 0.038525963149078725
1 0.5368968779564806 0.12479061976549415 0.021759697256385997 0.02847571189279732
1 0.5141911069063387 0.15912897822445563 0.021759697256385997 0.03685092127303183
1 0.5425733207190161 0.1624790619765494 0.023651844843897825 0.03350083752093802
1 0.5510879848628193 0.20351758793969849 0.021759697256385997 0.031825795644891124
1 0.5714285714285714 0.16666666666666666 0.01892147587511826 0.04522613065326633
1 0.5704824976348155 0.10804020100502512 0.015137180700094607 0.02847571189279732
1 0.5960264900662252 0.10050251256281408 0.01892147587511826 0.02680067001675042
1 0.5898770104068117 0.135678391959799 0.021759697256385997 0.03350083752093802
1 0.6154210028382214 0.15577889447236182 0.019867549668874173 0.04690117252931324
1 0.6173131504257332 0.11892797319932999 0.01229895931882687 0.02680067001675042
1 0.6456953642384106 0.10301507537688442 0.014191106906338694 0.035175879396984924
1 0.6561021759697256 0.11474036850921274 0.01608325449385052 0.035175879396984924
1 0.674077578051088 0.12144053601340034 0.01608325449385052 0.038525963149078725
1 0.706244087038789 0.09882747068676717 0.019867549668874173 0.04020100502512563
1 0.5747398297067171 0.23869346733668342 0.02554399243140965 0.038525963149078725
1 0.49763481551561023 0.29061976549413737 0.030274361400189215 0.048576214405360134
1 0.5520340586565752 0.30150753768844224 0.03122043519394513 0.06365159128978225
1 0.6002838221381268 0.20435510887772196 0.019867549668874173 0.04020100502512563
1 0.6111636707663197 0.2537688442211055 0.030274361400189215 0.05862646566164154
1 0.6106906338694418 0.32663316582914576 0.03122043519394513 0.05360134003350084
1 0.6627246925260171 0.17252931323283083 0.021759697256385997 0.03350083752093802
1 0.6717123935666982 0.211892797319933 0.028382213812677387 0.048576214405360134
1 0.663197729422895 0.254606365159129 0.028382213812677387 0.05025125628140704
1 0.6939451277199622 0.15494137353433837 0.01608325449385052 0.031825795644891124
1 0.7105014191106906 0.1407035175879397 0.026490066225165563 0.04355108877721943
1 0.7076631977294229 0.18760469011725295 0.017029328287606435 0.03685092127303183
1 0.6821192052980133 0.33500837520938026 0.028382213812677387 0.07035175879396985
1 0.7142857142857143 0.28559463986599665 0.030274361400189215 0.05862646566164154
1 0.7147587511825922 0.2102177554438861 0.027436140018921477 0.05527638190954774
1 0.7526017029328288 0.10301507537688442 0.017975402081362345 0.031825795644891124
1 0.7421948912015137 0.11390284757118928 0.014191106906338694 0.03015075376884422
1 0.7511825922421949 0.135678391959799 0.01892147587511826 0.03350083752093802
1 0.7407757805108799 0.15912897822445563 0.017029328287606435 0.04020100502512563
1 0.7559129612109745 0.18090452261306533 0.02270577105014191 0.04690117252931324
1 0.7691579943235572 0.22613065326633167 0.030274361400189215 0.05360134003350084
1 0.7828760643330179 0.29061976549413737 0.023651844843897825 0.05862646566164154
1 0.7904446546830652 0.11390284757118928 0.01608325449385052 0.03015075376884422
1 0.7757805108798487 0.13484087102177555 0.01892147587511826 0.038525963149078725
1 0.7781456953642384 0.17169179229480738 0.01608325449385052 0.035175879396984924
1 0.82639545884579 0.11474036850921274 0.01608325449385052 0.035175879396984924
1 0.8088930936613056 0.1390284757118928 0.017029328287606435 0.03015075376884422
1 0.8055818353831599 0.19011725293132328 0.017975402081362345 0.04187604690117253
1 0.8226111636707664 0.16666666666666666 0.017975402081362345 0.02847571189279732
1 0.8405865657521286 0.13819095477386936 0.01608325449385052 0.02847571189279732
1 0.8538315988647115 0.18509212730318259 0.021759697256385997 0.04187604690117253
1 0.859035004730369 0.14656616415410387 0.013245033112582781 0.038525963149078725
1 0.8779564806054873 0.1273031825795645 0.017029328287606435 0.02345058626465662
1 0.8784295175023652 0.15159128978224456 0.01608325449385052 0.02512562814070352
1 0.8718070009460738 0.21775544388609716 0.023651844843897825 0.04355108877721943
1 0.8850520340586566 0.19095477386934673 0.019867549668874173 0.04020100502512563
1 0.9082308420056764 0.12479061976549415 0.020813623462630083 0.04522613065326633
1 0.9011352885525071 0.17169179229480738 0.014191106906338694 0.04522613065326633
1 0.9323557237464523 0.18676716917922948 0.017975402081362345 0.04187604690117253
1 0.9422894985808893 0.1541038525963149 0.017029328287606435 0.03685092127303183
1 0.9280983916745507 0.27386934673366836 0.02459791863765374 0.04522613065326633
1 0.5009460737937559 0.152428810720268 0.017975402081362345 0.03685092127303183
1 0.6286660359508042 0.09547738693467336 0.010406811731315042 0.03015075376884422
