1 0.105625 0.3927973199329983 0.06875 0.09882747068676717
1 0.19187500000000002 0.49497487437185933 0.11125 0.17587939698492464
1 0.2275 0.3944723618090452 0.0725 0.09547738693467336
1 0.27187500000000003 0.3710217755443886 0.04625 0.07872696817420435
1 0.371875 0.38190954773869346 0.05375 0.07370184254606366
1 0.405 0.4271356783919598 0.0775 0.08710217755443886
1 0.43625 0.3525963149078727 0.0425 0.06532663316582915
1 0.4 0.5577889447236181 0.11750000000000001 0.18090452261306533
1 0.521875 0.37353433835845895 0.03875 0.07370184254606366
1 0.655625 0.46817420435510887 0.08875 0.1390284757118928
1 0.6325000000000001 0.37018425460636517 0.0725 0.09715242881072027
1 0.77 0.38023450586264657 0.0775 0.11725293132328309
1 0.89125 0.39949748743718594 0.065 0.08877721943048576
1 0.930625 0.3592964824120603 0.04875 0.07537688442211056
