1 0.20314960629921258 0.41059147180192573 0.04251968503937008 0.08390646492434663
1 0.284251968503937 0.25240715268225583 0.01889763779527559 0.0343878954607978
1 0.29645669291338583 0.2544704264099037 0.01968503937007874 0.03576341127922971
1 0.31377952755905514 0.2221458046767538 0.01811023622047244 0.0343878954607978
1 0.3283464566929134 0.2702888583218707 0.02204724409448819 0.048143053645116916
1 0.35078740157480315 0.21801925722145804 0.01968503937007874 0.04264099037138927
1 0.3862204724409449 0.2592847317744154 0.02283464566929134 0.03988995873452545
1 0.4 0.23658872077028886 0.01889763779527559 0.04126547455295736
1 0.42244094488188977 0.265474552957359 0.02283464566929134 0.04126547455295736
1 0.4338582677165354 0.23727647867950483 0.01889763779527559 0.04264099037138927
1 0.4220472440944882 0.19463548830811556 0.01732283464566929 0.037138927097661624
1 0.40708661417322833 0.1843191196698762 0.015748031496062992 0.030261348005502064
1 0.39330708661417324 0.19463548830811556 0.01653543307086614 0.0343878954607978
1 0.4271653543307087 0.1643741403026135 0.01653543307086614 0.02888583218707015
1 0.44724409448818897 0.156121045392022 0.012598425196850394 0.0343878954607978
1 0.46692913385826773 0.16299862448418156 0.015748031496062992 0.0343878954607978
1 0.47755905511811025 0.218707015130674 0.024409448818897637 0.04951856946354883
1 0.49645669291338584 0.19119669876203577 0.01811023622047244 0.04126547455295736
1 0.4937007874015748 0.13961485557083905 0.014173228346456693 0.02888583218707015
1 0.50748031496063 0.15061898211829436 0.01653543307086614 0.02888583218707015
1 0.521259842519685 0.1485557083906465 0.01732283464566929 0.030261348005502064
1 0.5437007874015748 0.19325997248968363 0.01811023622047244 0.037138927097661624
1 0.5484251968503937 0.15061898211829436 0.014960629921259842 0.023383768913342505
1 0.5598425196850394 0.16643741403026135 0.01732283464566929 0.024759284731774415
1 0.573228346456693 0.14030261348005502 0.012598425196850394 0.027510316368638238
1 0.5759842519685039 0.17262723521320494 0.01811023622047244 0.037138927097661624
1 0.6066929133858268 0.15199449793672629 0.013385826771653543 0.026134800550206328
1 0.5897637795275591 0.14924346629986246 0.014173228346456693 0.03163686382393398
1 0.6039370078740157 0.11141678129298486 0.014173228346456693 0.024759284731774415
1 0.6240157480314961 0.13823933975240715 0.01811023622047244 0.03163686382393398
1 0.647244094488189 0.12104539202200826 0.011023622047244094 0.024759284731774415
1 0.6649606299212598 0.12242090784044017 0.013385826771653543 0.03301237964236589
1 0.5539370078740158 0.2579092159559835 0.025984251968503937 0.05089408528198074
1 0.5413385826771654 0.31017881705639616 0.029133858267716535 0.06189821182943604
1 0.49763779527559054 0.297111416781293 0.029921259842519685 0.055020632737276476
1 0.6062992125984252 0.2111416781292985 0.02204724409448819 0.048143053645116916
1 0.5992125984251968 0.2689133425034388 0.026771653543307086 0.05089408528198074
1 0.6539370078740158 0.21801925722145804 0.02283464566929134 0.04264099037138927
1 0.6452755905511811 0.17125171939477304 0.01653543307086614 0.03988995873452545
1 0.6874015748031496 0.15337001375515819 0.01889763779527559 0.03163686382393398
1 0.6917322834645669 0.19738651994497938 0.02125984251968504 0.03988995873452545
1 0.7094488188976378 0.2221458046767538 0.023622047244094488 0.048143053645116916
1 0.6649606299212598 0.2482806052269601 0.024409448818897637 0.048143053645116916
1 0.6795275590551181 0.30949105914718017 0.029921259842519685 0.06052269601100413
1 0.7074803149606299 0.29642365887207706 0.025984251968503937 0.06464924346629987
1 0.7216535433070866 0.15474552957359008 0.01653543307086614 0.037138927097661624
1 0.739763779527559 0.1905089408528198 0.02125984251968504 0.04264099037138927
1 0.7539370078740157 0.22420907840440166 0.02283464566929134 0.04126547455295736
1 0.7629921259842519 0.33700137551581844 0.03622047244094488 0.06052269601100413
1 0.7929133858267716 0.28817056396148555 0.025196850393700787 0.05364511691884457
1 0.8440944881889764 0.3253094910591472 0.031496062992125984 0.05639614855570839
1 0.8059055118110237 0.22764786795048142 0.02283464566929134 0.048143053645116916
1 0.775984251968504 0.20839064649243466 0.02125984251968504 0.04264099037138927
1 0.7590551181102362 0.17950481430536452 0.01732283464566929 0.03988995873452545
1 0.758267716535433 0.14167812929848694 0.02047244094488189 0.03301237964236589
1 0.7795275590551181 0.16162310866574967 0.01889763779527559 0.03988995873452545
1 0.7937007874015748 0.1437414030261348 0.015748031496062992 0.0343878954607978
1 0.8031496062992126 0.17469050894085283 0.01732283464566929 0.04401650618982118
1 0.8145669291338583 0.156121045392022 0.014960629921259842 0.0343878954607978
1 0.8287401574803149 0.14580467675378267 0.014960629921259842 0.03301237964236589
1 0.8641732283464567 0.1499312242090784 0.013385826771653543 0.04126547455295736
1 0.8283464566929134 0.19669876203576342 0.02047244094488189 0.04126547455295736
1 0.8318897637795275 0.2310866574965612 0.01968503937007874 0.04676753782668501
1 0.8519685039370078 0.2393397524071527 0.02204724409448819 0.052269601100412656
1 0.8755905511811024 0.22696011004126548 0.01889763779527559 0.04951856946354883
1 0.8854330708661418 0.202888583218707 0.01811023622047244 0.04264099037138927
1 0.9003937007874016 0.265474552957359 0.02283464566929134 0.06327372764786796
