0 0.1325 0.3757142857142857 0.08642857142857142 0.18571428571428572
0 0.05071428571428571 0.3707142857142857 0.03571428571428571 0.10142857142857142
0 0.17964285714285713 0.38571428571428573 0.035 0.10285714285714286
0 0.28035714285714286 0.3807142857142857 0.04071428571428572 0.10142857142857142
0 0.3782142857142857 0.3707142857142857 0.04214285714285714 0.09571428571428571
0 0.455 0.34785714285714286 0.037142857142857144 0.09571428571428571
0 0.5096428571428572 0.35928571428571426 0.04214285714285714 0.10428571428571429
0 0.5803571428571429 0.3407142857142857 0.04071428571428572 0.08714285714285715
0 0.6117857142857143 0.30785714285714283 0.023571428571428573 0.06428571428571428
0 0.6428571428571429 0.3821428571428571 0.08428571428571428 0.2042857142857143
0 0.6832142857142857 0.3457142857142857 0.04357142857142857 0.12571428571428572
0 0.71 0.33071428571428574 0.032857142857142856 0.10142857142857142
0 0.7825 0.3157142857142857 0.06357142857142857 0.13428571428571429
0 0.8475 0.32 0.047857142857142855 0.12571428571428572
0 0.8889285714285714 0.3221428571428571 0.03785714285714286 0.11
0 0.9685714285714285 0.3364285714285714 0.06285714285714286 0.16428571428571428
