1 0.20421052631578948 0.5905923344947736 0.0968421052631579 0.14982578397212543
1 0.30526315789473685 0.5993031358885017 0.07157894736842105 0.11846689895470383
1 0.3568421052631579 0.45993031358885017 0.04 0.06968641114982578
1 0.5126315789473684 0.3501742160278746 0.023157894736842106 0.04529616724738676
1 0.5378947368421052 0.6933797909407665 0.09052631578947368 0.17421602787456447
1 0.5778947368421052 0.6376306620209059 0.07368421052631578 0.13937282229965156
1 0.5357894736842105 0.4564459930313589 0.023157894736842106 0.041811846689895474
1 0.6 0.45993031358885017 0.021052631578947368 0.041811846689895474
1 0.64 0.4547038327526132 0.02526315789473684 0.0313588850174216
1 0.6989473684210527 0.4634146341463415 0.02526315789473684 0.041811846689895474
1 0.8631578947368421 0.8240418118466899 0.15157894736842104 0.2682926829268293
1 0.9431578947368421 0.47735191637630664 0.03789473684210526 0.05574912891986063
1 0.9052631578947368 0.3867595818815331 0.02526315789473684 0.05574912891986063
