1 0.02109375 0.2897897897897898 0.0390625 0.0990990990990991
1 0.0921875 0.39039039039039036 0.046875 0.10810810810810811
1 0.10078125 0.2927927927927928 0.0328125 0.07507507507507508
1 0.140625 0.35285285285285284 0.037500000000000006 0.06906906906906907
1 0.17109375000000002 0.31681681681681684 0.026562500000000003 0.057057057057057055
1 0.20468750000000002 0.34534534534534533 0.040625 0.07207207207207207
1 0.21328125 0.42792792792792794 0.06406250000000001 0.09309309309309309
1 0.35000000000000003 0.44744744744744747 0.028125 0.07207207207207207
1 0.36640625000000004 0.5900900900900901 0.06406250000000001 0.14114114114114115
1 0.47500000000000003 0.5690690690690691 0.05 0.0990990990990991
1 0.5281250000000001 0.496996996996997 0.021875000000000002 0.057057057057057055
1 0.509375 0.4339339339339339 0.021875000000000002 0.04504504504504504
1 0.515625 0.4174174174174174 0.018750000000000003 0.036036036036036036
1 0.465625 0.4114114114114114 0.015625 0.036036036036036036
1 0.5578125 0.4249249249249249 0.015625 0.03303303303303303
1 0.56015625 0.4039039039039039 0.0140625 0.02102102102102102
1 0.6101562500000001 0.43843843843843844 0.0171875 0.036036036036036036
1 0.6312500000000001 0.4114114114114114 0.015625 0.024024024024024024
1 0.659375 0.4444444444444444 0.018750000000000003 0.036036036036036036
1 0.7234375000000001 0.45945945945945943 0.0125 0.036036036036036036
1 0.67578125 0.524024024024024 0.026562500000000003 0.05105105105105105
1 0.6453125000000001 0.581081081081081 0.025 0.05105105105105105
1 0.61328125 0.5195195195195195 0.0234375 0.06006006006006006
1 0.5765625 0.5 0.018750000000000003 0.04504504504504504
1 0.74375 0.524024024024024 0.018750000000000003 0.04504504504504504
1 0.77265625 0.5765765765765766 0.0234375 0.05405405405405406
1 0.7921875 0.536036036036036 0.021875000000000002 0.04504504504504504
1 0.790625 0.5 0.018750000000000003 0.04504504504504504
1 0.890625 0.496996996996997 0.05625 0.1111111111111111
