1 0.19911012235817574 0.221 0.024471635150166853 0.042
1 0.41490545050055616 0.223 0.017797552836484983 0.034
1 0.4510567296996663 0.224 0.02335928809788654 0.04
1 0.5667408231368187 0.192 0.018909899888765295 0.04
1 0.5650723025583982 0.158 0.01557285873192436 0.036000000000000004
1 0.6295884315906563 0.263 0.026696329254727473 0.054
1 0.625139043381535 0.215 0.024471635150166853 0.05
1 0.6824249165739711 0.225 0.027808676307007785 0.05
1 0.6740823136818688 0.17200000000000001 0.02224694104560623 0.044
1 0.9404894327030033 0.23 0.018909899888765295 0.044
