1 0.10909090909090909 0.3633879781420765 0.18181818181818182 0.31693989071038253
1 0.2609090909090909 0.31693989071038253 0.08545454545454545 0.15846994535519127
1 0.33090909090909093 0.430327868852459 0.08 0.13387978142076504
1 0.4818181818181818 0.42896174863387976 0.08363636363636363 0.14207650273224043
1 0.6218181818181818 0.44808743169398907 0.06909090909090909 0.12568306010928962
1 0.7072727272727273 0.42213114754098363 0.09818181818181818 0.16120218579234974
1 0.6936363636363636 0.31830601092896177 0.07454545454545454 0.10109289617486339
1 0.6472727272727272 0.3237704918032787 0.06545454545454546 0.1284153005464481
1 0.7336363636363636 0.2937158469945355 0.07818181818181819 0.1448087431693989
1 0.8163636363636364 0.4016393442622951 0.09090909090909091 0.17486338797814208
1 0.9009090909090909 0.366120218579235 0.09272727272727273 0.12568306010928962
1 0.8590909090909091 0.6516393442622951 0.08545454545454545 0.17759562841530055
1 0.9281818181818182 0.76775956284153 0.11454545454545455 0.2568306010928962
