1 0.0856353591160221 0.5598425196850394 0.043409629044988164 0.11181102362204724
1 0.24191002367797948 0.27086614173228346 0.021310181531176007 0.04409448818897638
1 0.23204419889502761 0.24330708661417322 0.017363851617995266 0.03307086614173228
1 0.2861089187056038 0.22598425196850394 0.018153117600631413 0.04251968503937008
1 0.2999210734017364 0.23937007874015748 0.017363851617995266 0.04094488188976378
1 0.3196527229676401 0.2015748031496063 0.017363851617995266 0.047244094488188976
1 0.33859510655090763 0.21653543307086615 0.01894238358326756 0.05196850393700787
1 0.35595895816890294 0.21181102362204723 0.01578531965272297 0.04251968503937008
1 0.3733228097868982 0.2503937007874016 0.01894238358326756 0.05354330708661417
1 0.4037095501183899 0.22362204724409449 0.016574585635359115 0.04094488188976378
1 0.44396211523283347 0.28976377952755905 0.022888713496448304 0.05354330708661417
1 0.3729281767955801 0.1921259842519685 0.021310181531176007 0.03779527559055118
1 0.4005524861878453 0.17874015748031497 0.016574585635359115 0.03937007874015748
1 0.44001578531965274 0.18188976377952756 0.01499605367008682 0.03307086614173228
1 0.4585635359116022 0.15590551181102363 0.012628255722178374 0.028346456692913385
1 0.48382004735595896 0.16456692913385826 0.017363851617995266 0.04251968503937008
1 0.4960536700868193 0.19606299212598424 0.018153117600631413 0.04251968503937008
1 0.4830307813733228 0.24094488188976376 0.02367797947908445 0.047244094488188976
1 0.5367008681925809 0.22125984251968503 0.01894238358326756 0.04566929133858268
1 0.5240726124704025 0.15748031496062992 0.020520915548539857 0.04409448818897638
1 0.5347277032359905 0.15118110236220472 0.018153117600631413 0.04094488188976378
1 0.4996053670086819 0.14488188976377953 0.01578531965272297 0.03464566929133858
1 0.5631412786108919 0.14330708661417324 0.01499605367008682 0.03464566929133858
1 0.5595895816890292 0.12755905511811022 0.01578531965272297 0.031496062992125984
1 0.585635359116022 0.1921259842519685 0.017363851617995266 0.04409448818897638
1 0.5872138910812944 0.15511811023622046 0.01578531965272297 0.03622047244094488
1 0.5824782951854776 0.12755905511811022 0.01578531965272297 0.03779527559055118
1 0.6026045777426993 0.11732283464566928 0.016574585635359115 0.03622047244094488
1 0.6120757695343331 0.14330708661417324 0.013417521704814523 0.028346456692913385
1 0.6172059984214681 0.1653543307086614 0.012628255722178374 0.031496062992125984
1 0.611681136543015 0.20078740157480315 0.017363851617995266 0.04251968503937008
1 0.5781373322809786 0.3110236220472441 0.026045777426992895 0.05511811023622047
1 0.6183898973954223 0.34960629921259845 0.027624309392265192 0.05984251968503937
1 0.664956590370955 0.3763779527559055 0.030781373322809787 0.06614173228346457
1 0.6219415943172849 0.26771653543307083 0.025256511444356748 0.06299212598425197
1 0.675611681136543 0.21496062992125983 0.025256511444356748 0.05511811023622047
1 0.6629834254143646 0.16692913385826771 0.014206787687450671 0.03464566929133858
1 0.6389108129439621 0.11811023622047244 0.01499605367008682 0.03779527559055118
1 0.6574585635359116 0.13622047244094487 0.014206787687450671 0.03622047244094488
1 0.6696921862667718 0.1346456692913386 0.013417521704814523 0.03622047244094488
1 0.6921862667719021 0.14881889763779527 0.017363851617995266 0.03622047244094488
1 0.6957379636937648 0.13543307086614173 0.01499605367008682 0.04094488188976378
1 0.7213891081294396 0.14724409448818898 0.01894238358326756 0.03937007874015748
1 0.6981057616416733 0.1984251968503937 0.01973164956590371 0.047244094488188976
1 0.7221783741120757 0.24960629921259841 0.025256511444356748 0.048818897637795275
1 0.7529597474348856 0.2755905511811024 0.022099447513812154 0.047244094488188976
1 0.745067087608524 0.21574803149606298 0.01578531965272297 0.04094488188976378
1 0.7545382794001578 0.17559055118110237 0.01578531965272297 0.03622047244094488
1 0.7794001578531965 0.18818897637795276 0.018153117600631413 0.04251968503937008
1 0.7861089187056037 0.1590551181102362 0.01578531965272297 0.03779527559055118
1 0.8109707971586425 0.18110236220472442 0.016574585635359115 0.04094488188976378
1 0.8196527229676401 0.21181102362204723 0.01499605367008682 0.03937007874015748
1 0.8322809786898184 0.2015748031496063 0.01499605367008682 0.03779527559055118
1 0.797947908445146 0.23228346456692914 0.01578531965272297 0.04251968503937008
1 0.8105761641673244 0.3015748031496063 0.026835043409629045 0.05826771653543307
1 0.7316495659037096 0.3724409448818898 0.026835043409629045 0.07401574803149606
1 0.8038674033149171 0.42362204724409447 0.03235990528808208 0.08503937007874016
1 0.8626677190213102 0.4732283464566929 0.036306235201262825 0.08346456692913386
1 0.8863456985003947 0.37716535433070864 0.02367797947908445 0.06141732283464567
1 0.8606945540647198 0.3173228346456693 0.018153117600631413 0.05511811023622047
1 0.8701657458563535 0.28976377952755905 0.022888713496448304 0.04094488188976378
1 0.8895027624309392 0.26456692913385826 0.01894238358326756 0.050393700787401574
1 0.861878453038674 0.21653543307086615 0.017363851617995266 0.03622047244094488
1 0.8800315706393055 0.22755905511811023 0.01578531965272297 0.04251968503937008
1 0.9060773480662984 0.2173228346456693 0.014206787687450671 0.03464566929133858
1 0.9037095501183899 0.24488188976377953 0.01578531965272297 0.03937007874015748
1 0.9273875295974744 0.24960629921259841 0.014206787687450671 0.03622047244094488
1 0.925414364640884 0.30787401574803147 0.01973164956590371 0.05826771653543307
1 0.9471191791633781 0.35826771653543305 0.02367797947908445 0.06141732283464567
1 0.9471191791633781 0.4220472440944882 0.02367797947908445 0.07559055118110236
1 0.9759273875295975 0.34409448818897637 0.022888713496448304 0.05511811023622047
1 0.9806629834254144 0.29133858267716534 0.016574585635359115 0.050393700787401574
1 0.9865824782951855 0.2440944881889764 0.014206787687450671 0.03779527559055118
1 0.9569850039463299 0.24488188976377953 0.016574585635359115 0.03622047244094488
