1 0.23140900195694714 0.2763385146804836 0.030332681017612523 0.048359240069084625
1 0.37915851272015655 0.27374784110535405 0.02837573385518591 0.03626943005181347
1 0.410958904109589 0.2780656303972366 0.029354207436399216 0.055267702936096716
1 0.461839530332681 0.22279792746113988 0.021526418786692758 0.04490500863557858
1 0.487279843444227 0.309153713298791 0.029354207436399216 0.06563039723661485
1 0.5386497064579256 0.33074265975820377 0.026418786692759294 0.05008635578583765
1 0.5900195694716243 0.3911917098445596 0.03718199608610567 0.056994818652849735
1 0.6350293542074363 0.2469775474956822 0.0273972602739726 0.031088082901554404
1 0.6771037181996086 0.21070811744386872 0.025440313111545987 0.048359240069084625
1 0.7901174168297456 0.27979274611398963 0.026418786692759294 0.04145077720207253
1 0.8512720156555773 0.31174438687392053 0.025440313111545987 0.046632124352331605
1 0.9065557729941291 0.15025906735751296 0.018590998043052837 0.027633851468048358
1 0.9373776908023483 0.15975820379965458 0.021526418786692758 0.04317789291882556
1 0.5704500978473581 0.13644214162348878 0.023483365949119372 0.031088082901554404
1 0.5968688845401173 0.11830742659758203 0.019569471624266144 0.03626943005181347
1 0.41829745596868884 0.16493955094991364 0.02446183953033268 0.03281519861830742
