1 0.156 0.17556179775280897 0.056 0.09831460674157302
1 0.229 0.5042134831460674 0.062 0.09269662921348315
1 0.329 0.48595505617977525 0.074 0.10674157303370786
1 0.385 0.4747191011235955 0.05 0.07865168539325842
1 0.47900000000000004 0.5589887640449438 0.10200000000000001 0.1292134831460674
1 0.511 0.523876404494382 0.062 0.1095505617977528
1 0.595 0.48735955056179775 0.042 0.0702247191011236
1 0.6940000000000001 0.48735955056179775 0.056 0.08146067415730338
1 0.7030000000000001 0.5646067415730337 0.078 0.1292134831460674
1 0.76 0.6558988764044944 0.14400000000000002 0.2050561797752809
1 0.834 0.523876404494382 0.06 0.08707865168539325
1 0.808 0.4985955056179775 0.036000000000000004 0.0702247191011236
1 0.907 0.5786516853932584 0.078 0.11235955056179775
1 0.9590000000000001 0.5323033707865168 0.054 0.08146067415730338
1 0.964 0.48735955056179775 0.04 0.0702247191011236
