1 0.10636363636363637 0.6133879781420765 0.04909090909090909 0.07377049180327869
1 0.1481818181818182 0.5601092896174863 0.04909090909090909 0.07650273224043716
1 0.10727272727272727 0.46584699453551914 0.04727272727272727 0.07377049180327869
1 0.09545454545454546 0.42349726775956287 0.04181818181818182 0.0546448087431694
1 0.14 0.37841530054644806 0.04 0.06284153005464481
1 0.16363636363636364 0.4426229508196721 0.04363636363636364 0.060109289617486336
1 0.20636363636363636 0.38934426229508196 0.034545454545454546 0.05191256830601093
1 0.21272727272727274 0.3633879781420765 0.02909090909090909 0.04918032786885246
1 0.2381818181818182 0.5437158469945356 0.03636363636363636 0.06557377049180328
1 0.2509090909090909 0.5109289617486339 0.03272727272727273 0.060109289617486336
1 0.29545454545454547 0.5245901639344263 0.038181818181818185 0.060109289617486336
1 0.36454545454545456 0.5204918032786885 0.034545454545454546 0.05737704918032787
1 0.26454545454545453 0.3702185792349727 0.03090909090909091 0.05191256830601093
1 0.2909090909090909 0.34972677595628415 0.025454545454545455 0.04918032786885246
1 0.3118181818181818 0.3975409836065574 0.02727272727272727 0.05737704918032787
1 0.32727272727272727 0.3510928961748634 0.03272727272727273 0.05737704918032787
1 0.3609090909090909 0.34972677595628415 0.03090909090909091 0.0546448087431694
1 0.40454545454545454 0.3592896174863388 0.03090909090909091 0.05191256830601093
1 0.42454545454545456 0.3483606557377049 0.023636363636363636 0.04644808743169399
1 0.4490909090909091 0.3702185792349727 0.03272727272727273 0.06284153005464481
1 0.4818181818181818 0.34289617486338797 0.02909090909090909 0.05737704918032787
1 0.519090909090909 0.3510928961748634 0.034545454545454546 0.06284153005464481
1 0.43636363636363634 0.5204918032786885 0.03272727272727273 0.05737704918032787
1 0.49454545454545457 0.5068306010928961 0.02909090909090909 0.05737704918032787
1 0.5409090909090909 0.5068306010928961 0.02727272727272727 0.05737704918032787
1 0.5718181818181818 0.3879781420765027 0.034545454545454546 0.060109289617486336
1 0.5718181818181818 0.3360655737704918 0.02727272727272727 0.04371584699453552
1 0.6118181818181818 0.5314207650273224 0.03090909090909091 0.05191256830601093
1 0.6381818181818182 0.41939890710382516 0.02909090909090909 0.05191256830601093
1 0.6318181818181818 0.3319672131147541 0.03090909090909091 0.05191256830601093
1 0.6718181818181819 0.3510928961748634 0.03090909090909091 0.05191256830601093
1 0.6854545454545454 0.40846994535519127 0.03636363636363636 0.05737704918032787
1 0.7272727272727273 0.4098360655737705 0.04 0.06557377049180328
1 0.7236363636363636 0.3483606557377049 0.02909090909090909 0.05737704918032787
1 0.6981818181818182 0.546448087431694 0.04363636363636364 0.07103825136612021
1 0.7636363636363637 0.5450819672131147 0.04 0.07377049180327869
1 0.8063636363636364 0.38934426229508196 0.038181818181818185 0.06284153005464481
1 0.7745454545454545 0.37158469945355194 0.025454545454545455 0.0546448087431694
1 0.86 0.5833333333333334 0.05090909090909091 0.07377049180327869
1 0.8554545454545455 0.36475409836065575 0.04181818181818182 0.06830601092896176
1 0.8972727272727272 0.38114754098360654 0.045454545454545456 0.07377049180327869
