1 0.04541154210028382 0.4127906976744186 0.03784295175023652 0.07142857142857142
1 0.25922421948912017 0.2865448504983389 0.01892147587511826 0.03156146179401993
1 0.30605487228003786 0.2666112956810631 0.017975402081362345 0.04152823920265781
1 0.29706717123935666 0.2508305647840532 0.01892147587511826 0.029900332225913623
1 0.3107852412488174 0.23421926910299004 0.01608325449385052 0.029900332225913623
1 0.32639545884578997 0.2815614617940199 0.01892147587511826 0.03820598006644518
1 0.34720908230842007 0.2749169435215947 0.017029328287606435 0.044850498338870434
1 0.33112582781456956 0.25 0.015137180700094607 0.02823920265780731
1 0.37748344370860926 0.2142857142857143 0.013245033112582781 0.029900332225913623
1 0.38505203405865657 0.21677740863787376 0.013245033112582781 0.03488372093023256
1 0.4077578051087985 0.29983388704318936 0.02459791863765374 0.044850498338870434
1 0.38930936613055817 0.19933554817275748 0.01229895931882687 0.029900332225913623
1 0.4153263954588458 0.22508305647840532 0.015137180700094607 0.03488372093023256
1 0.4153263954588458 0.17358803986710963 0.015137180700094607 0.02823920265780731
1 0.43614001892147586 0.19186046511627908 0.015137180700094607 0.03156146179401993
1 0.4498580889309366 0.19435215946843853 0.01608325449385052 0.03322259136212625
1 0.45364238410596025 0.22757475083056478 0.01608325449385052 0.03986710963455149
1 0.4716177861873226 0.23006644518272426 0.019867549668874173 0.044850498338870434
1 0.46688741721854304 0.19269102990033224 0.014191106906338694 0.029900332225913623
1 0.46404919583727533 0.16777408637873756 0.014191106906338694 0.026578073089700997
1 0.4763481551561022 0.15614617940199335 0.014191106906338694 0.026578073089700997
1 0.49290444654683063 0.1951827242524917 0.015137180700094607 0.02823920265780731
1 0.4910122989593188 0.16279069767441862 0.015137180700094607 0.029900332225913623
1 0.48864711447492903 0.13870431893687707 0.010406811731315042 0.02159468438538206
1 0.5298013245033113 0.13538205980066445 0.015137180700094607 0.02823920265780731
1 0.5245979186376537 0.16279069767441862 0.014191106906338694 0.026578073089700997
1 0.5487228003784295 0.15863787375415284 0.017029328287606435 0.03820598006644518
1 0.5416272469252602 0.2009966777408638 0.017975402081362345 0.04318936877076412
1 0.5600756859035004 0.14285714285714285 0.013245033112582781 0.026578073089700997
1 0.5648060548722801 0.11046511627906977 0.013245033112582781 0.02159468438538206
1 0.5813623462630085 0.1644518272425249 0.019867549668874173 0.03986710963455149
1 0.5960264900662252 0.11544850498338871 0.015137180700094607 0.02823920265780731
1 0.6073793755912961 0.10215946843853821 0.013245033112582781 0.02823920265780731
1 0.6333964049195837 0.1004983388704319 0.01229895931882687 0.024916943521594685
1 0.6584673604541155 0.09800664451827243 0.013245033112582781 0.026578073089700997
1 0.6925260170293283 0.10382059800664452 0.013245033112582781 0.03488372093023256
1 0.6788079470198676 0.12624584717607973 0.014191106906338694 0.03322259136212625
1 0.6442762535477767 0.12624584717607973 0.013245033112582781 0.023255813953488372
1 0.6173131504257332 0.12458471760797342 0.014191106906338694 0.019933554817275746
1 0.6135288552507095 0.1536544850498339 0.01608325449385052 0.03488372093023256
1 0.5993377483443708 0.14700996677740863 0.014191106906338694 0.03488372093023256
1 0.6972563859981078 0.14867109634551495 0.015137180700094607 0.03488372093023256
1 0.7204351939451277 0.14451827242524917 0.014191106906338694 0.03322259136212625
1 0.7469252601702933 0.12624584717607973 0.01229895931882687 0.029900332225913623
1 0.761116367076632 0.10880398671096346 0.01229895931882687 0.03488372093023256
1 0.7790917691579943 0.13372093023255816 0.01229895931882687 0.03156146179401993
1 0.7861873226111636 0.1212624584717608 0.011352885525070956 0.029900332225913623
1 0.8008514664143803 0.13870431893687707 0.014191106906338694 0.03156146179401993
1 0.815515610217597 0.13787375415282394 0.013245033112582781 0.023255813953488372
1 0.8420056764427626 0.14534883720930233 0.015137180700094607 0.03156146179401993
1 0.8448438978240302 0.16611295681063123 0.013245033112582781 0.036544850498338874
1 0.8618732261116367 0.1536544850498339 0.013245033112582781 0.03820598006644518
1 0.8760643330179754 0.13372093023255816 0.013245033112582781 0.02823920265780731
1 0.8793755912961211 0.1569767441860465 0.014191106906338694 0.03156146179401993
1 0.8883632923368022 0.17358803986710963 0.013245033112582781 0.03488372093023256
1 0.9058656575212867 0.13122923588039867 0.01229895931882687 0.029900332225913623
1 0.9068117313150426 0.1686046511627907 0.01229895931882687 0.02823920265780731
1 0.9361400189214759 0.15780730897009967 0.010406811731315042 0.026578073089700997
1 0.9403973509933775 0.17940199335548174 0.013245033112582781 0.029900332225913623
1 0.935666982024598 0.21179401993355482 0.015137180700094607 0.03488372093023256
1 0.8949858088930936 0.20182724252491696 0.013245033112582781 0.03488372093023256
1 0.8784295175023652 0.22093023255813954 0.01608325449385052 0.04983388704318937
1 0.8538315988647115 0.19019933554817275 0.01608325449385052 0.04152823920265781
1 0.8117313150425733 0.1852159468438538 0.015137180700094607 0.03156146179401993
1 0.7734153263954588 0.1744186046511628 0.014191106906338694 0.029900332225913623
1 0.7559129612109745 0.15780730897009967 0.013245033112582781 0.03322259136212625
1 0.7483443708609272 0.1744186046511628 0.017029328287606435 0.036544850498338874
1 0.7436140018921475 0.20431893687707642 0.015137180700094607 0.046511627906976744
1 0.7123935666982024 0.18438538205980068 0.020813623462630083 0.03986710963455149
1 0.6551561021759698 0.18272425249169436 0.01608325449385052 0.03322259136212625
1 0.6627246925260171 0.21179401993355482 0.023651844843897825 0.04817275747508306
1 0.7015137180700095 0.22259136212624586 0.019867549668874173 0.046511627906976744
1 0.759697256385998 0.24750830564784054 0.020813623462630083 0.046511627906976744
1 0.8292336802270577 0.25249169435215946 0.021759697256385997 0.05647840531561462
1 0.9337748344370861 0.2857142857142857 0.020813623462630083 0.05647840531561462
1 0.7918637653736992 0.2915282392026578 0.02459791863765374 0.061461794019933555
1 0.7317880794701986 0.2815614617940199 0.0293282876064333 0.054817275747508304
1 0.6702932828760644 0.25830564784053156 0.023651844843897825 0.051495016611295685
1 0.6111636707663197 0.20681063122923588 0.020813623462630083 0.03820598006644518
1 0.587038789025544 0.24003322259136214 0.023651844843897825 0.04152823920265781
1 0.6177861873226111 0.2599667774086379 0.026490066225165563 0.051495016611295685
1 0.6177861873226111 0.329734219269103 0.028382213812677387 0.0681063122923588
1 0.6934720908230843 0.3239202657807309 0.030274361400189215 0.06312292358803986
1 0.49195837275307475 0.3081395348837209 0.026490066225165563 0.051495016611295685
1 0.5610217596972564 0.29069767441860467 0.02459791863765374 0.059800664451827246
