1 0.042702702702702704 0.4169381107491857 0.04 0.08469055374592835
1 0.03027027027027027 0.4486970684039088 0.05189189189189189 0.10586319218241043
1 0.13891891891891892 0.43485342019543977 0.05081081081081081 0.08794788273615635
1 0.1783783783783784 0.495114006514658 0.07783783783783783 0.11726384364820848
1 0.18 0.4250814332247557 0.04864864864864865 0.07166123778501629
1 0.22648648648648648 0.45114006514657984 0.055135135135135134 0.09771986970684039
1 0.32756756756756755 0.47149837133550493 0.05621621621621622 0.08957654723127036
1 0.3318918918918919 0.4030944625407166 0.03891891891891892 0.0732899022801303
1 0.36864864864864866 0.4201954397394137 0.02810810810810811 0.06188925081433225
1 0.39675675675675676 0.4389250814332248 0.036756756756756756 0.06351791530944625
1 0.4648648648648649 0.481270358306189 0.0627027027027027 0.07980456026058633
1 0.5097297297297297 0.4389250814332248 0.03783783783783784 0.07980456026058633
1 0.512972972972973 0.3428338762214984 0.03135135135135135 0.06026058631921825
1 0.5686486486486486 0.5171009771986971 0.10162162162162162 0.20358306188925082
1 0.6032432432432433 0.45684039087947886 0.06486486486486487 0.10912052117263844
1 0.6848648648648649 0.45114006514657984 0.04648648648648649 0.0749185667752443
1 0.7827027027027027 0.501628664495114 0.07351351351351351 0.11400651465798047
1 0.8740540540540541 0.6115635179153095 0.14162162162162162 0.252442996742671
1 0.9172972972972974 0.45521172638436486 0.07891891891891892 0.12866449511400652
