1 0.1313456889605157 0.6047957371225577 0.041901692183722805 0.11900532859680285
1 0.225624496373892 0.325044404973357 0.022562449637389202 0.05328596802841919
1 0.21434327155519742 0.2957371225577265 0.0177276390008058 0.04440497335701599
1 0.27195809830781625 0.2664298401420959 0.0153102336825141 0.04262877442273535
1 0.28726833199033036 0.27175843694493784 0.0153102336825141 0.046181172291296625
1 0.3058017727639001 0.23978685612788633 0.0169218372280419 0.046181172291296625
1 0.330378726833199 0.2690941385435169 0.0177276390008058 0.05150976909413855
1 0.34730056406124094 0.23712255772646537 0.0145044319097502 0.04085257548845471
1 0.3674456083803384 0.29040852575488457 0.019339242546333603 0.047957371225577264
1 0.39161966156325545 0.2664298401420959 0.016116035455278 0.04262877442273535
1 0.4391619661563255 0.3321492007104796 0.024174053182917002 0.04973357015985791
1 0.36180499597099114 0.22202486678507993 0.0145044319097502 0.03197158081705151
1 0.3859790491539081 0.21314387211367675 0.0128928283642224 0.03197158081705151
1 0.4282836422240129 0.22291296625222026 0.0185334407735697 0.04085257548845471
1 0.43029814665592264 0.18738898756660746 0.0128928283642224 0.03374777975133215
1 0.4657534246575342 0.27708703374777977 0.019339242546333603 0.046181172291296625
1 0.4899274778404512 0.23001776198934282 0.0145044319097502 0.03374777975133215
1 0.47582594681708296 0.20159857904085257 0.0136986301369863 0.04085257548845471
1 0.46212731668009666 0.19715808170515098 0.012087026591458501 0.028419182948490232
1 0.4496373892022562 0.1891651865008881 0.0145044319097502 0.03374777975133215
1 0.4907332796132151 0.17761989342806395 0.016116035455278 0.035523978685612786
1 0.515713134568896 0.19715808170515098 0.0145044319097502 0.035523978685612786
1 0.524174053182917 0.18117229129662524 0.0136986301369863 0.03197158081705151
1 0.5511684125705076 0.24511545293072826 0.016116035455278 0.04262877442273535
1 0.5672844480257856 0.23712255772646537 0.016116035455278 0.04440497335701599
1 0.556406124093473 0.1891651865008881 0.0185334407735697 0.04085257548845471
1 0.5499597099113618 0.15630550621669628 0.0136986301369863 0.03197158081705151
1 0.572522159548751 0.15452930728241562 0.0153102336825141 0.03907637655417407
1 0.5797743755036261 0.19893428063943164 0.0169218372280419 0.03907637655417407
1 0.6071716357775987 0.20159857904085257 0.0136986301369863 0.04085257548845471
1 0.6184528605962933 0.22646536412078153 0.0153102336825141 0.04085257548845471
1 0.6547139403706688 0.2060390763765542 0.012087026591458501 0.03197158081705151
1 0.6490733279613214 0.1705150976909414 0.012087026591458501 0.03907637655417407
1 0.6265108783239323 0.15008880994671403 0.0169218372280419 0.04085257548845471
1 0.596293311845286 0.14120781527531084 0.016116035455278 0.03019538188277087
1 0.6639806607574537 0.152753108348135 0.0128928283642224 0.035523978685612786
1 0.6869460112812248 0.15985790408525755 0.0136986301369863 0.03197158081705151
1 0.7087026591458501 0.17761989342806395 0.0153102336825141 0.03907637655417407
1 0.6941982272360999 0.24511545293072826 0.0153102336825141 0.04262877442273535
1 0.676470588235294 0.2060390763765542 0.0153102336825141 0.03907637655417407
1 0.5697018533440773 0.3730017761989343 0.022562449637389202 0.06039076376554174
1 0.6023368251410153 0.4058614564831261 0.0265914585012087 0.06216696269982238
1 0.6091861402095085 0.3268206039076377 0.019339242546333603 0.05328596802841919
1 0.6583400483481063 0.28063943161634103 0.022562449637389202 0.06039076376554174
1 0.7211925866236906 0.29307282415630553 0.0177276390008058 0.046181172291296625
1 0.6551168412570507 0.4396092362344583 0.020950846091861403 0.055062166962699825
1 0.717969379532635 0.4325044404973357 0.024174053182917002 0.06216696269982238
1 0.7997582594681708 0.5071047957371225 0.0249798549556809 0.08703374777975134
1 0.8416599516518936 0.5506216696269982 0.031426269137792104 0.08170515097690942
1 0.8803384367445608 0.4342806394316164 0.0185334407735697 0.055062166962699825
1 0.959709911361805 0.4857904085257549 0.022562449637389202 0.06927175843694494
1 0.9476228847703465 0.41651865008880995 0.019339242546333603 0.0586145648312611
1 0.9721998388396454 0.3996447602131439 0.0169218372280419 0.04973357015985791
1 0.9685737308622079 0.35168738898756663 0.0145044319097502 0.04262877442273535
1 0.9786462530217566 0.30639431616341034 0.0185334407735697 0.04440497335701599
1 0.9484286865431104 0.2735346358792185 0.0177276390008058 0.04973357015985791
1 0.9278807413376309 0.3010657193605684 0.0136986301369863 0.03374777975133215
1 0.9238517324738114 0.3605683836589698 0.020145044319097503 0.04973357015985791
1 0.9004834810636583 0.28596802841918295 0.012087026591458501 0.035523978685612786
1 0.8916196615632555 0.2593250444049734 0.0136986301369863 0.04262877442273535
1 0.8839645447219984 0.32149200710479575 0.0177276390008058 0.046181172291296625
1 0.870265914585012 0.34991119005328597 0.022562449637389202 0.04973357015985791
1 0.8597904915390814 0.3774422735346359 0.019339242546333603 0.047957371225577264
1 0.8130539887187751 0.32859680284191833 0.019339242546333603 0.04973357015985791
1 0.7473811442385173 0.3268206039076377 0.023368251410153102 0.04973357015985791
1 0.7401289282836422 0.25754884547069273 0.0169218372280419 0.03907637655417407
1 0.7449637389202256 0.21847246891651867 0.012087026591458501 0.03197158081705151
1 0.7767929089443997 0.23623445825932504 0.0145044319097502 0.03907637655417407
1 0.7933118452860596 0.27619893428063946 0.0153102336825141 0.047957371225577264
1 0.8170829975825946 0.2593250444049734 0.0145044319097502 0.035523978685612786
1 0.8408541498791297 0.2424511545293073 0.0136986301369863 0.03730017761989343
1 0.8686543110394842 0.2602131438721137 0.016116035455278 0.03730017761989343
1 0.8058017727639001 0.21758436944937834 0.016116035455278 0.04440497335701599
1 0.7711522965350524 0.20426287744227353 0.016116035455278 0.035523978685612786
