1 0.14857142857142858 0.40600924499229585 0.1457142857142857 0.1864406779661017
1 0.34285714285714286 0.23035439137134053 0.10571428571428572 0.12788906009244994
1 0.615 0.4915254237288136 0.14714285714285713 0.2095531587057011
1 0.7457142857142857 0.2357473035439137 0.08571428571428572 0.12326656394453005
1 0.7285714285714285 0.06394453004622497 0.07428571428571429 0.10323574730354391
1 0.8771428571428571 0.1024653312788906 0.07142857142857142 0.0847457627118644
1 0.9657142857142857 0.10631741140215717 0.06 0.1016949152542373
1 0.5785714285714286 0.09167950693374423 0.08 0.09090909090909091
1 0.5342857142857143 0.1679506933744222 0.09428571428571429 0.11710323574730355
1 0.49714285714285716 0.08166409861325116 0.06857142857142857 0.08320493066255778
1 0.2671428571428571 0.10477657935285055 0.08285714285714285 0.07704160246533129
1 0.21785714285714286 0.04930662557781202 0.06428571428571428 0.07395993836671803
1 0.09285714285714286 0.05624036979969184 0.06571428571428571 0.07858243451463791
