1 0.11647972389991372 0.5545058139534884 0.03968938740293357 0.07994186046511628
1 0.22044866264020707 0.342296511627907 0.019844693701466784 0.036337209302325583
1 0.2566867989646247 0.34738372093023256 0.023295944779982744 0.0436046511627907
1 0.27739430543572047 0.3706395348837209 0.021570319240724764 0.046511627906976744
1 0.2830025884383089 0.3066860465116279 0.01898188093183779 0.03488372093023256
1 0.3313201035375324 0.36191860465116277 0.024158757549611734 0.046511627906976744
1 0.3528904227782571 0.3270348837209302 0.01898188093183779 0.0377906976744186
1 0.3511647972389991 0.29869186046511625 0.01725625539257981 0.03343023255813953
1 0.4115616911130285 0.3335755813953488 0.022433132010353754 0.03924418604651163
1 0.44607420189818814 0.3379360465116279 0.024158757549611734 0.04215116279069767
1 0.42450388265746336 0.2928779069767442 0.01553062985332183 0.024709302325581394
1 0.40724762726488356 0.2965116279069767 0.020707506471095774 0.03488372093023256
1 0.39042277825711824 0.26308139534883723 0.0181190681622088 0.03197674418604651
1 0.42752372735116484 0.2609011627906977 0.01639344262295082 0.027616279069767442
1 0.47152717860224336 0.26671511627906974 0.01639344262295082 0.030523255813953487
1 0.47799827437446074 0.3066860465116279 0.020707506471095774 0.03488372093023256
1 0.50862812769629 0.3248546511627907 0.025021570319240728 0.04505813953488372
1 0.4698015530629854 0.24200581395348836 0.01639344262295082 0.03343023255813953
1 0.5168248490077654 0.2652616279069767 0.01725625539257981 0.036337209302325583
1 0.5271786022433133 0.2754360465116279 0.01553062985332183 0.036337209302325583
1 0.5465918895599655 0.29433139534883723 0.0181190681622088 0.03924418604651163
1 0.5500431406384815 0.2543604651162791 0.01639344262295082 0.03488372093023256
1 0.5642795513373599 0.22674418604651161 0.013805004314063849 0.029069767441860465
1 0.5780845556514237 0.22093023255813954 0.013805004314063849 0.026162790697674417
1 0.5845556514236411 0.22311046511627908 0.011216566005176877 0.02180232558139535
1 0.5918895599654875 0.23401162790697674 0.01553062985332183 0.026162790697674417
1 0.5897325280414151 0.2645348837209302 0.0181190681622088 0.03488372093023256
1 0.6143226919758412 0.24854651162790697 0.01725625539257981 0.029069767441860465
1 0.6104400345125108 0.22311046511627908 0.014667817083692839 0.024709302325581394
1 0.6091458153580673 0.2056686046511628 0.01553062985332183 0.02180232558139535
1 0.639344262295082 0.21584302325581395 0.013805004314063849 0.027616279069767442
1 0.6505608283002589 0.22238372093023256 0.013805004314063849 0.026162790697674417
1 0.6540120793787748 0.24636627906976744 0.013805004314063849 0.027616279069767442
1 0.686367558239862 0.2311046511627907 0.0181190681622088 0.029069767441860465
1 0.7001725625539258 0.2260174418604651 0.01639344262295082 0.03343023255813953
1 0.685504745470233 0.20857558139534885 0.014667817083692839 0.027616279069767442
1 0.6842105263157895 0.279796511627907 0.022433132010353754 0.04215116279069767
1 0.6475409836065574 0.30523255813953487 0.019844693701466784 0.040697674418604654
1 0.6121656600517688 0.32994186046511625 0.025021570319240728 0.040697674418604654
1 0.6121656600517688 0.37790697674418605 0.028472821397756688 0.055232558139534885
1 0.545297670405522 0.36046511627906974 0.025884383088869718 0.04941860465116279
1 0.5569456427955134 0.41497093023255816 0.03537532355478861 0.059593023255813955
1 0.48188093183779124 0.407703488372093 0.03537532355478861 0.06540697674418605
1 0.6052631578947368 0.4571220930232558 0.03537532355478861 0.07122093023255814
1 0.6484037963761864 0.470203488372093 0.03537532355478861 0.07994186046511628
1 0.6626402070750648 0.37136627906976744 0.03106125970664366 0.059593023255813955
1 0.7031924072476273 0.35973837209302323 0.024158757549611734 0.05377906976744186
1 0.7385677308024159 0.40334302325581395 0.03451251078515962 0.06540697674418605
1 0.7208800690250216 0.5290697674418604 0.03882657463330458 0.08430232558139535
1 0.8369283865401208 0.5152616279069767 0.03796376186367558 0.07122093023255814
1 0.8058671268334772 0.4324127906976744 0.029335634167385678 0.06540697674418605
1 0.8356341673856773 0.36191860465116277 0.026747195858498708 0.04941860465116279
1 0.8822260569456428 0.39244186046511625 0.03364969801553063 0.061046511627906974
1 0.9495254529767041 0.46584302325581395 0.030198446937014668 0.06831395348837209
1 0.7109577221742882 0.3008720930232558 0.01898188093183779 0.0436046511627907
1 0.7213114754098361 0.3001453488372093 0.01725625539257981 0.030523255813953487
1 0.7213114754098361 0.2507267441860465 0.01725625539257981 0.03343023255813953
1 0.7476272648835203 0.25218023255813954 0.0181190681622088 0.036337209302325583
1 0.7635893011216567 0.24127906976744184 0.013805004314063849 0.03197674418604651
1 0.7911993097497844 0.2616279069767442 0.013805004314063849 0.029069767441860465
1 0.8011216566005177 0.2376453488372093 0.01639344262295082 0.030523255813953487
1 0.7985332182916307 0.28343023255813954 0.019844693701466784 0.03488372093023256
1 0.8356341673856773 0.29796511627906974 0.0181190681622088 0.0377906976744186
1 0.8679896462467644 0.3234011627906977 0.01898188093183779 0.03924418604651163
1 0.8951682484900777 0.33648255813953487 0.019844693701466784 0.04505813953488372
1 0.9124245038826575 0.32049418604651164 0.01639344262295082 0.036337209302325583
1 0.9408973252804141 0.33066860465116277 0.0181190681622088 0.036337209302325583
1 0.9611734253666955 0.35973837209302323 0.022433132010353754 0.050872093023255814
1 0.9603106125970665 0.3074127906976744 0.01553062985332183 0.03924418604651163
1 0.9659188955996549 0.2768895348837209 0.012942191544434859 0.030523255813953487
1 0.9266609145815359 0.2856104651162791 0.01553062985332183 0.03924418604651163
1 0.9383088869715273 0.30450581395348836 0.01639344262295082 0.030523255813953487
1 0.9042277825711821 0.2558139534883721 0.013805004314063849 0.03488372093023256
1 0.8822260569456428 0.27398255813953487 0.0181190681622088 0.03343023255813953
1 0.8688524590163935 0.2747093023255814 0.01725625539257981 0.03197674418604651
1 0.8645383951682485 0.25290697674418605 0.01553062985332183 0.029069767441860465
1 0.8300258843830889 0.24345930232558138 0.01898188093183779 0.036337209302325583
