1 0.16538789428815004 0.5029985007496252 0.04603580562659847 0.09745127436281859
1 0.22719522591645352 0.3538230884557721 0.0196078431372549 0.035982008995502246
1 0.2591645353793691 0.36281859070464767 0.01875532821824382 0.04497751124437781
1 0.2898550724637681 0.38530734632683655 0.020460358056265983 0.04497751124437781
1 0.2949701619778346 0.31409295352323835 0.01875532821824382 0.04047976011994003
1 0.3380221653878943 0.3770614692653673 0.023017902813299233 0.05547226386806597
1 0.3618925831202046 0.33958020989505244 0.01619778346121057 0.031484257871064465
1 0.36018755328218244 0.3043478260869565 0.0196078431372549 0.029985007496251874
1 0.39215686274509803 0.3523238380809595 0.020460358056265983 0.038980509745127435
1 0.41687979539641945 0.34782608695652173 0.02216538789428815 0.04497751124437781
1 0.41474850809889174 0.31409295352323835 0.01619778346121057 0.031484257871064465
1 0.41091219096334186 0.2901049475262369 0.015345268542199489 0.02848575712143928
1 0.4040920716112532 0.27061469265367316 0.015345268542199489 0.031484257871064465
1 0.43265132139812446 0.27511244377811095 0.014492753623188406 0.02848575712143928
1 0.45311167945439046 0.27436281859070466 0.014492753623188406 0.035982008995502246
1 0.44501278772378516 0.3238380809595202 0.02216538789428815 0.041979010494752625
1 0.47698209718670076 0.31409295352323835 0.017902813299232736 0.034482758620689655
1 0.48081841432225064 0.36281859070464767 0.027280477408354646 0.041979010494752625
1 0.5132139812446718 0.3313343328335832 0.017050298380221655 0.038980509745127435
1 0.4799658994032396 0.2811094452773613 0.017050298380221655 0.02848575712143928
1 0.4697357203751066 0.2556221889055472 0.013640238704177323 0.02848575712143928
1 0.47655583972719523 0.24812593703148425 0.017050298380221655 0.031484257871064465
1 0.5089514066496164 0.2781109445277361 0.017050298380221655 0.034482758620689655
1 0.526001705029838 0.29310344827586204 0.017050298380221655 0.034482758620689655
1 0.5502983802216539 0.2593703148425787 0.01619778346121057 0.029985007496251874
1 0.5618073316283035 0.29685157421289354 0.01875532821824382 0.038980509745127435
1 0.592071611253197 0.27136431784107945 0.01619778346121057 0.029985007496251874
1 0.5848252344416027 0.260119940029985 0.013640238704177323 0.02848575712143928
1 0.5801364023870418 0.23013493253373313 0.01278772378516624 0.025487256371814093
1 0.6146632566069906 0.23463268365817092 0.015345268542199489 0.02848575712143928
1 0.6300085251491901 0.25337331334332835 0.011935208866155157 0.0239880059970015
1 0.6248934356351236 0.21589205397301348 0.011935208866155157 0.026986506746626684
1 0.6423699914748509 0.23013493253373313 0.014492753623188406 0.022488755622188904
1 0.6538789428815004 0.2578710644677661 0.013640238704177323 0.0239880059970015
1 0.6896845694799659 0.24062968515742128 0.015345268542199489 0.025487256371814093
1 0.6820119352088662 0.22413793103448276 0.013640238704177323 0.02848575712143928
1 0.592924126172208 0.23463268365817092 0.011082693947144074 0.025487256371814093
1 0.5140664961636828 0.39730134932533734 0.030690537084398978 0.06296851574212893
1 0.5537084398976982 0.4235382308845577 0.028132992327365727 0.05847076461769115
1 0.6057118499573743 0.3958020989505247 0.026427962489343565 0.05697151424287856
1 0.6099744245524297 0.34182908545727136 0.0247229326513214 0.04497751124437781
1 0.6287297527706734 0.4475262368815592 0.03495311167945439 0.07346326836581708
1 0.6577152600170503 0.48650674662668664 0.03836317135549872 0.06746626686656672
1 0.6807331628303496 0.38605697151424284 0.026427962489343565 0.043478260869565216
1 0.6624040920716112 0.36356821589205396 0.023870417732310314 0.04047976011994003
1 0.6474850809889173 0.3245877061469265 0.021312872975277068 0.04047976011994003
1 0.6867007672634271 0.29385307346326833 0.0196078431372549 0.038980509745127435
1 0.7233589087809037 0.2646176911544228 0.017902813299232736 0.037481259370314844
1 0.7016197783461211 0.24062968515742128 0.015345268542199489 0.031484257871064465
1 0.731457800511509 0.31709145427286356 0.01875532821824382 0.04047976011994003
1 0.7067348678601876 0.3695652173913043 0.023870417732310314 0.04947526236881559
1 0.7578857630008525 0.4287856071964018 0.027280477408354646 0.05697151424287856
1 0.7229326513213982 0.5314842578710645 0.04603580562659847 0.08545727136431784
1 0.8248081841432225 0.5179910044977512 0.03495311167945439 0.05847076461769115
1 0.7468030690537084 0.2616191904047976 0.015345268542199489 0.034482758620689655
1 0.7672634271099744 0.27436281859070466 0.017050298380221655 0.035982008995502246
1 0.7847399829497016 0.29610194902548725 0.017902813299232736 0.037481259370314844
1 0.7659846547314578 0.2338830584707646 0.014492753623188406 0.029985007496251874
1 0.8022165387894288 0.24887556221889054 0.017050298380221655 0.029985007496251874
1 0.80306905370844 0.2773613193403298 0.017050298380221655 0.03298350824587706
1 0.8312020460358056 0.2578710644677661 0.01875532821824382 0.038980509745127435
1 0.8397271952259164 0.31859070464767614 0.020460358056265983 0.034482758620689655
1 0.8627450980392157 0.27061469265367316 0.017050298380221655 0.034482758620689655
1 0.8738277919863597 0.2833583208395802 0.015345268542199489 0.03298350824587706
1 0.8827791986359761 0.2856071964017991 0.01278772378516624 0.02848575712143928
1 0.8951406649616368 0.27061469265367316 0.013640238704177323 0.031484257871064465
1 0.8716965046888321 0.3230884557721139 0.0196078431372549 0.037481259370314844
1 0.8861892583120204 0.3785607196401799 0.0247229326513214 0.05847076461769115
1 0.8324808184143222 0.37256371814092953 0.023017902813299233 0.05247376311844078
1 0.8077578857630009 0.4415292353823088 0.026427962489343565 0.05847076461769115
1 0.8712702472293266 0.46851574212893554 0.03239556692242114 0.0704647676161919
1 0.9352088661551577 0.4752623688155922 0.030690537084398978 0.06596701649175413
1 0.9398976982097187 0.41379310344827586 0.0196078431372549 0.050974512743628186
1 0.9514066496163683 0.3733133433283358 0.01875532821824382 0.038980509745127435
1 0.9254049445865302 0.3448275862068965 0.017902813299232736 0.04497751124437781
1 0.9249786871270247 0.2901049475262369 0.01875532821824382 0.04047976011994003
1 0.9578005115089514 0.31859070464767614 0.017902813299232736 0.031484257871064465
1 0.9505541346973572 0.34632683658170915 0.020460358056265983 0.035982008995502246
1 0.9612105711849958 0.2946026986506747 0.01619778346121057 0.031484257871064465
