1 0.3867457962413452 0.3127147766323024 0.025717111770524232 0.04810996563573883
1 0.3273986152324431 0.22164948453608246 0.017804154302670624 0.030927835051546393
1 0.3545994065281899 0.2233676975945017 0.012858555885262116 0.041237113402061855
1 0.5093966369930761 0.20532646048109965 0.017804154302670624 0.03951890034364261
1 0.5039564787339268 0.15721649484536082 0.012858555885262116 0.018900343642611683
1 0.5173095944609297 0.16151202749140894 0.013847675568743818 0.027491408934707903
1 0.5712166172106825 0.12285223367697594 0.012858555885262116 0.022336769759450172
1 0.5766567754698319 0.18470790378006874 0.017804154302670624 0.03608247422680412
1 0.8278931750741839 0.40378006872852235 0.033630069238377844 0.08247422680412371
1 0.920375865479723 0.140893470790378 0.018793273986152322 0.044673539518900345
