1 0.609 0.4144144144144144 0.038 0.06006006006006006
1 0.9590000000000001 0.7237237237237237 0.062 0.08408408408408408
1 0.9460000000000001 0.6006006006006006 0.048 0.08408408408408408
1 0.919 0.6576576576576576 0.05 0.07807807807807808
1 0.879 0.6381381381381381 0.07 0.12912912912912913
1 0.805 0.7027027027027027 0.082 0.13213213213213212
1 0.751 0.6456456456456456 0.07 0.1021021021021021
1 0.738 0.5705705705705706 0.048 0.07807807807807808
1 0.668 0.7702702702702703 0.1 0.1891891891891892
1 0.466 0.7417417417417418 0.108 0.17417417417417416
1 0.543 0.6846846846846847 0.074 0.14414414414414414
1 0.602 0.6186186186186187 0.06 0.10810810810810811
1 0.677 0.5915915915915916 0.05 0.07807807807807808
1 0.556 0.5780780780780781 0.056 0.08108108108108109
1 0.535 0.5495495495495496 0.042 0.07807807807807808
1 0.507 0.6066066066066066 0.054 0.08408408408408408
1 0.457 0.6321321321321322 0.07 0.10510510510510511
1 0.454 0.56006006006006 0.048 0.07507507507507508
1 0.262 0.7237237237237237 0.096 0.15615615615615616
1 0.326 0.6231231231231231 0.068 0.12312312312312312
1 0.354 0.5645645645645646 0.032 0.07207207207207207
1 0.374 0.536036036036036 0.036000000000000004 0.06906906906906907
1 0.266 0.5675675675675675 0.048 0.0960960960960961
1 0.23500000000000001 0.524024024024024 0.038 0.05105105105105105
1 0.234 0.5675675675675675 0.036000000000000004 0.05405405405405406
1 0.169 0.5915915915915916 0.058 0.0960960960960961
1 0.129 0.5720720720720721 0.042 0.06906906906906907
1 0.101 0.5135135135135135 0.038 0.06006006006006006
1 0.062 0.527027027027027 0.044 0.057057057057057055
1 0.045 0.5690690690690691 0.066 0.09309309309309309
1 0.06 0.6801801801801802 0.10400000000000001 0.14114114114114115
