1 0.10312500000000001 0.3123827392120075 0.06125 0.10318949343339587
1 0.214375 0.36397748592870544 0.04625 0.08630393996247655
1 0.21375 0.6088180112570356 0.0675 0.1294559099437148
1 0.325625 0.6378986866791745 0.07375 0.13883677298311445
1 0.3225 0.3123827392120075 0.0625 0.11069418386491557
1 0.4175 0.29362101313320826 0.055 0.09568480300187618
1 0.5337500000000001 0.28142589118198874 0.055 0.0975609756097561
1 0.6218750000000001 0.38555347091932457 0.04875 0.09193245778611632
1 0.683125 0.2964352720450281 0.051250000000000004 0.09380863039399624
1 0.724375 0.3799249530956848 0.05375 0.10694183864915573
1 0.81875 0.34146341463414637 0.05 0.0975609756097561
1 0.9275 0.36866791744840527 0.065 0.11069418386491557
