1 0.025 0.5757097791798107 0.042 0.07886435331230283
1 0.056 0.5473186119873816 0.036000000000000004 0.06624605678233439
1 0.123 0.5930599369085173 0.062 0.11356466876971609
1 0.179 0.5268138801261829 0.038 0.0694006309148265
1 0.264 0.5126182965299685 0.04 0.06624605678233439
1 0.295 0.61198738170347 0.058 0.10094637223974763
1 0.301 0.5536277602523659 0.05 0.07886435331230283
1 0.354 0.6293375394321766 0.068 0.1167192429022082
1 0.369 0.528391167192429 0.042 0.0725552050473186
1 0.419 0.5520504731861199 0.042 0.07570977917981073
1 0.462 0.5441640378548895 0.052000000000000005 0.10410094637223974
1 0.512 0.5362776025236593 0.036000000000000004 0.0694006309148265
1 0.423 0.8517350157728706 0.13 0.21451104100946372
1 0.5650000000000001 0.6561514195583596 0.07 0.1198738170347003
1 0.5760000000000001 0.5378548895899053 0.044 0.08517350157728706
1 0.7010000000000001 0.5299684542586751 0.046 0.07570977917981073
1 0.733 0.5914826498422713 0.058 0.0914826498422713
1 0.704 0.7397476340694006 0.128 0.19873817034700314
1 0.85 0.37697160883280756 0.032 0.06624605678233439
1 0.842 0.5599369085173501 0.044 0.08517350157728706
1 0.913 0.6514195583596214 0.094 0.14195583596214512
1 0.911 0.5583596214511041 0.046 0.08201892744479496
1 0.9380000000000001 0.9085173501577287 0.124 0.1640378548895899
