1 0.13125 0.3255269320843091 0.078125 0.1451990632318501
1 0.21796875000000002 0.3231850117096019 0.060937500000000006 0.10304449648711944
1 0.2609375 0.3770491803278688 0.06875 0.13114754098360656
1 0.29453125 0.3114754098360656 0.0578125 0.117096018735363
1 0.34765625 0.27400468384074944 0.051562500000000004 0.117096018735363
1 0.35546875 0.3992974238875878 0.0671875 0.13348946135831383
1 0.39687500000000003 0.30679156908665106 0.053125000000000006 0.117096018735363
1 0.45390625 0.3185011709601874 0.060937500000000006 0.1358313817330211
1 0.50546875 0.31381733021077285 0.0546875 0.10304449648711944
1 0.55703125 0.3149882903981265 0.0578125 0.1288056206088993
1 0.6171875 0.3548009367681499 0.06875 0.13348946135831383
1 0.6585937500000001 0.3559718969555035 0.045312500000000006 0.10772833723653395
1 0.721875 0.34894613583138173 0.08125 0.1358313817330211
1 0.6890625 0.2939110070257611 0.046875 0.07728337236533958
1 0.46718750000000003 0.26346604215456676 0.05 0.07728337236533958
1 0.54296875 0.5433255269320844 0.0734375 0.1592505854800937
1 0.62890625 0.6264637002341921 0.0890625 0.16159250585480095
1 0.6796875 0.4918032786885246 0.10625000000000001 0.18266978922716628
1 0.853125 0.3044496487119438 0.065625 0.12646370023419204
