1 0.200376293508937 0.460655737704918 0.04891815616180621 0.08524590163934426
1 0.2521166509877705 0.3975409836065574 0.03951081843838194 0.1
1 0.36876763875823143 0.25491803278688524 0.018814675446848544 0.040983606557377046
1 0.3160865475070555 0.2934426229508197 0.020696142991533398 0.04590163934426229
1 0.4811853245531515 0.3221311475409836 0.031044214487300097 0.060655737704918035
1 0.4134524929444967 0.23688524590163934 0.017873941674506115 0.03770491803278689
1 0.43791157102539985 0.2967213114754098 0.02539981185324553 0.04262295081967213
1 0.4506114769520226 0.22377049180327868 0.018814675446848544 0.040983606557377046
1 0.4534336782690499 0.18524590163934426 0.01693320790216369 0.039344262295081964
1 0.47648165569143935 0.1959016393442623 0.017873941674506115 0.03442622950819672
1 0.5404515522107244 0.19672131147540983 0.01599247412982126 0.036065573770491806
1 0.6632173095014111 0.2540983606557377 0.022577610536218252 0.05245901639344262
1 0.720131702728128 0.2827868852459016 0.021636876763875823 0.054098360655737705
1 0.7699905926622767 0.29508196721311475 0.021636876763875823 0.05245901639344262
1 0.8828786453433679 0.2180327868852459 0.017873941674506115 0.04262295081967213
1 0.6928504233301975 0.15 0.01599247412982126 0.03442622950819672
1 0.7206020696142992 0.14262295081967213 0.015051740357478834 0.029508196721311476
1 0.7337723424270931 0.15081967213114755 0.01317027281279398 0.036065573770491806
1 0.7535277516462842 0.14426229508196722 0.01693320790216369 0.029508196721311476
1 0.7761053621825024 0.1540983606557377 0.01693320790216369 0.039344262295081964
1 0.8043273753527752 0.17049180327868851 0.018814675446848544 0.036065573770491806
1 0.819379115710254 0.12540983606557377 0.011288805268109126 0.027868852459016394
1 0.5799623706491063 0.15081967213114755 0.012229539040451553 0.03278688524590164
1 0.5555032925682032 0.14672131147540984 0.014111006585136407 0.03114754098360656
1 0.5343367826904986 0.1377049180327869 0.015051740357478834 0.03278688524590164
1 0.5145813734713076 0.1598360655737705 0.01693320790216369 0.03770491803278689
1 0.48400752587017876 0.15737704918032785 0.014111006585136407 0.03278688524590164
1 0.47130761994355597 0.15327868852459017 0.015051740357478834 0.03114754098360656
