1 0.19454545454545455 0.6218750000000001 0.05818181818181818 0.11875000000000001
1 0.25181818181818183 0.5453125 0.05272727272727273 0.10312500000000001
1 0.3054545454545455 0.5906250000000001 0.04727272727272727 0.09375
1 0.37363636363636366 0.5593750000000001 0.04909090909090909 0.10625000000000001
1 0.4681818181818182 0.6000000000000001 0.05272727272727273 0.1125
1 0.5727272727272728 0.6671875 0.05818181818181818 0.109375
1 0.6745454545454546 0.571875 0.05090909090909091 0.125
1 0.7990909090909091 0.3328125 0.04909090909090909 0.10312500000000001
1 0.8472727272727273 0.2890625 0.04727272727272727 0.109375
1 0.9045454545454545 0.2984375 0.06 0.115625
1 0.75 0.30312500000000003 0.04909090909090909 0.1
1 0.7363636363636363 0.23593750000000002 0.04727272727272727 0.09062500000000001
1 0.6909090909090909 0.284375 0.05454545454545454 0.11875000000000001
1 0.6409090909090909 0.24531250000000002 0.045454545454545456 0.084375
1 0.5918181818181818 0.2859375 0.04909090909090909 0.10312500000000001
1 0.5481818181818182 0.24531250000000002 0.05272727272727273 0.10312500000000001
1 0.5072727272727273 0.3015625 0.05818181818181818 0.10312500000000001
1 0.4509090909090909 0.2484375 0.04727272727272727 0.096875
1 0.4009090909090909 0.29531250000000003 0.04909090909090909 0.096875
1 0.3472727272727273 0.30625 0.04363636363636364 0.07500000000000001
1 0.2963636363636364 0.34218750000000003 0.04727272727272727 0.084375
1 0.2590909090909091 0.3046875 0.034545454545454546 0.078125
1 0.22272727272727272 0.3296875 0.045454545454545456 0.096875
1 0.13 0.3359375 0.05272727272727273 0.10312500000000001
