1 0.10533333333333333 0.768 0.112 0.20400000000000001
1 0.11066666666666666 0.603 0.11466666666666667 0.138
1 0.05466666666666666 0.541 0.08 0.13
1 0.056 0.43 0.056 0.108
1 0.024666666666666667 0.403 0.04666666666666666 0.094
1 0.07133333333333333 0.299 0.04933333333333333 0.078
1 0.017333333333333333 0.259 0.029333333333333333 0.054
1 0.214 0.289 0.04933333333333333 0.066
1 0.2886666666666667 0.53 0.07333333333333333 0.152
1 0.35333333333333333 0.362 0.050666666666666665 0.108
1 0.33799999999999997 0.277 0.04666666666666666 0.07
1 0.5053333333333333 0.301 0.050666666666666665 0.09
1 0.44466666666666665 0.424 0.06 0.088
1 0.41733333333333333 0.586 0.07466666666666666 0.156
1 0.47533333333333333 0.722 0.124 0.244
1 0.6526666666666666 0.617 0.08399999999999999 0.154
1 0.574 0.509 0.06799999999999999 0.13
1 0.6286666666666666 0.402 0.06266666666666666 0.124
1 0.5906666666666667 0.257 0.03733333333333333 0.074
1 0.532 0.241 0.03733333333333333 0.078
1 0.614 0.233 0.028 0.058
1 0.654 0.246 0.03333333333333333 0.076
1 0.6826666666666666 0.201 0.034666666666666665 0.058
1 0.688 0.307 0.050666666666666665 0.094
1 0.7486666666666666 0.34500000000000003 0.06266666666666666 0.11800000000000001
1 0.714 0.178 0.028 0.056
1 0.836 0.188 0.03733333333333333 0.056
1 0.8926666666666666 0.186 0.03333333333333333 0.064
1 0.9113333333333333 0.222 0.036 0.068
1 0.952 0.195 0.032 0.078
1 0.9266666666666666 0.328 0.058666666666666666 0.116
1 0.8793333333333333 0.271 0.04133333333333333 0.078
1 0.8253333333333333 0.305 0.04533333333333333 0.07
1 0.8013333333333333 0.429 0.058666666666666666 0.122
1 0.7626666666666666 0.506 0.072 0.164
