1 0.13469224620303757 0.5429799426934098 0.04236610711430855 0.08595988538681948
1 0.7941646682653877 0.5422636103151862 0.032773780975219824 0.08166189111747851
1 0.6946442845723421 0.5 0.03836930455635491 0.08022922636103151
1 0.6247002398081535 0.491404011461318 0.03117505995203837 0.07449856733524356
1 0.5675459632294164 0.4498567335243553 0.0319744204636291 0.06876790830945559
1 0.4984012789768185 0.48638968481375355 0.03117505995203837 0.055873925501432664
1 0.4724220623501199 0.39111747851002865 0.028776978417266185 0.05730659025787965
1 0.32414068745004 0.3760744985673352 0.023181454836131096 0.04727793696275071
1 0.28457234212629895 0.3660458452722063 0.02078337330135891 0.04727793696275071
1 0.2573940847322142 0.3474212034383954 0.019184652278177457 0.04727793696275071
1 0.21502797761790568 0.3667621776504298 0.017585931254996003 0.03724928366762178
1 0.29216626698641085 0.30587392550143266 0.016786570743405275 0.03868194842406877
1 0.34852118305355717 0.30587392550143266 0.017585931254996003 0.0329512893982808
1 0.34652278177458035 0.3445558739255014 0.01838529176658673 0.04154727793696275
1 0.40367705835331735 0.34169054441260743 0.02238209432454037 0.04154727793696275
1 0.40167865707434053 0.3022922636103152 0.016786570743405275 0.034383954154727794
1 0.38369304556354916 0.27793696275071633 0.01598721023181455 0.03151862464183381
1 0.40127897681854513 0.27650429799426934 0.014388489208633093 0.03151862464183381
1 0.4292565947242206 0.27722063037249284 0.01598721023181455 0.0329512893982808
1 0.4216626698641087 0.25429799426934097 0.013589128697042365 0.03581661891117478
1 0.4292565947242206 0.3166189111747851 0.017585931254996003 0.03724928366762178
1 0.45523581135091923 0.34025787965616044 0.019984012789768184 0.04154727793696275
1 0.45323741007194246 0.27435530085959886 0.014388489208633093 0.03008595988538682
1 0.4832134292565947 0.2786532951289398 0.015187849720223821 0.0329512893982808
1 0.518784972022382 0.27435530085959886 0.014388489208633093 0.03581661891117478
1 0.5215827338129496 0.3624641833810888 0.02478017585931255 0.045845272206303724
1 0.5851318944844125 0.3746418338108882 0.019184652278177457 0.05873925501432665
1 0.4460431654676259 0.2521489971346705 0.014388489208633093 0.028653295128939826
1 0.5447641886490807 0.28653295128939826 0.013589128697042365 0.034383954154727794
1 0.5111910471622702 0.25716332378223494 0.008792965627498001 0.024355300859598854
1 0.5111910471622702 0.24212034383954154 0.013589128697042365 0.028653295128939826
1 0.5267785771382894 0.25429799426934097 0.011191047162270184 0.0329512893982808
1 0.46203037569944044 0.24355300859598852 0.012789768185451638 0.025787965616045846
1 0.5435651478816946 0.2299426934097421 0.012789768185451638 0.024355300859598854
1 0.5595523581135092 0.22636103151862463 0.011191047162270184 0.022922636103151862
1 0.5559552358113509 0.27650429799426934 0.013589128697042365 0.03151862464183381
1 0.5639488409272582 0.24785100286532952 0.011990407673860911 0.03151862464183381
1 0.5843325339728217 0.252865329512894 0.012789768185451638 0.0329512893982808
1 0.5891286970423661 0.2148997134670487 0.011191047162270184 0.028653295128939826
1 0.6127098321342925 0.2191977077363897 0.011990407673860911 0.025787965616045846
1 0.5863309352517986 0.23638968481375358 0.013589128697042365 0.022922636103151862
1 0.6258992805755396 0.25573065902578795 0.012789768185451638 0.03008595988538682
1 0.6374900079936051 0.22206303724928367 0.010391686650679455 0.025787965616045846
1 0.6442845723421263 0.23638968481375358 0.012789768185451638 0.034383954154727794
1 0.58792965627498 0.32521489971346706 0.02158273381294964 0.04871060171919771
1 0.6183053557154277 0.3123209169054441 0.01838529176658673 0.034383954154727794
1 0.6342925659472421 0.3467048710601719 0.019984012789768184 0.04297994269340974
1 0.6282973621103117 0.40114613180515757 0.023980815347721823 0.04871060171919771
1 0.6806554756195043 0.35816618911174786 0.019984012789768184 0.04297994269340974
1 0.7282174260591526 0.41045845272206305 0.025579536370903277 0.055873925501432664
1 0.7597921662669864 0.4491404011461318 0.026378896882494004 0.06446991404011461
1 0.6666666666666666 0.32020057306590255 0.019184652278177457 0.03868194842406877
1 0.6554756195043965 0.28653295128939826 0.014388489208633093 0.03724928366762178
1 0.6638689048760991 0.2313753581661891 0.015187849720223821 0.03008595988538682
1 0.6926458832933653 0.2507163323782235 0.013589128697042365 0.034383954154727794
1 0.6906474820143885 0.3037249283667622 0.017585931254996003 0.040114613180515755
1 0.7222222222222222 0.25716332378223494 0.013589128697042365 0.03581661891117478
1 0.7290167865707434 0.24426934097421202 0.012789768185451638 0.0329512893982808
1 0.749400479616307 0.2700573065902579 0.011990407673860911 0.03008595988538682
1 0.7633892885691447 0.26719197707736386 0.012789768185451638 0.03581661891117478
1 0.7649880095923262 0.24713467048710602 0.012789768185451638 0.03008595988538682
1 0.7386091127098321 0.3137535816618911 0.01598721023181455 0.040114613180515755
1 0.7945643485211831 0.2492836676217765 0.012789768185451638 0.028653295128939826
1 0.8237410071942446 0.2657593123209169 0.013589128697042365 0.03008595988538682
1 0.8377298161470823 0.2714899713467049 0.012789768185451638 0.03581661891117478
1 0.8521183053557154 0.2621776504297994 0.012789768185451638 0.034383954154727794
1 0.8772981614708233 0.2829512893982808 0.013589128697042365 0.0329512893982808
1 0.9124700239808153 0.2700573065902579 0.011990407673860911 0.03581661891117478
1 0.7965627498001598 0.2808022922636103 0.011990407673860911 0.028653295128939826
1 0.8005595523581135 0.30945558739255014 0.015187849720223821 0.03724928366762178
1 0.8273381294964028 0.3173352435530086 0.012789768185451638 0.03581661891117478
1 0.8717026378896883 0.32951289398280803 0.015187849720223821 0.040114613180515755
1 0.9144684252597921 0.3123209169054441 0.014388489208633093 0.03151862464183381
1 0.8984812150279776 0.31876790830945556 0.014388489208633093 0.04154727793696275
1 0.9092725819344524 0.3545845272206304 0.015187849720223821 0.050143266475644696
1 0.8976818545163868 0.413323782234957 0.02078337330135891 0.061604584527220625
1 0.8525179856115108 0.37106017191977075 0.01838529176658673 0.04871060171919771
1 0.8089528377298161 0.3481375358166189 0.019184652278177457 0.04871060171919771
1 0.7953637090327738 0.35744985673352436 0.02078337330135891 0.04727793696275071
1 0.8357314148681055 0.40329512893982805 0.023181454836131096 0.044412607449856735
1 0.9040767386091126 0.4835243553008596 0.02717825739408473 0.07020057306590258
1 0.8245403677058353 0.45343839541547276 0.027977617905675458 0.05873925501432665
