1 0.882943143812709 0.2542857142857143 0.010033444816053512 0.02857142857142857
1 0.8490802675585284 0.25214285714285717 0.010869565217391304 0.03
1 0.8662207357859532 0.26785714285714285 0.011705685618729096 0.032857142857142856
1 0.8603678929765887 0.2764285714285714 0.015050167224080268 0.03571428571428571
1 0.9025919732441472 0.2785714285714286 0.01254180602006689 0.03142857142857143
1 0.9460702341137124 0.2792857142857143 0.010869565217391304 0.024285714285714285
1 0.9423076923076923 0.30357142857142855 0.011705685618729096 0.03571428571428571
1 0.8996655518394648 0.30714285714285716 0.015050167224080268 0.03428571428571429
1 0.9209866220735786 0.32071428571428573 0.01588628762541806 0.03857142857142857
1 0.93561872909699 0.34714285714285714 0.018394648829431436 0.04285714285714286
1 0.8904682274247492 0.3314285714285714 0.016722408026755852 0.04
1 0.8687290969899666 0.3692857142857143 0.018394648829431436 0.055714285714285716
1 0.9134615384615384 0.45785714285714285 0.024247491638795988 0.06428571428571428
1 0.8553511705685618 0.4421428571428571 0.026755852842809364 0.06142857142857143
1 0.8432274247491639 0.5214285714285715 0.025919732441471572 0.06857142857142857
1 0.8181438127090301 0.36 0.017558528428093644 0.045714285714285714
1 0.8436454849498327 0.3364285714285714 0.015050167224080268 0.041428571428571426
1 0.7784280936454849 0.42214285714285715 0.02508361204013378 0.055714285714285716
1 0.7805183946488294 0.28214285714285714 0.014214046822742474 0.03571428571428571
1 0.8252508361204013 0.305 0.013377926421404682 0.03857142857142857
1 0.8469899665551839 0.31857142857142856 0.015050167224080268 0.04
1 0.8311036789297659 0.2792857142857143 0.015050167224080268 0.032857142857142856
1 0.7688127090301003 0.23285714285714285 0.01254180602006689 0.03142857142857143
1 0.7487458193979933 0.24357142857142858 0.014214046822742474 0.03571428571428571
1 0.7483277591973244 0.25857142857142856 0.013377926421404682 0.03428571428571429
1 0.7667224080267558 0.2621428571428571 0.013377926421404682 0.032857142857142856
1 0.7863712374581939 0.245 0.01254180602006689 0.03571428571428571
1 0.7926421404682275 0.24642857142857144 0.015050167224080268 0.03
1 0.7332775919732442 0.2835714285714286 0.015050167224080268 0.03571428571428571
1 0.7040133779264214 0.21928571428571428 0.011705685618729096 0.027142857142857142
1 0.7069397993311036 0.24142857142857144 0.01254180602006689 0.03142857142857143
1 0.6806020066889632 0.22785714285714287 0.011705685618729096 0.027142857142857142
1 0.6617892976588629 0.2057142857142857 0.009197324414715718 0.022857142857142857
1 0.6797658862876254 0.26071428571428573 0.015050167224080268 0.032857142857142856
1 0.6923076923076923 0.29642857142857143 0.016722408026755852 0.03857142857142857
1 0.6442307692307693 0.24428571428571427 0.014214046822742474 0.02857142857142857
1 0.6442307692307693 0.22142857142857142 0.01254180602006689 0.025714285714285714
1 0.6304347826086957 0.215 0.013377926421404682 0.024285714285714285
1 0.612876254180602 0.205 0.010033444816053512 0.024285714285714285
1 0.6379598662207357 0.2935714285714286 0.018394648829431436 0.03857142857142857
1 0.6082775919732442 0.21785714285714286 0.010869565217391304 0.03
1 0.6015886287625418 0.24642857142857144 0.01254180602006689 0.027142857142857142
1 0.5673076923076923 0.21428571428571427 0.009197324414715718 0.022857142857142857
1 0.5840301003344481 0.25785714285714284 0.01254180602006689 0.032857142857142856
1 0.5756688963210702 0.24642857142857144 0.01254180602006689 0.03
1 0.5472408026755853 0.24428571428571427 0.014214046822742474 0.03142857142857143
1 0.5560200668896321 0.27714285714285714 0.011705685618729096 0.03428571428571429
1 0.5263377926421404 0.24714285714285714 0.010869565217391304 0.02857142857142857
1 0.5209030100334449 0.27285714285714285 0.015050167224080268 0.03428571428571429
1 0.47575250836120403 0.2342857142857143 0.011705685618729096 0.025714285714285714
1 0.4297658862876254 0.2342857142857143 0.011705685618729096 0.025714285714285714
1 0.4397993311036789 0.2642857142857143 0.015050167224080268 0.03428571428571429
1 0.47324414715719065 0.26285714285714284 0.013377926421404682 0.02857142857142857
1 0.49331103678929766 0.26142857142857145 0.015050167224080268 0.03428571428571429
1 0.4753344481605351 0.29714285714285715 0.01588628762541806 0.03428571428571429
1 0.5020903010033445 0.3157142857142857 0.017558528428093644 0.04
1 0.3887959866220736 0.26071428571428573 0.011705685618729096 0.027142857142857142
1 0.4067725752508361 0.26571428571428574 0.014214046822742474 0.02857142857142857
1 0.43645484949832775 0.305 0.016722408026755852 0.03857142857142857
1 0.4105351170568562 0.29714285714285715 0.013377926421404682 0.03142857142857143
1 0.3540969899665552 0.2885714285714286 0.01254180602006689 0.03142857142857143
1 0.35911371237458195 0.32285714285714284 0.014214046822742474 0.03142857142857143
1 0.3867056856187291 0.3292857142857143 0.017558528428093644 0.03857142857142857
1 0.4088628762541806 0.335 0.018394648829431436 0.03857142857142857
1 0.3311036789297659 0.3514285714285714 0.020066889632107024 0.04285714285714286
1 0.2838628762541806 0.3028571428571429 0.014214046822742474 0.03142857142857143
1 0.2918060200668896 0.35642857142857143 0.020066889632107024 0.041428571428571426
1 0.22742474916387959 0.335 0.015050167224080268 0.032857142857142856
1 0.25209030100334445 0.3678571428571429 0.01588628762541806 0.04428571428571428
1 0.7107023411371237 0.47928571428571426 0.03177257525083612 0.08428571428571428
1 0.7274247491638796 0.405 0.02508361204013378 0.05
1 0.6956521739130435 0.3507142857142857 0.020066889632107024 0.04428571428571428
1 0.6617892976588629 0.36357142857142855 0.024247491638795988 0.05285714285714286
1 0.600752508361204 0.33214285714285713 0.020903010033444816 0.04428571428571428
1 0.6488294314381271 0.34 0.018394648829431436 0.045714285714285714
1 0.6454849498327759 0.4642857142857143 0.033444816053511704 0.06571428571428571
1 0.6003344481605352 0.39714285714285713 0.023411371237458192 0.06
1 0.6036789297658863 0.435 0.026755852842809364 0.07
1 0.44857859531772576 0.3414285714285714 0.020903010033444816 0.045714285714285714
1 0.4669732441471572 0.4014285714285714 0.027591973244147156 0.05714285714285714
1 0.012959866220735786 0.4207142857142857 0.024247491638795988 0.05285714285714286
1 0.5363712374581939 0.34714285714285714 0.0225752508361204 0.04857142857142857
1 0.5484949832775919 0.4 0.026755852842809364 0.054285714285714284
