1 0.5733399405351833 0.3362676056338028 0.04261645193260654 0.09154929577464789
1 0.568384539147671 0.23943661971830987 0.022794846382556987 0.045774647887323945
1 0.5361744301288405 0.2147887323943662 0.017839444995044598 0.035211267605633804
1 0.5024777006937562 0.19014084507042253 0.017839444995044598 0.03169014084507042
1 0.4672943508424182 0.21038732394366197 0.022794846382556987 0.02640845070422535
1 0.3260654112983152 0.2165492957746479 0.009910802775024777 0.03873239436619719
1 0.37710604558969274 0.198943661971831 0.02081268582755203 0.024647887323943664
1 0.377601585728444 0.17781690140845072 0.019821605550049554 0.03169014084507042
1 0.41179385530227947 0.17429577464788734 0.014866204162537165 0.03169014084507042
1 0.4380574826560951 0.17341549295774647 0.019821605550049554 0.02640845070422535
1 0.4276511397423191 0.14612676056338028 0.010901883052527254 0.024647887323943664
1 0.47621407333994054 0.13380281690140847 0.01684836471754212 0.024647887323943664
1 0.47522299306243804 0.15933098591549297 0.018830525272547076 0.022887323943661973
1 0.6337958374628345 0.21038732394366197 0.022794846382556987 0.04753521126760563
1 0.678394449950446 0.2227112676056338 0.018830525272547076 0.03697183098591549
1 0.7066402378592666 0.22711267605633803 0.015857284440039643 0.04225352112676056
1 0.790386521308226 0.2306338028169014 0.01684836471754212 0.03169014084507042
1 0.8681863230921705 0.2720070422535211 0.02180376610505451 0.051056338028169015
1 0.852824578790882 0.20246478873239437 0.014866204162537165 0.035211267605633804
1 0.9192269573835481 0.2535211267605634 0.018830525272547076 0.045774647887323945
1 0.7978196233894945 0.12940140845070422 0.013875123885034688 0.02640845070422535
1 0.8230921704658077 0.1346830985915493 0.01684836471754212 0.02640845070422535
1 0.8498513379583746 0.1443661971830986 0.01288404360753221 0.028169014084507043
1 0.875619425173439 0.15933098591549297 0.014866204162537165 0.02640845070422535
1 0.9127849355797819 0.17605633802816903 0.017839444995044598 0.024647887323943664
1 0.9301288404360754 0.15845070422535212 0.01684836471754212 0.03169014084507042
1 0.9345887016848364 0.19278169014084506 0.013875123885034688 0.02640845070422535
1 0.9222001982160555 0.21566901408450706 0.02081268582755203 0.03697183098591549
1 0.8989098116947473 0.2051056338028169 0.02180376610505451 0.029929577464788734
1 0.8245787908820614 0.18485915492957747 0.017839444995044598 0.035211267605633804
1 0.7026759167492567 0.11883802816901409 0.013875123885034688 0.029929577464788734
1 0.6764122893954411 0.11267605633802817 0.018830525272547076 0.03169014084507042
1 0.6506442021803766 0.12059859154929578 0.014866204162537165 0.02640845070422535
1 0.6179385530227949 0.10651408450704225 0.010901883052527254 0.02640845070422535
1 0.7081268582755204 0.19014084507042253 0.01684836471754212 0.03169014084507042
1 0.7319127849355798 0.1795774647887324 0.01288404360753221 0.03169014084507042
1 0.7680872150644202 0.1795774647887324 0.013875123885034688 0.024647887323943664
1 0.7918731417244796 0.17341549295774647 0.011892963330029732 0.022887323943661973
1 0.7765113974231913 0.1505281690140845 0.01288404360753221 0.022887323943661973
1 0.7591674925668979 0.13908450704225353 0.013875123885034688 0.028169014084507043
1 0.7383548067393458 0.15140845070422534 0.011892963330029732 0.03169014084507042
1 0.7185332011892963 0.15140845070422534 0.013875123885034688 0.028169014084507043
1 0.6932606541129831 0.17517605633802819 0.014866204162537165 0.03345070422535212
1 0.595639246778989 0.1382042253521127 0.013875123885034688 0.02640845070422535
1 0.5792864222001982 0.12147887323943662 0.01288404360753221 0.02112676056338028
1 0.5426164519326065 0.13908450704225353 0.01288404360753221 0.02112676056338028
1 0.5222993062438057 0.1698943661971831 0.013875123885034688 0.02640845070422535
1 0.4940535183349851 0.136443661971831 0.01288404360753221 0.019366197183098594
1 0.6189296333002973 0.16725352112676056 0.014866204162537165 0.024647887323943664
1 0.5441030723488602 0.17429577464788734 0.013875123885034688 0.024647887323943664
1 0.6555996035678889 0.1971830985915493 0.014866204162537165 0.035211267605633804
1 0.5698711595639246 0.17781690140845072 0.017839444995044598 0.028169014084507043
1 0.6303270564915758 0.12411971830985916 0.013875123885034688 0.029929577464788734
1 0.5693756194251735 0.1487676056338028 0.01288404360753221 0.02640845070422535
1 0.4415262636273538 0.15492957746478875 0.014866204162537165 0.028169014084507043
1 0.46085232903865214 0.17341549295774647 0.013875123885034688 0.029929577464788734
1 0.8047571853320119 0.15845070422535212 0.015857284440039643 0.03169014084507042
1 0.8082259663032706 0.20422535211267606 0.01684836471754212 0.035211267605633804
1 0.8790882061446977 0.24295774647887325 0.015857284440039643 0.04225352112676056
1 0.680376610505451 0.14788732394366197 0.01288404360753221 0.024647887323943664
1 0.6610505450941526 0.1382042253521127 0.013875123885034688 0.029929577464788734
1 0.5673934588701685 0.13204225352112675 0.014866204162537165 0.024647887323943664
1 0.5277502477700694 0.12764084507042253 0.01684836471754212 0.02640845070422535
