1 0.28285181733457593 0.19012944983818772 0.015843429636533086 0.03074433656957929
1 0.3103448275862069 0.19498381877022655 0.01863932898415657 0.04045307443365696
1 0.35787511649580617 0.31472491909385114 0.03727865796831314 0.07281553398058253
1 0.5051258154706431 0.3220064724919094 0.04473438956197577 0.08737864077669903
1 0.5461323392357875 0.1634304207119741 0.024231127679403542 0.04854368932038835
1 0.5950605778191985 0.12864077669902912 0.021435228331780055 0.046925566343042076
1 0.6542404473438956 0.12378640776699029 0.01863932898415657 0.043689320388349516
1 0.6728797763280522 0.15129449838187703 0.024231127679403542 0.046925566343042076
1 0.6416589002795899 0.24595469255663432 0.0195712954333644 0.05177993527508091
1 0.6565703634669152 0.24029126213592233 0.02516309412861137 0.046925566343042076
1 0.7418452935694315 0.23058252427184467 0.020503261882572225 0.05016181229773463
1 0.7628145386766076 0.23867313915857608 0.017707362534948742 0.046925566343042076
1 0.749767008387698 0.284789644012945 0.02889095992544268 0.06148867313915858
