1 0.16986410871302957 0.4840277777777778 0.04716227018385292 0.0763888888888889
1 0.9056754596322941 0.14097222222222222 0.01598721023181455 0.034722222222222224
1 0.6498800959232613 0.10069444444444445 0.017585931254996003 0.029166666666666667
1 0.6650679456434851 0.10833333333333334 0.017585931254996003 0.030555555555555558
1 0.6958433253397281 0.11111111111111112 0.015187849720223821 0.02777777777777778
1 0.7486011191047162 0.12083333333333333 0.015187849720223821 0.030555555555555558
1 0.7957633892885692 0.11944444444444445 0.015187849720223821 0.036111111111111115
1 0.8101518784972023 0.12638888888888888 0.011990407673860911 0.030555555555555558
1 0.8421262989608314 0.12916666666666668 0.016786570743405275 0.03333333333333333
1 0.872501998401279 0.14166666666666666 0.011990407673860911 0.02777777777777778
1 0.8349320543565147 0.14375000000000002 0.01838529176658673 0.029166666666666667
1 0.5671462829736211 0.12361111111111112 0.016786570743405275 0.025
1 0.5839328537170264 0.13472222222222222 0.02158273381294964 0.030555555555555558
1 0.7250199840127898 0.13680555555555557 0.017585931254996003 0.03194444444444445
1 0.6266986410871302 0.12222222222222223 0.014388489208633093 0.030555555555555558
1 0.6474820143884892 0.13958333333333334 0.01598721023181455 0.029166666666666667
1 0.7422062350119903 0.1527777777777778 0.01838529176658673 0.030555555555555558
1 0.7661870503597122 0.1527777777777778 0.015187849720223821 0.03888888888888889
1 0.7837729816147082 0.15416666666666667 0.015187849720223821 0.03333333333333333
1 0.8085531574740208 0.16944444444444445 0.015187849720223821 0.030555555555555558
1 0.8245403677058353 0.1701388888888889 0.016786570743405275 0.0375
1 0.8557154276578737 0.17152777777777778 0.02478017585931255 0.043055555555555555
1 0.8948840927258194 0.19375 0.01838529176658673 0.029166666666666667
1 0.9136690647482014 0.22291666666666668 0.01598721023181455 0.034722222222222224
1 0.8669064748201438 0.21944444444444444 0.01838529176658673 0.04166666666666667
1 0.8281374900079936 0.2326388888888889 0.02078337330135891 0.043055555555555555
1 0.7302158273381295 0.18888888888888888 0.023181454836131096 0.036111111111111115
1 0.7693844924060751 0.22569444444444445 0.023181454836131096 0.04583333333333334
1 0.6882494004796162 0.1875 0.02078337330135891 0.030555555555555558
1 0.4940047961630695 0.13472222222222222 0.014388489208633093 0.025
1 0.508792965627498 0.1375 0.015187849720223821 0.025
1 0.5339728217426059 0.14027777777777778 0.01598721023181455 0.02777777777777778
1 0.6083133493205436 0.14791666666666667 0.019184652278177457 0.0375
1 0.5611510791366906 0.1527777777777778 0.019184652278177457 0.030555555555555558
1 0.5839328537170264 0.16875 0.016786570743405275 0.02638888888888889
1 0.4480415667466027 0.15694444444444444 0.013589128697042365 0.02777777777777778
1 0.469224620303757 0.15555555555555556 0.014388489208633093 0.030555555555555558
1 0.5039968025579536 0.19166666666666668 0.019984012789768184 0.03888888888888889
1 0.5399680255795364 0.18888888888888888 0.023181454836131096 0.04166666666666667
1 0.6159072741806555 0.22777777777777777 0.023181454836131096 0.044444444444444446
1 0.41207034372502 0.19861111111111113 0.013589128697042365 0.03333333333333333
1 0.4504396482813749 0.19375 0.013589128697042365 0.03194444444444445
1 0.4996003197442046 0.22777777777777777 0.02238209432454037 0.04166666666666667
1 0.5575539568345323 0.24375000000000002 0.026378896882494004 0.04861111111111111
1 0.6163069544364508 0.26805555555555555 0.02078337330135891 0.04166666666666667
1 0.6662669864108713 0.26180555555555557 0.02158273381294964 0.051388888888888894
1 0.7545963229416467 0.24583333333333335 0.023980815347721823 0.04722222222222222
1 0.6970423661071143 0.23333333333333334 0.02238209432454037 0.044444444444444446
1 0.7757793764988009 0.30347222222222225 0.02478017585931255 0.04861111111111111
1 0.8173461231015188 0.2611111111111111 0.023181454836131096 0.03888888888888889
1 0.841726618705036 0.30486111111111114 0.0319744204636291 0.05694444444444444
1 0.9060751398880895 0.3506944444444445 0.01838529176658673 0.051388888888888894
1 0.8657074340527577 0.2590277777777778 0.023980815347721823 0.051388888888888894
1 0.9200639488409272 0.2951388888888889 0.023980815347721823 0.043055555555555555
1 0.838529176658673 0.3513888888888889 0.028776978417266185 0.0638888888888889
1 0.8784972022382094 0.43472222222222223 0.03996802557953637 0.08888888888888889
1 0.6127098321342925 0.32916666666666666 0.03437250199840128 0.058333333333333334
1 0.5379696243005595 0.28541666666666665 0.025579536370903277 0.051388888888888894
1 0.44524380495603516 0.22569444444444445 0.017585931254996003 0.029166666666666667
1 0.34212629896083135 0.22222222222222224 0.019184652278177457 0.03888888888888889
1 0.35691446842525976 0.2215277777777778 0.01838529176658673 0.0375
1 0.31254996003197444 0.23680555555555557 0.017585931254996003 0.034722222222222224
1 0.2905675459632294 0.27083333333333337 0.01838529176658673 0.036111111111111115
1 0.3305355715427658 0.2916666666666667 0.02158273381294964 0.03888888888888889
1 0.35851318944844124 0.2972222222222222 0.019984012789768184 0.03333333333333333
1 0.4228617106314948 0.2590277777777778 0.02238209432454037 0.034722222222222224
1 0.9428457234212629 0.17430555555555557 0.013589128697042365 0.03194444444444445
1 0.926458832933653 0.21458333333333335 0.014388489208633093 0.029166666666666667
1 0.6678657074340527 0.13611111111111113 0.019984012789768184 0.030555555555555558
1 0.4008792965627498 0.23819444444444446 0.01838529176658673 0.03194444444444445
1 0.37569944044764186 0.23541666666666666 0.017585931254996003 0.04027777777777778
1 0.45323741007194246 0.1736111111111111 0.009592326139088728 0.030555555555555558
1 0.6638689048760991 0.21597222222222223 0.02158273381294964 0.04027777777777778
1 0.58792965627498 0.11666666666666667 0.011990407673860911 0.025
