1 0.1354679802955665 0.5386266094420601 0.041050903119868636 0.07296137339055794
1 0.22742200328407225 0.3490701001430615 0.019704433497536946 0.031473533619456366
1 0.26067323481116583 0.3719599427753934 0.017241379310344827 0.04005722460658083
1 0.29679802955665024 0.37124463519313305 0.01888341543513957 0.044349070100143065
1 0.28981937602627256 0.32331902718168815 0.02134646962233169 0.03719599427753934
1 0.35714285714285715 0.3082975679542203 0.0180623973727422 0.030042918454935622
1 0.3427750410509031 0.37052932761087265 0.03037766830870279 0.03719599427753934
1 0.3825944170771757 0.34334763948497854 0.014778325123152709 0.034334763948497854
1 0.40763546798029554 0.3512160228898426 0.020525451559934318 0.035765379113018594
1 0.409688013136289 0.30972818311874106 0.0180623973727422 0.02145922746781116
1 0.388752052545156 0.2882689556509299 0.017241379310344827 0.027181688125894134
1 0.4084564860426929 0.28898426323319026 0.013957307060755337 0.017167381974248927
1 0.42898193760262726 0.2646638054363376 0.015599343185550082 0.022889842632331903
1 0.44704433497536944 0.2703862660944206 0.013957307060755337 0.022889842632331903
1 0.45320197044334976 0.34763948497854075 0.019704433497536946 0.034334763948497854
1 0.4708538587848933 0.41630901287553645 0.03037766830870279 0.04864091559370529
1 0.5238095238095238 0.4570815450643777 0.034482758620689655 0.044349070100143065
1 0.5915435139573071 0.46065808297567956 0.028735632183908046 0.06294706723891273
1 0.641215106732348 0.4892703862660944 0.0361247947454844 0.060085836909871244
1 0.7060755336617406 0.5565092989985694 0.03284072249589491 0.06866952789699571
1 0.8300492610837438 0.525035765379113 0.031198686371100164 0.06866952789699571
1 0.8501642036124795 0.4742489270386266 0.035303776683087026 0.0586552217453505
1 0.9154351395730705 0.4949928469241774 0.02463054187192118 0.06580829756795423
1 0.861247947454844 0.3798283261802575 0.022988505747126436 0.044349070100143065
1 0.812807881773399 0.3698140200286123 0.019704433497536946 0.04148783977110157
1 0.7758620689655172 0.44420600858369097 0.031198686371100164 0.055793991416309016
1 0.7204433497536945 0.41487839771101576 0.028735632183908046 0.05436337625178827
1 0.6609195402298851 0.376967095851216 0.02134646962233169 0.05007153075822604
1 0.5977011494252873 0.4041487839771102 0.03284072249589491 0.04148783977110157
1 0.5373563218390804 0.3569384835479256 0.023809523809523808 0.03862660944206009
1 0.5119047619047619 0.32474964234620884 0.017241379310344827 0.031473533619456366
1 0.4708538587848933 0.321173104434907 0.023809523809523808 0.027181688125894134
1 0.5767651888341543 0.290414878397711 0.015599343185550082 0.031473533619456366
1 0.6013957307060755 0.3397711015736767 0.022167487684729065 0.03862660944206009
1 0.6424466338259441 0.3669527896995708 0.015599343185550082 0.035765379113018594
1 0.5250410509031198 0.28397711015736765 0.015599343185550082 0.027181688125894134
1 0.5094417077175698 0.2739628040057225 0.013957307060755337 0.027181688125894134
1 0.5316091954022988 0.25393419170243203 0.010673234811165845 0.027181688125894134
1 0.550903119868637 0.2532188841201717 0.013136288998357963 0.02861230329041488
1 0.5636288998357963 0.23319027181688126 0.01231527093596059 0.01430615164520744
1 0.5800492610837438 0.22031473533619456 0.013957307060755337 0.031473533619456366
1 0.4700328407224959 0.24177396280400573 0.01231527093596059 0.017167381974248927
1 0.5862068965517241 0.2625178826895565 0.013136288998357963 0.024320457796852647
1 0.6038587848932676 0.2553648068669528 0.013957307060755337 0.030042918454935622
1 0.6128899835796388 0.2088698140200286 0.01231527093596059 0.022889842632331903
1 0.6276683087027914 0.21888412017167383 0.01231527093596059 0.02575107296137339
1 0.6416256157635468 0.22746781115879827 0.01231527093596059 0.022889842632331903
1 0.7007389162561576 0.22818311874105865 0.013957307060755337 0.024320457796852647
1 0.6428571428571428 0.25608011444921314 0.016420361247947456 0.02575107296137339
1 0.6715927750410509 0.28469241773962806 0.013136288998357963 0.02575107296137339
1 0.6802134646962233 0.23104434907010013 0.010673234811165845 0.02145922746781116
1 0.6633825944170771 0.2217453505007153 0.009852216748768473 0.020028612303290415
1 0.6416256157635468 0.3104434907010014 0.01888341543513957 0.03719599427753934
1 0.6851395730706076 0.32045779685264664 0.01888341543513957 0.03719599427753934
1 0.7151067323481116 0.30758226037195996 0.013136288998357963 0.03719599427753934
1 0.7056650246305418 0.26394849785407726 0.01231527093596059 0.030042918454935622
1 0.7348111658456485 0.25393419170243203 0.009852216748768473 0.02145922746781116
1 0.744663382594417 0.26394849785407726 0.008210180623973728 0.032904148783977114
1 0.7639573070607553 0.23319027181688126 0.017241379310344827 0.02575107296137339
1 0.7619047619047619 0.2646638054363376 0.011494252873563218 0.02861230329041488
1 0.7770935960591133 0.2875536480686695 0.010673234811165845 0.03719599427753934
1 0.7861247947454844 0.2474964234620887 0.013957307060755337 0.02861230329041488
1 0.805008210180624 0.24964234620886983 0.01888341543513957 0.027181688125894134
1 0.8243021346469622 0.2804005722460658 0.009852216748768473 0.031473533619456366
1 0.8456486042692939 0.259656652360515 0.014778325123152709 0.030042918454935622
1 0.8567323481116584 0.28469241773962806 0.010673234811165845 0.03719599427753934
1 0.8686371100164203 0.27968526466380544 0.006568144499178982 0.03862660944206009
1 0.8788998357963875 0.2646638054363376 0.010673234811165845 0.031473533619456366
1 0.8969622331691297 0.2832618025751073 0.013957307060755337 0.031473533619456366
1 0.9384236453201971 0.27682403433476394 0.009852216748768473 0.032904148783977114
1 0.931855500821018 0.31616595135908443 0.013136288998357963 0.02575107296137339
1 0.8078817733990148 0.29971387696709584 0.014778325123152709 0.030042918454935622
1 0.8411330049261083 0.3168812589413448 0.017241379310344827 0.035765379113018594
1 0.8690476190476191 0.34048640915593703 0.017241379310344827 0.031473533619456366
1 0.9076354679802955 0.3354792560801145 0.015599343185550082 0.030042918454935622
1 0.9363711001642036 0.36337625178826893 0.017241379310344827 0.04005722460658083
1 0.6900656814449918 0.37553648068669526 0.020525451559934318 0.044349070100143065
1 0.8238916256157636 0.33476394849785407 0.017241379310344827 0.022889842632331903
