1 0.07757805108798486 0.518976897689769 0.0510879848628193 0.09735973597359736
1 0.06717123935666983 0.42574257425742573 0.04919583727530748 0.09570957095709572
1 0.1400189214758751 0.42326732673267325 0.0510879848628193 0.10066006600660066
1 0.39403973509933776 0.1938943894389439 0.023651844843897825 0.041254125412541254
1 0.42762535477767266 0.19636963696369636 0.02459791863765374 0.04950495049504951
1 0.47303689687795647 0.22194719471947194 0.02459791863765374 0.05115511551155116
1 0.5004730368968779 0.20957095709570958 0.03595080416272469 0.0594059405940594
1 0.521286660359508 0.14026402640264027 0.026490066225165563 0.04950495049504951
1 0.5827814569536424 0.1254125412541254 0.01892147587511826 0.026402640264026403
1 0.6343424787133396 0.23432343234323433 0.027436140018921477 0.056105610561056105
1 0.7341532639545885 0.11716171617161716 0.026490066225165563 0.052805280528052806
1 0.9612109744560076 0.19801980198019803 0.02459791863765374 0.0594059405940594
1 0.978713339640492 0.14273927392739275 0.019867549668874173 0.05115511551155116
