1 0.07734375 0.6302816901408451 0.1046875 0.19014084507042253
1 0.017968750000000002 0.4507042253521127 0.029687500000000002 0.06572769953051644
1 0.1203125 0.5176056338028169 0.05625 0.08215962441314555
1 0.24609375 0.5575117370892019 0.0671875 0.11502347417840376
1 0.4890625 0.3427230046948357 0.05625 0.11737089201877934
1 0.634375 0.4166666666666667 0.034375 0.0539906103286385
1 0.6921875000000001 0.42136150234741787 0.03125 0.05868544600938967
1 0.78125 0.4330985915492958 0.03125 0.06338028169014084
1 0.84296875 0.36737089201877937 0.026562500000000003 0.04929577464788733
1 0.9500000000000001 0.38380281690140844 0.034375 0.05868544600938967
1 0.9750000000000001 0.24413145539906103 0.021875000000000002 0.046948356807511735
1 0.8875000000000001 0.5645539906103286 0.053125000000000006 0.09154929577464789
1 0.8031250000000001 0.5845070422535211 0.059375000000000004 0.09859154929577466
