1 0.09135584677419355 0.4782919847328244 0.10912298387096774 0.2571564885496183
1 0.19632056451612903 0.3604484732824427 0.07862903225806452 0.17509541984732824
1 0.1693548387096774 0.2876908396946565 0.06804435483870967 0.1564885496183206
1 0.2491179435483871 0.28697519083969464 0.06779233870967742 0.15505725190839695
1 0.3719758064516129 0.29890267175572516 0.04485887096774194 0.09971374045801526
1 0.47769657258064513 0.30224236641221375 0.047631048387096774 0.10353053435114504
1 0.6145413306451613 0.3194179389312977 0.05115927419354838 0.10353053435114504
1 0.7200100806451613 0.34780534351145037 0.04485887096774194 0.11545801526717557
1 0.7847782258064516 0.3630725190839694 0.06653225806451613 0.15935114503816794
1 0.7661290322580645 0.28435114503816794 0.03377016129032258 0.0782442748091603
1 0.8826864919354839 0.3413645038167939 0.05267137096774194 0.12070610687022901
1 0.916960685483871 0.4413167938931298 0.08190524193548387 0.18797709923664122
1 0.9681199596774194 0.35186068702290074 0.05670362903225806 0.13120229007633588
