1 0.15733590733590733 0.27011494252873564 0.0250965250965251 0.047619047619047616
1 0.20945945945945946 0.38095238095238093 0.04826254826254826 0.09195402298850575
1 0.21862934362934364 0.26683087027914615 0.029922779922779922 0.0541871921182266
1 0.2944015444015444 0.25041050903119866 0.021235521235521235 0.041050903119868636
1 0.3363899613899614 0.27832512315270935 0.02413127413127413 0.041050903119868636
1 0.34942084942084944 0.25779967159277506 0.02316602316602317 0.04926108374384236
1 0.39140926640926643 0.1986863711001642 0.01833976833976834 0.03284072249589491
1 0.4189189189189189 0.23316912972085385 0.019305019305019305 0.03284072249589491
1 0.44160231660231664 0.2315270935960591 0.02413127413127413 0.04269293924466338
1 0.4329150579150579 0.277504105090312 0.029922779922779922 0.052545155993431854
1 0.43484555984555984 0.1715927750410509 0.02027027027027027 0.034482758620689655
1 0.4502895752895753 0.19293924466338258 0.02027027027027027 0.031198686371100164
1 0.48214285714285715 0.2019704433497537 0.01833976833976834 0.04269293924466338
1 0.47876447876447875 0.1568144499178982 0.015444015444015444 0.031198686371100164
1 0.458976833976834 0.15270935960591134 0.01254826254826255 0.022988505747126436
1 0.5096525096525096 0.1683087027914614 0.017374517374517374 0.031198686371100164
1 0.4922779922779923 0.1354679802955665 0.015444015444015444 0.02134646962233169
1 0.5299227799227799 0.14860426929392445 0.019305019305019305 0.031198686371100164
1 0.5448841698841699 0.13054187192118227 0.01640926640926641 0.031198686371100164
1 0.5666023166023166 0.14942528735632182 0.017374517374517374 0.03284072249589491
1 0.5685328185328186 0.11576354679802955 0.015444015444015444 0.02463054187192118
1 0.5902509652509652 0.16174055829228243 0.01447876447876448 0.031198686371100164
1 0.5936293436293436 0.1297208538587849 0.015444015444015444 0.03284072249589491
1 0.6032818532818532 0.10755336617405582 0.011583011583011584 0.027914614121510674
1 0.6240347490347491 0.12151067323481116 0.01254826254826255 0.022988505747126436
1 0.6264478764478765 0.14942528735632182 0.013513513513513514 0.026272577996715927
1 0.7060810810810811 0.10673234811165845 0.01254826254826255 0.03284072249589491
1 0.49034749034749037 0.3243021346469622 0.02702702702702703 0.0541871921182266
1 0.5617760617760618 0.3045977011494253 0.03281853281853282 0.06403940886699507
1 0.5810810810810811 0.24220032840722494 0.02702702702702703 0.0541871921182266
1 0.6196911196911197 0.24876847290640394 0.0250965250965251 0.047619047619047616
1 0.6245173745173745 0.3160919540229885 0.04054054054054054 0.06403940886699507
1 0.6336872586872587 0.20032840722495895 0.027992277992277992 0.04926108374384236
1 0.6727799227799228 0.2594417077175698 0.02702702702702703 0.04597701149425287
1 0.6935328185328186 0.20361247947454844 0.0222007722007722 0.05582922824302135
1 0.7012548262548263 0.16338259441707717 0.0222007722007722 0.03776683087027914
1 0.7195945945945946 0.17733990147783252 0.01833976833976834 0.0361247947454844
1 0.7297297297297297 0.2134646962233169 0.02316602316602317 0.04269293924466338
1 0.7321428571428572 0.28407224958949095 0.026061776061776062 0.06239737274220033
1 0.792953667953668 0.31773399014778325 0.029922779922779922 0.05747126436781609
1 0.7736486486486487 0.18555008210180624 0.02027027027027027 0.03940886699507389
1 0.7702702702702703 0.14860426929392445 0.021235521235521235 0.03776683087027914
1 0.7258687258687259 0.13711001642036125 0.021235521235521235 0.034482758620689655
1 0.7567567567567568 0.12068965517241378 0.019305019305019305 0.031198686371100164
1 0.7644787644787645 0.11576354679802955 0.013513513513513514 0.027914614121510674
1 0.7813706563706564 0.12315270935960591 0.01640926640926641 0.0361247947454844
1 0.8161196911196912 0.13136288998357964 0.01640926640926641 0.0361247947454844
1 0.8310810810810811 0.13136288998357964 0.015444015444015444 0.029556650246305417
1 0.8166023166023166 0.18555008210180624 0.019305019305019305 0.04269293924466338
1 0.8402509652509653 0.15845648604269294 0.01640926640926641 0.034482758620689655
1 0.8653474903474904 0.18801313628899835 0.01833976833976834 0.03776683087027914
1 0.8918918918918919 0.22742200328407225 0.02316602316602317 0.04433497536945813
1 0.9222972972972974 0.1896551724137931 0.02027027027027027 0.041050903119868636
1 0.9527027027027027 0.18883415435139572 0.019305019305019305 0.04597701149425287
