1 0.05135658914728682 0.47674418604651164 0.09544573643410853 0.19552110249784668
1 0.1610949612403101 0.35809646856158484 0.06007751937984496 0.1330749354005168
1 0.26320251937984496 0.33527131782945735 0.04142441860465116 0.10465116279069768
1 0.23861434108527133 0.2990956072351421 0.031007751937984496 0.0710594315245478
1 0.2535125968992248 0.24978466838931956 0.03173449612403101 0.056847545219638244
1 0.2905765503875969 0.2885443583118002 0.032703488372093026 0.08010335917312661
1 0.41860465116279066 0.4763135228251507 0.0809108527131783 0.17743324720068906
1 0.41436531007751937 0.3667097329888028 0.05886627906976744 0.10120585701981051
1 0.37887596899224807 0.3003875968992248 0.040213178294573645 0.08139534883720931
1 0.35174418604651164 0.2756244616709733 0.029069767441860465 0.0714900947459087
1 0.40685562015503873 0.24440137812230836 0.02688953488372093 0.05555555555555555
1 0.4517926356589147 0.26830318690783805 0.035368217054263566 0.06632213608957795
1 0.5039970930232558 0.2745478036175711 0.023498062015503876 0.06416881998277348
1 0.6017441860465116 0.3789836347975883 0.06637596899224806 0.14987080103359174
1 0.5734011627906976 0.3438845822566753 0.04844961240310078 0.10465116279069768
1 0.549781976744186 0.29651162790697677 0.04142441860465116 0.090869939707149
1 0.5836967054263565 0.2629198966408269 0.03464147286821705 0.06503014642549526
1 0.6178536821705426 0.26270456503014644 0.028343023255813952 0.05770887166236004
1 0.6625484496124031 0.3046942291128338 0.030523255813953487 0.07019810508182601
1 0.6446220930232558 0.2786391042204996 0.027616279069767442 0.06029285099052541
1 0.7473352713178294 0.30512489233419465 0.05329457364341085 0.10809646856158484
1 0.8414486434108527 0.3570198105081826 0.07000968992248062 0.12058570198105081
1 0.9075823643410853 0.4289405684754522 0.08309108527131782 0.1515934539190353
