1 0.3671875 0.37215909090909094 0.09517045454545454 0.14583333333333334
1 0.5008877840909091 0.43016098484848486 0.02734375 0.04214015151515152
1 0.5310724431818182 0.5298295454545454 0.02734375 0.04640151515151515
1 0.6061789772727273 0.5123106060606061 0.026278409090909092 0.043560606060606064
1 0.18501420454545456 0.41548295454545453 0.026988636363636364 0.043087121212121215
1 0.12730823863636365 0.43276515151515155 0.06427556818181818 0.07765151515151515
1 0.018821022727272728 0.4950284090909091 0.03622159090909091 0.06770833333333333
1 0.6837713068181819 0.6124526515151515 0.05575284090909091 0.06865530303030304
1 0.6622869318181819 0.5871212121212122 0.03551136363636364 0.06060606060606061
1 0.6480823863636364 0.5570549242424243 0.03480113636363637 0.05634469696969697
1 0.7166193181818182 0.49266098484848486 0.03125 0.05066287878787879
1 0.7718394886363636 0.5381155303030303 0.02947443181818182 0.054450757575757576
1 0.8382457386363636 0.5177556818181819 0.03231534090909091 0.05823863636363637
1 0.8552911931818182 0.5887784090909091 0.05007102272727273 0.06581439393939394
1 0.8581321022727273 0.7286931818181819 0.10120738636363637 0.15625
1 0.9616477272727273 0.609375 0.048295454545454544 0.08049242424242424
