1 0.2104632587859425 0.42141863699582754 0.04073482428115016 0.08623087621696801
1 0.277555910543131 0.2552155771905424 0.0231629392971246 0.04589707927677329
1 0.2919329073482428 0.2517385257301808 0.018370607028753993 0.041724617524339355
1 0.31030351437699677 0.2614742698191933 0.018370607028753993 0.041724617524339355
1 0.3262779552715655 0.2851182197496523 0.02476038338658147 0.0584144645340751
1 0.319888178913738 0.21974965229485396 0.018370607028753993 0.036161335187760775
1 0.3490415335463259 0.2183588317107093 0.01757188498402556 0.041724617524339355
1 0.40455271565495204 0.2677329624478442 0.02156549520766773 0.04589707927677329
1 0.43450479233226835 0.2642559109874826 0.023961661341853034 0.05006954102920723
1 0.4424920127795527 0.22044506258692628 0.022364217252396165 0.048678720445062586
1 0.40495207667731625 0.18567454798331015 0.019169329073482427 0.037552155771905425
1 0.4217252396166134 0.17593880389429764 0.01597444089456869 0.02920723226703755
1 0.48322683706070285 0.23435326842837273 0.023961661341853034 0.04589707927677329
1 0.4217252396166134 0.23226703755215575 0.01757188498402556 0.030598052851182195
1 0.4464856230031949 0.15855354659248957 0.01757188498402556 0.036161335187760775
1 0.45726837060702874 0.1474269819193324 0.011980830670926517 0.025034770514603615
1 0.4704472843450479 0.16342141863699583 0.01597444089456869 0.03477051460361613
1 0.48242811501597443 0.19471488178025034 0.01437699680511182 0.030598052851182195
1 0.4992012779552715 0.2121001390820584 0.01437699680511182 0.03198887343532684
1 0.4912140575079872 0.13699582753824757 0.012779552715654952 0.02642559109874826
1 0.4984025559105431 0.1258692628650904 0.011182108626198083 0.02642559109874826
1 0.5143769968051118 0.14325452016689846 0.012779552715654952 0.025034770514603615
1 0.5395367412140575 0.13699582753824757 0.015175718849840255 0.03198887343532684
1 0.5475239616613419 0.1752433936022253 0.016773162939297124 0.03894297635605007
1 0.5335463258785942 0.19888734353268428 0.019169329073482427 0.03894297635605007
1 0.5599041533546326 0.14255910987482615 0.01757188498402556 0.037552155771905425
1 0.579073482428115 0.16759388038942977 0.019169329073482427 0.03477051460361613
1 0.5926517571884984 0.15299026425591097 0.01437699680511182 0.03337969401947149
1 0.590255591054313 0.11961057023643949 0.01597444089456869 0.027816411682892905
1 0.5962460063897763 0.09944367176634214 0.013578274760383386 0.02642559109874826
1 0.6170127795527156 0.15090403337969402 0.018370607028753993 0.03477051460361613
1 0.6585463258785942 0.12030598052851181 0.015175718849840255 0.02920723226703755
1 0.6717252396166133 0.12447844228094575 0.01437699680511182 0.03198887343532684
1 0.5650958466453674 0.2559109874826147 0.031150159744408944 0.0584144645340751
1 0.5519169329073482 0.30180806675938804 0.036741214057507986 0.05563282336578581
1 0.5031948881789137 0.2990264255910987 0.027156549520766772 0.04728789986091794
1 0.6114217252396166 0.24756606397774686 0.02476038338658147 0.04728789986091794
1 0.6325878594249201 0.21070931849791377 0.022364217252396165 0.05146036161335187
1 0.661741214057508 0.21001390820584143 0.02476038338658147 0.041724617524339355
1 0.6565495207667731 0.18011126564673155 0.01757188498402556 0.037552155771905425
1 0.6585463258785942 0.2573018080667594 0.027955271565495207 0.04728789986091794
1 0.7008785942492013 0.3080667593880389 0.027955271565495207 0.07649513212795549
1 0.7300319488817891 0.2809457579972183 0.02875399361022364 0.05563282336578581
1 0.7751597444089456 0.32962447844228093 0.03594249201277955 0.06954102920723226
1 0.7184504792332268 0.21488178025034768 0.02476038338658147 0.04589707927677329
1 0.7212460063897763 0.18289290681502085 0.019169329073482427 0.037552155771905425
1 0.6920926517571885 0.1689847009735744 0.019968051118210862 0.04033379694019471
1 0.7412140575079872 0.15299026425591097 0.01757188498402556 0.036161335187760775
1 0.7492012779552716 0.18011126564673155 0.019169329073482427 0.043115438108484005
1 0.7663738019169328 0.16411682892906815 0.015175718849840255 0.03337969401947149
1 0.764776357827476 0.1376912378303199 0.015175718849840255 0.03337969401947149
1 0.7835463258785942 0.14325452016689846 0.01597444089456869 0.036161335187760775
1 0.8031150159744409 0.1383866481223922 0.015175718849840255 0.03477051460361613
1 0.8134984025559105 0.1808066759388039 0.018370607028753993 0.03894297635605007
1 0.7863418530351437 0.21557719054242003 0.019968051118210862 0.036161335187760775
1 0.759185303514377 0.23922114047287898 0.02156549520766773 0.041724617524339355
1 0.8091054313099041 0.27746870653685674 0.02875399361022364 0.06258692628650904
1 0.8606230031948882 0.3087621696801113 0.031150159744408944 0.06397774687065368
1 0.8817891373801916 0.26008344923504867 0.022364217252396165 0.05285118219749652
1 0.922923322683706 0.2795549374130737 0.026357827476038338 0.0584144645340751
1 0.8933706070287539 0.20097357440890123 0.018370607028753993 0.04033379694019471
1 0.8845846645367412 0.22183588317107092 0.019968051118210862 0.04589707927677329
1 0.8366613418530351 0.23435326842837273 0.026357827476038338 0.043115438108484005
1 0.8494408945686901 0.19819193324061196 0.019968051118210862 0.043115438108484005
1 0.8430511182108625 0.1383866481223922 0.015175718849840255 0.037552155771905425
1 0.8801916932907348 0.14603616133518776 0.01437699680511182 0.036161335187760775
