1 0.2329485834207765 0.3865313653136531 0.060860440713536204 0.11254612546125461
1 0.5377754459601259 0.18450184501845018 0.01993704092339979 0.04059040590405904
1 0.5818467995802729 0.1448339483394834 0.017838405036726127 0.046125461254612546
1 0.5975865687303253 0.15867158671586715 0.015739769150052468 0.033210332103321034
1 0.6442812172088143 0.17527675276752766 0.023084994753410283 0.05904059040590406
1 0.667890870933893 0.18357933579335792 0.013641133263378805 0.042435424354243544
1 0.683105981112277 0.2121771217712177 0.025183630640083946 0.047970479704797044
1 0.7261280167890871 0.19372693726937268 0.01888772298006296 0.04428044280442804
1 0.776495278069255 0.22970479704797048 0.023084994753410283 0.04981549815498155
1 0.832109129066107 0.25276752767527677 0.01888772298006296 0.05166051660516605
1 0.7497376705141658 0.27490774907749077 0.022035676810073453 0.055350553505535055
1 0.7623294858342078 0.3625461254612546 0.02833158447009444 0.06826568265682656
1 0.8053515215110179 0.38837638376383765 0.03252885624344176 0.06826568265682656
1 0.9155299055613851 0.3920664206642066 0.03252885624344176 0.06457564575645756
