1 0.07607142857142857 0.6398148148148148 0.07642857142857143 0.19814814814814816
1 0.16464285714285715 0.6407407407407407 0.04214285714285714 0.13333333333333333
1 0.3417857142857143 0.13055555555555556 0.125 0.2574074074074074
1 0.42892857142857144 0.6490740740740741 0.020714285714285713 0.08333333333333334
1 0.4710714285714286 0.6611111111111111 0.02214285714285714 0.08518518518518518
1 0.4975 0.674074074074074 0.023571428571428573 0.08518518518518518
1 0.6546428571428572 0.5833333333333334 0.10071428571428571 0.33333333333333337
1 0.7267857142857143 0.7157407407407408 0.025 0.09814814814814815
1 0.735 0.675 0.024285714285714285 0.07222222222222223
1 0.7867857142857143 0.675 0.039285714285714285 0.1425925925925926
1 0.8510714285714286 0.6805555555555556 0.062142857142857146 0.20185185185185187
1 0.9039285714285714 0.6787037037037037 0.047857142857142855 0.16481481481481483
