1 0.15871369294605808 0.2679558011049724 0.02074688796680498 0.03867403314917127
1 0.17738589211618258 0.31583793738489874 0.035269709543568464 0.0865561694290976
1 0.16649377593360995 0.43922651933701656 0.04045643153526971 0.0865561694290976
1 0.35943983402489627 0.20349907918968693 0.01970954356846473 0.03130755064456722
1 0.46524896265560167 0.1841620626151013 0.025933609958506226 0.05156537753222836
1 0.641597510373444 0.20165745856353592 0.021784232365145227 0.04604051565377532
1 0.7712655601659751 0.12154696132596686 0.011410788381742738 0.02578268876611418
1 0.8060165975103735 0.09116022099447514 0.014522821576763486 0.03130755064456722
1 0.8293568464730291 0.0847145488029466 0.011410788381742738 0.029465930018416207
1 0.8371369294605809 0.10865561694290976 0.014522821576763486 0.029465930018416207
1 0.9133817427385892 0.17679558011049723 0.013485477178423237 0.03314917127071823
1 0.9362033195020747 0.23941068139963168 0.01970954356846473 0.05156537753222836
1 0.9429460580912863 0.19244935543278086 0.012448132780082988 0.034990791896869246
1 0.9351659751037344 0.17587476979742173 0.00933609958506224 0.020257826887661142
