1 0.1955702167766258 0.4652892561983471 0.048067860508953814 0.10743801652892562
1 0.2544769085768143 0.43636363636363634 0.04524033930254477 0.1024793388429752
1 0.31715362865221486 0.2834710743801653 0.021677662582469368 0.04462809917355372
1 0.3727615457115928 0.25950413223140495 0.019792648444863337 0.04297520661157025
1 0.4170593779453346 0.23884297520661157 0.019792648444863337 0.03801652892561983
1 0.43166823751178135 0.27851239669421485 0.024505183788878417 0.03801652892561983
1 0.4476908576814326 0.23140495867768596 0.022620169651272386 0.04297520661157025
1 0.4547596606974552 0.1933884297520661 0.017907634307257305 0.04297520661157025
1 0.47879359095193214 0.19999999999999998 0.01885014137606032 0.0396694214876033
1 0.4622997172478793 0.09090909090909091 0.017907634307257305 0.02975206611570248
1 0.46701225259189444 0.15619834710743802 0.016022620169651274 0.03140495867768595
1 0.4783223374175306 0.1578512396694215 0.01413760603204524 0.03140495867768595
1 0.5273327049952875 0.1628099173553719 0.017907634307257305 0.03140495867768595
1 0.5377002827521207 0.14132231404958678 0.016022620169651274 0.03471074380165289
1 0.555607917059378 0.15537190082644628 0.017907634307257305 0.03636363636363636
1 0.5815268614514608 0.15619834710743802 0.01885014137606032 0.04132231404958678
1 0.5424128180961357 0.2024793388429752 0.017907634307257305 0.03471074380165289
1 0.48114985862393966 0.328099173553719 0.03110273327049953 0.06115702479338843
1 0.6621112158341187 0.2628099173553719 0.029217719132893494 0.05289256198347107
1 0.7219604147031102 0.28595041322314046 0.02827521206409048 0.0628099173553719
1 0.6969839773798303 0.15537190082644628 0.021677662582469368 0.04297520661157025
1 0.7266729500471253 0.1322314049586777 0.016965127238454288 0.03305785123966942
1 0.734684260131951 0.1578512396694215 0.017907634307257305 0.03471074380165289
1 0.7511781338360037 0.128099173553719 0.015080113100848256 0.03801652892561983
1 0.7681432610744581 0.16611570247933885 0.02073515551366635 0.04462809917355372
1 0.7855796418473139 0.26942148760330575 0.029217719132893494 0.05619834710743801
1 0.8077285579641847 0.1933884297520661 0.022620169651272386 0.04297520661157025
1 0.8760603204524033 0.21818181818181817 0.021677662582469368 0.04628099173553719
1 0.8213949104618284 0.13388429752066117 0.01413760603204524 0.03305785123966942
