1 0.12222222222222222 0.6346153846153846 0.08 0.13210702341137123
1 0.11222222222222222 0.47157190635451507 0.03777777777777778 0.07357859531772575
1 0.051666666666666666 0.4540133779264214 0.03666666666666667 0.061872909698996656
1 0.04777777777777778 0.3988294314381271 0.024444444444444446 0.038461538461538464
1 0.21055555555555555 0.47575250836120403 0.043333333333333335 0.07859531772575251
1 0.13333333333333333 0.4180602006688963 0.03111111111111111 0.05351170568561873
1 0.08333333333333333 0.39214046822742477 0.026666666666666665 0.04180602006688963
1 0.18055555555555555 0.40551839464882944 0.03222222222222222 0.051839464882943144
1 0.1988888888888889 0.3971571906354515 0.024444444444444446 0.04180602006688963
1 0.23 0.3896321070234114 0.028888888888888888 0.04013377926421405
1 0.2561111111111111 0.4423076923076923 0.027777777777777776 0.05518394648829431
1 0.28888888888888886 0.3988294314381271 0.026666666666666665 0.048494983277591976
1 0.32166666666666666 0.43394648829431437 0.03 0.051839464882943144
1 0.29555555555555557 0.4899665551839465 0.04888888888888889 0.07357859531772575
1 0.3983333333333333 0.45819397993311034 0.034444444444444444 0.06354515050167224
1 0.3988888888888889 0.3996655518394649 0.026666666666666665 0.05016722408026756
1 0.42 0.5209030100334449 0.04888888888888889 0.08193979933110368
1 0.46 0.4080267558528428 0.03111111111111111 0.05351170568561873
1 0.33555555555555555 0.39548494983277593 0.028888888888888888 0.04180602006688963
1 0.5383333333333333 0.4230769230769231 0.03222222222222222 0.06354515050167224
1 0.505 0.4623745819397993 0.03888888888888889 0.06856187290969899
1 0.5922222222222222 0.3277591973244147 0.03333333333333333 0.046822742474916385
1 0.6155555555555555 0.48578595317725753 0.03777777777777778 0.06856187290969899
1 0.6372222222222222 0.4397993311036789 0.034444444444444444 0.06020066889632107
1 0.7416666666666667 0.4439799331103679 0.03222222222222222 0.061872909698996656
