1 0.045 0.2411111111111111 0.06 0.10444444444444445
1 0.02 0.2311111111111111 0.0375 0.12444444444444444
1 0.178125 0.3711111111111111 0.09375 0.2
1 0.22062500000000002 0.3111111111111111 0.07375 0.15555555555555556
1 0.31375000000000003 0.19555555555555557 0.04 0.07555555555555556
1 0.36062500000000003 0.4311111111111111 0.11875000000000001 0.26222222222222225
1 0.451875 0.6244444444444445 0.20125 0.4177777777777778
1 0.393125 0.22111111111111112 0.03875 0.08666666666666667
1 0.429375 0.21777777777777776 0.03125 0.06666666666666667
1 0.46187500000000004 0.2411111111111111 0.05375 0.10444444444444445
1 0.566875 0.25222222222222224 0.06125 0.11333333333333333
1 0.71875 0.23555555555555555 0.075 0.14666666666666667
1 0.869375 0.27 0.08125 0.14888888888888888
