1 0.035555555555555556 0.44 0.06666666666666667 0.1
1 0.022222222222222223 0.3566666666666667 0.04 0.07333333333333333
1 0.09666666666666666 0.36333333333333334 0.051111111111111114 0.08666666666666667
1 0.18222222222222223 0.3916666666666667 0.057777777777777775 0.07666666666666667
1 0.17 0.445 0.05555555555555555 0.07666666666666667
1 0.21222222222222223 0.54 0.07777777777777778 0.12000000000000001
1 0.28 0.6050000000000001 0.09333333333333334 0.1366666666666667
1 0.2111111111111111 0.3166666666666667 0.035555555555555556 0.07333333333333333
1 0.23555555555555555 0.33333333333333337 0.035555555555555556 0.060000000000000005
1 0.2777777777777778 0.325 0.04 0.05666666666666667
1 0.31555555555555553 0.34500000000000003 0.04 0.07
1 0.36666666666666664 0.4783333333333334 0.06666666666666667 0.10333333333333335
1 0.43555555555555553 0.3516666666666667 0.044444444444444446 0.07
1 0.4077777777777778 0.3116666666666667 0.03333333333333333 0.05
1 0.39 0.30333333333333334 0.024444444444444446 0.04666666666666667
1 0.45222222222222225 0.3216666666666667 0.028888888888888888 0.043333333333333335
1 0.48333333333333334 0.335 0.03333333333333333 0.06333333333333334
1 0.5844444444444444 0.3816666666666667 0.044444444444444446 0.07666666666666667
1 0.5155555555555555 0.4966666666666667 0.06666666666666667 0.12000000000000001
1 0.43444444444444447 0.7783333333333334 0.12222222222222222 0.21000000000000002
1 0.7166666666666667 0.7616666666666667 0.10888888888888888 0.21666666666666667
1 0.6455555555555555 0.5 0.06444444444444444 0.10666666666666667
1 0.6444444444444445 0.4216666666666667 0.057777777777777775 0.07666666666666667
1 0.6733333333333333 0.3566666666666667 0.044444444444444446 0.06666666666666667
1 0.7633333333333333 0.44 0.05555555555555555 0.08666666666666667
1 0.7644444444444445 0.37333333333333335 0.044444444444444446 0.07333333333333333
1 0.7655555555555555 0.535 0.07333333333333333 0.1366666666666667
1 0.8333333333333334 0.4666666666666667 0.06222222222222222 0.09333333333333334
1 0.8377777777777777 0.39 0.04888888888888889 0.07333333333333333
1 0.8433333333333334 0.685 0.11333333333333333 0.18333333333333335
1 0.9266666666666666 0.385 0.057777777777777775 0.08333333333333334
1 0.9811111111111112 0.4033333333333334 0.03777777777777778 0.07333333333333333
