1 0.20750000000000002 0.81 0.2783333333333334 0.38
1 0.058333333333333334 0.7388888888888889 0.11 0.34
1 0.15083333333333335 0.5077777777777778 0.07500000000000001 0.1
1 0.14833333333333334 0.4211111111111111 0.04666666666666667 0.06444444444444444
1 0.20500000000000002 0.47444444444444445 0.06333333333333334 0.10444444444444445
1 0.27666666666666667 0.5077777777777778 0.09333333333333334 0.14444444444444443
1 0.2833333333333333 0.43777777777777777 0.07 0.09777777777777778
1 0.3566666666666667 0.5255555555555556 0.09666666666666668 0.15333333333333332
1 0.37333333333333335 0.42444444444444446 0.05666666666666667 0.09333333333333334
1 0.4566666666666667 0.43555555555555553 0.05 0.07555555555555556
1 0.5116666666666667 0.51 0.11333333333333334 0.19333333333333333
1 0.5900000000000001 0.5177777777777778 0.07666666666666667 0.14222222222222222
1 0.6008333333333333 0.43777777777777777 0.05166666666666667 0.07555555555555556
1 0.5908333333333333 0.4011111111111111 0.045000000000000005 0.06444444444444444
1 0.6475000000000001 0.4666666666666667 0.058333333333333334 0.08888888888888889
1 0.6516666666666667 0.42 0.060000000000000005 0.08444444444444445
1 0.7408333333333333 0.4177777777777778 0.05166666666666667 0.08444444444444445
1 0.79 0.39666666666666667 0.05 0.08222222222222222
1 0.7766666666666667 0.49333333333333335 0.09000000000000001 0.12
1 0.8908333333333334 0.4666666666666667 0.07833333333333334 0.1111111111111111
1 0.9500000000000001 0.43777777777777777 0.06666666666666667 0.10666666666666666
1 0.9666666666666667 0.40555555555555556 0.04666666666666667 0.07333333333333333
