1 0.2011225444340505 0.43781094527363185 0.05425631431244154 0.09950248756218906
1 0.26426566884939195 0.263681592039801 0.021515434985968196 0.03316749585406302
1 0.2960710944808232 0.263681592039801 0.021515434985968196 0.03980099502487562
1 0.3049579045837231 0.24875621890547264 0.01683816651075772 0.026533996683250415
1 0.3246024321796071 0.2728026533996683 0.022450888681010292 0.03482587064676617
1 0.3601496725912067 0.2570480928689884 0.02432179607109448 0.04311774461028192
1 0.38868101028999064 0.2611940298507463 0.021515434985968196 0.04145936981757877
1 0.41440598690364827 0.2570480928689884 0.022450888681010292 0.04311774461028192
1 0.3409728718428438 0.2097844112769486 0.019644527595884004 0.03150912106135987
1 0.3666978484565014 0.21393034825870647 0.01683816651075772 0.03316749585406302
1 0.3882132834424696 0.22470978441127695 0.01683816651075772 0.03482587064676617
1 0.3783910196445276 0.1824212271973466 0.01777362020579981 0.03316749585406302
1 0.4092609915809167 0.17827529021558872 0.015902712815715623 0.028192371475953566
1 0.4176800748362956 0.19402985074626866 0.01777362020579981 0.03316749585406302
1 0.4382600561272217 0.1956882255389718 0.015902712815715623 0.03316749585406302
1 0.44948550046772684 0.22388059701492538 0.021515434985968196 0.03980099502487562
1 0.47895229186155286 0.22470978441127695 0.022450888681010292 0.03814262023217247
1 0.4485500467726848 0.15671641791044777 0.015902712815715623 0.028192371475953566
1 0.4752104770813845 0.16832504145936983 0.01683816651075772 0.03150912106135987
1 0.4883068288119738 0.19154228855721395 0.014967259120673527 0.03482587064676617
1 0.4948550046772685 0.1351575456053068 0.013096351730589336 0.024875621890547265
1 0.5126286248830683 0.1956882255389718 0.013096351730589336 0.03648424543946932
1 0.5275958840037418 0.15754560530679934 0.014967259120673527 0.026533996683250415
1 0.5299345182413471 0.20315091210613598 0.01777362020579981 0.04145936981757877
1 0.5509822263797942 0.24626865671641793 0.022450888681010292 0.05472636815920398
1 0.49579045837231056 0.2960199004975124 0.02432179607109448 0.05140961857379768
1 0.5434985968194574 0.3150912106135987 0.031805425631431246 0.05970149253731343
1 0.5547240411599625 0.15671641791044777 0.014967259120673527 0.03150912106135987
1 0.5720299345182414 0.16832504145936983 0.01777362020579981 0.03482587064676617
1 0.569223573433115 0.14593698175787728 0.01216089803554724 0.023217247097844115
1 0.5668849391955099 0.1252072968490879 0.014967259120673527 0.024875621890547265
1 0.5051449953227315 0.14593698175787728 0.013096351730589336 0.023217247097844115
1 0.5898035547240411 0.1492537313432836 0.01403180542563143 0.029850746268656716
1 0.5907390084190832 0.12023217247097845 0.01403180542563143 0.028192371475953566
1 0.6103835360149673 0.1558872305140962 0.015902712815715623 0.03316749585406302
1 0.6150608044901777 0.12023217247097845 0.01403180542563143 0.03150912106135987
1 0.6211412535079514 0.11442786069651742 0.013096351730589336 0.03316749585406302
1 0.6417212347988774 0.11525704809286899 0.013096351730589336 0.028192371475953566
1 0.6449953227315248 0.13930348258706468 0.015902712815715623 0.03316749585406302
1 0.6697848456501403 0.12354892205638475 0.014967259120673527 0.028192371475953566
1 0.6992516370439663 0.148424543946932 0.015902712815715623 0.03150912106135987
1 0.6997193638914874 0.17910447761194032 0.014967259120673527 0.03980099502487562
1 0.7067352666043031 0.21144278606965175 0.019644527595884004 0.04477611940298508
1 0.6641721234798877 0.2131011608623549 0.022450888681010292 0.04809286898839138
1 0.6674462114125351 0.18076285240464346 0.019644527595884004 0.04311774461028192
1 0.6197380729653882 0.19817578772802655 0.01777362020579981 0.04145936981757877
1 0.6286248830682881 0.24378109452736318 0.022450888681010292 0.05306799336650083
1 0.6828811973807296 0.2504145936981758 0.022450888681010292 0.04643449419568823
1 0.6188026192703461 0.32587064676616917 0.034611786716557534 0.05472636815920398
1 0.7221702525724977 0.29270315091210614 0.026192703461178673 0.05472636815920398
1 0.7123479887745556 0.15257048092868988 0.01777362020579981 0.03316749585406302
1 0.7464920486435922 0.11525704809286899 0.011225444340505146 0.028192371475953566
1 0.7656688493919551 0.1252072968490879 0.01403180542563143 0.028192371475953566
1 0.7572497661365762 0.13764510779436154 0.015902712815715623 0.029850746268656716
1 0.7362020579981291 0.1625207296849088 0.01683816651075772 0.03316749585406302
1 0.7329279700654817 0.19154228855721395 0.023386342376052385 0.04145936981757877
1 0.7591206735266605 0.23714759535655058 0.025257249766136577 0.05970149253731343
1 0.774555659494855 0.2802653399668325 0.02432179607109448 0.05306799336650083
1 0.7703461178671656 0.16334991708126037 0.01777362020579981 0.03482587064676617
1 0.7825070159027129 0.19651741293532338 0.01777362020579981 0.04145936981757877
1 0.7890551917680075 0.148424543946932 0.01403180542563143 0.03150912106135987
1 0.8096351730589336 0.16832504145936983 0.01777362020579981 0.03150912106135987
1 0.8348924228250701 0.1492537313432836 0.01216089803554724 0.03316749585406302
1 0.8568755846585594 0.15754560530679934 0.014967259120673527 0.03316749585406302
1 0.842843779232928 0.17412935323383086 0.018709073900841908 0.03980099502487562
1 0.8278765201122544 0.21061359867330018 0.0205799812909261 0.04311774461028192
1 0.8592142188961647 0.2611940298507463 0.021515434985968196 0.05804311774461028
1 0.8470533208606175 0.3150912106135987 0.025257249766136577 0.06301824212271974
1 0.9190832553788587 0.2669983416252073 0.01777362020579981 0.05306799336650083
1 0.9195509822263798 0.23880597014925373 0.018709073900841908 0.03980099502487562
1 0.8942937324602432 0.2064676616915423 0.01683816651075772 0.04145936981757877
1 0.882132834424696 0.16417910447761194 0.013096351730589336 0.03316749585406302
1 0.8938260056127222 0.1558872305140962 0.01403180542563143 0.03316749585406302
1 0.9059869036482694 0.1865671641791045 0.01403180542563143 0.03482587064676617
