1 0.08656957928802589 0.08488063660477453 0.0825242718446602 0.16445623342175064
1 0.20954692556634305 0.24270557029177717 0.09870550161812298 0.1936339522546419
1 0.33495145631067963 0.33687002652519893 0.11003236245954694 0.22811671087533156
1 0.30825242718446605 0.5596816976127321 0.16990291262135923 0.2652519893899204
1 0.3592233009708738 0.10875331564986737 0.09385113268608415 0.21220159151193632
1 0.2815533980582524 0.04509283819628647 0.06148867313915858 0.07957559681697612
1 0.3932038834951456 0.05172413793103448 0.06472491909385114 0.09814323607427056
1 0.5137540453074434 0.17904509283819628 0.10194174757281554 0.17771883289124668
1 0.6415857605177994 0.08488063660477453 0.09546925566343042 0.16445623342175064
1 0.6537216828478964 0.35809018567639256 0.10679611650485438 0.259946949602122
1 0.784789644012945 0.48673740053050396 0.1488673139158576 0.3156498673740053
1 0.7953074433656958 0.23607427055702918 0.11165048543689321 0.21220159151193632
1 0.8268608414239482 0.08620689655172413 0.08414239482200647 0.16180371352785144
1 0.790453074433657 0.08090185676392572 0.06310679611650485 0.14058355437665782
1 0.9401294498381877 0.29575596816976124 0.1197411003236246 0.24137931034482757
1 0.9716828478964402 0.06896551724137931 0.05663430420711974 0.1273209549071618
