1 0.17967967967967968 0.44165170556552963 0.04104104104104104 0.08617594254937164
1 0.19269269269269268 0.3159784560143627 0.037037037037037035 0.08258527827648116
1 0.1971971971971972 0.23967684021543986 0.024024024024024024 0.05565529622980252
1 0.35835835835835833 0.21723518850987433 0.024024024024024024 0.04308797127468582
1 0.4289289289289289 0.21723518850987433 0.023023023023023025 0.0466786355475763
1 0.4854854854854855 0.1822262118491921 0.022022022022022022 0.04488330341113106
1 0.5095095095095095 0.11220825852782765 0.02002002002002002 0.04847396768402155
1 0.5665665665665666 0.10682226211849193 0.02002002002002002 0.04488330341113106
1 0.55005005005005 0.18940754039497307 0.02102102102102102 0.04488330341113106
1 0.6311311311311312 0.12746858168761221 0.015015015015015015 0.03590664272890485
1 0.5855855855855856 0.2073608617594255 0.024024024024024024 0.04847396768402155
1 0.6436436436436437 0.24685816876122083 0.03203203203203203 0.05565529622980252
1 0.7307307307307307 0.26929982046678635 0.03403403403403403 0.06463195691202872
1 0.8438438438438438 0.21005385996409337 0.028028028028028028 0.053859964093357277
1 0.8473473473473473 0.3420107719928187 0.025025025025025023 0.059245960502693
1 0.9194194194194194 0.2791741472172352 0.031031031031031032 0.04847396768402155
1 0.9089089089089089 0.12028725314183124 0.018018018018018018 0.02872531418312388
1 0.9364364364364365 0.1606822262118492 0.01901901901901902 0.03052064631956912
