1 0.4612903225806452 0.2532299741602067 0.012903225806451613 0.020671834625323
1 0.5370967741935484 0.24289405684754523 0.00967741935483871 0.020671834625323
1 0.2346774193548387 0.5064599483204134 0.06290322580645161 0.103359173126615
1 0.2620967741935484 0.4289405684754522 0.0532258064516129 0.082687338501292
1 0.2911290322580645 0.3798449612403101 0.024193548387096774 0.041343669250646
1 0.3024193548387097 0.3165374677002584 0.017741935483870968 0.03875968992248062
1 0.3411290322580645 0.2997416020671835 0.017741935483870968 0.031007751937984496
1 0.3185483870967742 0.289405684754522 0.01129032258064516 0.02583979328165375
1 0.3741935483870968 0.3178294573643411 0.012903225806451613 0.031007751937984496
1 0.3943548387096774 0.31007751937984496 0.014516129032258065 0.031007751937984496
1 0.4435483870967742 0.31912144702842377 0.016129032258064516 0.028423772609819122
1 0.4161290322580645 0.3423772609819122 0.016129032258064516 0.028423772609819122
1 0.38870967741935486 0.3708010335917313 0.025806451612903226 0.043927648578811374
1 0.4241935483870968 0.39276485788113696 0.025806451612903226 0.041343669250646
1 0.3741935483870968 0.6834625322997416 0.08709677419354839 0.14728682170542637
1 0.47661290322580646 0.516795865633075 0.0532258064516129 0.10852713178294573
1 0.5241935483870968 0.3875968992248062 0.02258064516129032 0.056847545219638244
1 0.48870967741935484 0.3708010335917313 0.02258064516129032 0.03875968992248062
1 0.49193548387096775 0.3359173126614987 0.016129032258064516 0.031007751937984496
1 0.4774193548387097 0.3268733850129199 0.00967741935483871 0.03359173126614987
1 0.4596774193548387 0.31266149870801035 0.00967741935483871 0.020671834625323
1 0.521774193548387 0.31912144702842377 0.014516129032258065 0.023255813953488372
1 0.5282258064516129 0.3385012919896641 0.017741935483870968 0.031007751937984496
1 0.5419354838709678 0.3281653746770026 0.012903225806451613 0.031007751937984496
1 0.557258064516129 0.33462532299741604 0.01129032258064516 0.028423772609819122
1 0.5693548387096774 0.3268733850129199 0.012903225806451613 0.023255813953488372
1 0.5935483870967742 0.351421188630491 0.016129032258064516 0.031007751937984496
1 0.5870967741935483 0.37467700258397935 0.01935483870967742 0.031007751937984496
1 0.5887096774193549 0.41214470284237725 0.03225806451612903 0.05426356589147287
1 0.5766129032258065 0.8333333333333334 0.08548387096774193 0.19896640826873385
1 0.04838709677419355 0.42635658914728686 0.054838709677419356 0.08785529715762275
1 0.12338709677419354 0.3385012919896641 0.043548387096774194 0.06201550387596899
1 0.17903225806451614 0.3152454780361757 0.02903225806451613 0.041343669250646
1 0.20967741935483872 0.3074935400516796 0.01935483870967742 0.03617571059431525
1 0.22580645161290322 0.3062015503875969 0.02258064516129032 0.03359173126614987
1 0.267741935483871 0.29198966408268734 0.012903225806451613 0.020671834625323
1 0.05241935483870968 0.34108527131782945 0.04032258064516129 0.0516795865633075
1 0.08629032258064516 0.32428940568475456 0.027419354838709678 0.043927648578811374
1 0.09435483870967742 0.29328165374677007 0.024193548387096774 0.043927648578811374
1 0.025 0.2971576227390181 0.03064516129032258 0.046511627906976744
1 0.01129032258064516 0.268733850129199 0.01935483870967742 0.031007751937984496
1 0.06451612903225806 0.268733850129199 0.01935483870967742 0.02583979328165375
1 0.10806451612903226 0.25193798449612403 0.016129032258064516 0.03359173126614987
1 0.1403225806451613 0.26356589147286824 0.016129032258064516 0.031007751937984496
1 0.15725806451612903 0.2674418604651163 0.014516129032258065 0.028423772609819122
1 0.2 0.28165374677002586 0.012903225806451613 0.020671834625323
1 0.7314516129032258 0.35271317829457366 0.017741935483870968 0.028423772609819122
1 0.7564516129032258 0.375968992248062 0.01935483870967742 0.03359173126614987
1 0.7943548387096774 0.3708010335917313 0.020967741935483872 0.028423772609819122
1 0.8298387096774194 0.36434108527131787 0.014516129032258065 0.031007751937984496
1 0.8153225806451613 0.3888888888888889 0.020967741935483872 0.043927648578811374
1 0.8733870967741936 0.4108527131782946 0.03387096774193549 0.056847545219638244
1 0.8419354838709677 0.46382428940568476 0.03870967741935484 0.06459948320413438
1 0.9096774193548387 0.41472868217054265 0.025806451612903226 0.05943152454780362
1 0.9701612903225807 0.5284237726098191 0.05 0.08010335917312662
1 0.964516129032258 0.4534883720930233 0.03870967741935484 0.05426356589147287
1 0.9846774193548387 0.40826873385012924 0.03064516129032258 0.06718346253229975
