1 0.053538175046554934 0.4033333333333334 0.038175046554934824 0.07333333333333333
1 0.2579143389199255 0.28250000000000003 0.0223463687150838 0.03833333333333334
1 0.28957169459962756 0.26333333333333336 0.020484171322160148 0.03333333333333333
1 0.3026070763500931 0.25833333333333336 0.020484171322160148 0.04666666666666667
1 0.3133147113594041 0.28 0.015828677839851025 0.030000000000000002
1 0.32122905027932963 0.2225 0.0186219739292365 0.03833333333333334
1 0.34916201117318435 0.21833333333333335 0.01675977653631285 0.04
1 0.3654562383612663 0.225 0.015828677839851025 0.030000000000000002
1 0.3682495344506518 0.20916666666666667 0.015828677839851025 0.028333333333333335
1 0.3756983240223464 0.25833333333333336 0.019553072625698324 0.04
1 0.3822160148975791 0.2 0.017690875232774673 0.03666666666666667
1 0.4129422718808194 0.22416666666666668 0.017690875232774673 0.03833333333333334
1 0.4334264432029795 0.26416666666666666 0.021415270018621972 0.045000000000000005
1 0.44273743016759776 0.22083333333333335 0.019553072625698324 0.04166666666666667
1 0.4408752327746741 0.19166666666666668 0.017690875232774673 0.03666666666666667
1 0.419925512104283 0.18583333333333335 0.01675977653631285 0.028333333333333335
1 0.41527001862197394 0.1691666666666667 0.01675977653631285 0.028333333333333335
1 0.4473929236499069 0.15000000000000002 0.013966480446927373 0.02666666666666667
1 0.45391061452513964 0.16666666666666669 0.012104283054003724 0.02666666666666667
1 0.46694599627560524 0.19333333333333336 0.013966480446927373 0.030000000000000002
1 0.4762569832402235 0.16166666666666668 0.013966480446927373 0.030000000000000002
1 0.47113594040968343 0.14333333333333334 0.0111731843575419 0.02
1 0.4855679702048417 0.135 0.012104283054003724 0.030000000000000002
1 0.50512104283054 0.16166666666666668 0.015828677839851025 0.03666666666666667
1 0.4972067039106145 0.19 0.0186219739292365 0.03666666666666667
1 0.5046554934823091 0.22166666666666668 0.027932960893854747 0.043333333333333335
1 0.5339851024208566 0.20333333333333334 0.021415270018621972 0.03666666666666667
1 0.5162942271880819 0.13166666666666668 0.013966480446927373 0.03333333333333333
1 0.5325884543761639 0.1375 0.01675977653631285 0.03166666666666667
1 0.5572625698324022 0.11 0.015828677839851025 0.030000000000000002
1 0.5526070763500931 0.15333333333333335 0.017690875232774673 0.03666666666666667
1 0.568901303538175 0.165 0.01675977653631285 0.04
1 0.5814711359404097 0.14833333333333334 0.015828677839851025 0.03333333333333333
1 0.5870577281191807 0.12083333333333333 0.012104283054003724 0.028333333333333335
1 0.5968342644320298 0.09833333333333334 0.01303538175046555 0.02666666666666667
1 0.6163873370577281 0.10250000000000001 0.0111731843575419 0.03166666666666667
1 0.6210428305400373 0.1391666666666667 0.0148975791433892 0.035
1 0.6391992551210428 0.11750000000000001 0.013966480446927373 0.028333333333333335
1 0.6499068901303539 0.095 0.0148975791433892 0.03333333333333333
1 0.6764432029795159 0.11083333333333334 0.013966480446927373 0.028333333333333335
1 0.6983240223463687 0.09833333333333334 0.01303538175046555 0.03666666666666667
1 0.4920856610800745 0.2833333333333333 0.025139664804469275 0.05333333333333334
1 0.5321229050279329 0.31 0.030726256983240222 0.060000000000000005
1 0.5623836126629422 0.2341666666666667 0.0223463687150838 0.04166666666666667
1 0.606145251396648 0.2541666666666667 0.0297951582867784 0.04833333333333334
1 0.6080074487895717 0.3275 0.0335195530726257 0.06166666666666667
1 0.6797020484171322 0.32833333333333337 0.03165735567970205 0.05666666666666667
1 0.6587523277467412 0.2566666666666667 0.023277467411545624 0.04666666666666667
1 0.6550279329608939 0.20333333333333334 0.021415270018621972 0.043333333333333335
1 0.6270949720670391 0.18500000000000003 0.021415270018621972 0.043333333333333335
1 0.6620111731843575 0.16583333333333333 0.0148975791433892 0.03833333333333334
1 0.6848230912476723 0.1375 0.015828677839851025 0.035
1 0.7039106145251397 0.1375 0.0186219739292365 0.03833333333333334
1 0.696927374301676 0.17916666666666667 0.017690875232774673 0.035
1 0.6955307262569832 0.2225 0.0223463687150838 0.04833333333333334
1 0.7243947858472998 0.29500000000000004 0.035381750465549346 0.05666666666666667
1 0.7560521415270018 0.21916666666666668 0.0223463687150838 0.04833333333333334
1 0.7406890130353817 0.18083333333333335 0.017690875232774673 0.045000000000000005
1 0.7257914338919925 0.15000000000000002 0.017690875232774673 0.03666666666666667
1 0.7332402234636871 0.12333333333333334 0.017690875232774673 0.02666666666666667
1 0.7434823091247672 0.14 0.013966480446927373 0.030000000000000002
1 0.749534450651769 0.10500000000000001 0.0111731843575419 0.02666666666666667
1 0.7690875232774674 0.13 0.01675977653631285 0.03666666666666667
1 0.7797951582867784 0.11083333333333334 0.013966480446927373 0.03166666666666667
1 0.7965549348230913 0.125 0.012104283054003724 0.030000000000000002
1 0.7946927374301676 0.17666666666666667 0.017690875232774673 0.04
1 0.8123836126629422 0.1625 0.015828677839851025 0.03166666666666667
1 0.8151769087523277 0.12416666666666668 0.013966480446927373 0.028333333333333335
1 0.8272811918063314 0.1391666666666667 0.015828677839851025 0.03166666666666667
1 0.8440409683426443 0.18833333333333335 0.019553072625698324 0.043333333333333335
1 0.8580074487895717 0.15666666666666668 0.021415270018621972 0.043333333333333335
1 0.8659217877094972 0.12083333333333333 0.01675977653631285 0.03166666666666667
1 0.8910614525139665 0.12416666666666668 0.0148975791433892 0.035
1 0.888268156424581 0.16 0.01303538175046555 0.03333333333333333
1 0.8868715083798883 0.1925 0.017690875232774673 0.045000000000000005
1 0.8654562383612663 0.21083333333333334 0.017690875232774673 0.03833333333333334
1 0.8086592178770949 0.24833333333333335 0.021415270018621972 0.05333333333333334
1 0.7825884543761639 0.2941666666666667 0.025139664804469275 0.058333333333333334
1 0.9162011173184358 0.27666666666666667 0.0223463687150838 0.05
1 0.9213221601489758 0.1975 0.017690875232774673 0.03833333333333334
1 0.9264432029795158 0.17 0.01303538175046555 0.02666666666666667
1 0.9278398510242085 0.1525 0.010242085661080074 0.028333333333333335
1 0.7541899441340782 0.16583333333333333 0.01675977653631285 0.03833333333333334
