1 0.030625 0.6648106904231625 0.058750000000000004 0.09131403118040089
1 0.018125 0.7349665924276169 0.03375 0.10690423162583518
1 0.033125 0.5991091314031181 0.04625 0.0757238307349666
1 0.049375 0.5712694877505567 0.03375 0.06458797327394208
1 0.12125 0.5991091314031181 0.045 0.08017817371937638
1 0.180625 0.5534521158129175 0.09875 0.15367483296213807
1 0.311875 0.5846325167037861 0.04625 0.08685968819599109
1 0.375 0.5991091314031181 0.045 0.08463251670378619
1 0.42125 0.5077951002227171 0.08 0.155902004454343
1 0.37625000000000003 0.7427616926503341 0.08750000000000001 0.16258351893095768
1 0.3025 0.6904231625835189 0.0575 0.11135857461024498
1 0.26625 0.9287305122494431 0.125 0.14253897550111358
1 0.805625 0.5790645879732739 0.03875 0.06236080178173719
1 0.86375 0.611358574610245 0.0475 0.0779510022271715
1 0.889375 0.6692650334075724 0.06125 0.10467706013363029
1 0.916875 0.5779510022271714 0.04875 0.09576837416481068
