1 0.15666666666666668 0.6453634085213033 0.07666666666666667 0.13283208020050125
1 0.12250000000000001 0.6027568922305764 0.055 0.09273182957393483
1 0.1125 0.5463659147869674 0.05166666666666667 0.07017543859649122
1 0.2866666666666667 0.6516290726817042 0.06666666666666667 0.11528822055137844
1 0.26333333333333336 0.5914786967418546 0.05666666666666667 0.09523809523809523
1 0.40166666666666667 0.6152882205513784 0.06333333333333334 0.09273182957393483
1 0.43000000000000005 0.8395989974937343 0.12000000000000001 0.16040100250626566
1 0.555 0.8796992481203008 0.12333333333333334 0.21553884711779447
1 0.6866666666666668 0.8897243107769424 0.13 0.19548872180451127
1 0.5750000000000001 0.6892230576441103 0.08666666666666667 0.17543859649122806
1 0.6416666666666667 0.6704260651629073 0.07 0.13784461152882205
1 0.6683333333333333 0.3383458646616541 0.060000000000000005 0.10025062656641603
1 0.8375 0.6240601503759398 0.07500000000000001 0.12030075187969924
1 0.9558333333333334 0.6741854636591478 0.085 0.17042606516290726
