1 0.0525 0.7133333333333334 0.095 0.15333333333333335
1 0.14 0.68 0.075 0.10666666666666667
1 0.195 0.7833333333333334 0.12 0.19333333333333336
1 0.2425 0.68 0.06 0.08
1 0.2975 0.6900000000000001 0.09 0.14
1 0.28875 0.625 0.0625 0.08333333333333334
1 0.36125 0.6883333333333334 0.0725 0.11666666666666667
1 0.38125000000000003 0.64 0.0625 0.08
1 0.435 0.635 0.055 0.08333333333333334
1 0.40875 0.43500000000000005 0.0375 0.07
1 0.5025000000000001 0.8300000000000001 0.21 0.2866666666666667
1 0.55 0.665 0.1 0.14333333333333334
1 0.77 0.6900000000000001 0.09 0.14
1 0.77625 0.6266666666666667 0.0625 0.08666666666666667
1 0.9175 0.8383333333333334 0.165 0.21000000000000002
1 0.9087500000000001 0.6900000000000001 0.0625 0.07333333333333333
1 0.97375 0.6983333333333334 0.0475 0.10333333333333335
