1 0.06991720331186753 0.4214876033057851 0.04415823367065318 0.08925619834710743
1 0.2575896964121435 0.2793388429752066 0.01655933762649494 0.03305785123966942
1 0.2948482060717571 0.25206611570247933 0.015639374425023 0.03471074380165289
1 0.30220791168353267 0.2636363636363636 0.017479300827966882 0.03801652892561983
1 0.3362465501379945 0.27851239669421485 0.019319227230910764 0.04132231404958678
1 0.3307267709291628 0.25206611570247933 0.021159153633854646 0.04462809917355372
1 0.31922723091076355 0.2206611570247934 0.012879484820607176 0.03471074380165289
1 0.34498620055197793 0.21983471074380165 0.01655933762649494 0.02975206611570248
1 0.3528058877644894 0.23553719008264462 0.015639374425023 0.03140495867768595
1 0.3739650413983441 0.22975206611570248 0.019319227230910764 0.02975206611570248
1 0.38638454461821525 0.19917355371900827 0.01839926402943882 0.03471074380165289
1 0.4153633854645814 0.2190082644628099 0.015639374425023 0.03471074380165289
1 0.4245630174793008 0.271900826446281 0.03035878564857406 0.05785123966942149
1 0.4650413983440662 0.24380165289256198 0.019319227230910764 0.04462809917355372
1 0.44434222631094755 0.2231404958677686 0.014719411223551058 0.04297520661157025
1 0.4093836246550138 0.17024793388429751 0.014719411223551058 0.023140495867768594
1 0.4199632014719411 0.1884297520661157 0.015639374425023 0.026446280991735537
1 0.45170193192272307 0.16859504132231404 0.012879484820607176 0.03305785123966942
1 0.46090156393744247 0.19256198347107437 0.020239190432382703 0.04132231404958678
1 0.48114075436982523 0.19999999999999998 0.01655933762649494 0.03636363636363636
1 0.47470101195952163 0.1677685950413223 0.014719411223551058 0.03471074380165289
1 0.44802207911683534 0.14958677685950414 0.012879484820607176 0.028099173553719006
1 0.46366145354185834 0.15537190082644628 0.012879484820607176 0.02975206611570248
1 0.4834406623735051 0.1322314049586777 0.013799448022079117 0.026446280991735537
1 0.5211591536338547 0.16859504132231404 0.013799448022079117 0.04297520661157025
1 0.5193192272309107 0.14132231404958678 0.013799448022079117 0.028099173553719006
1 0.5243790248390064 0.13305785123966943 0.012879484820607176 0.03140495867768595
1 0.5377184912603495 0.19008264462809918 0.019319227230910764 0.04297520661157025
1 0.531278748850046 0.17024793388429751 0.015639374425023 0.03305785123966942
1 0.547838086476541 0.13801652892561983 0.011959521619135235 0.028099173553719006
1 0.5547378104875805 0.11818181818181818 0.012879484820607176 0.028099173553719006
1 0.5685372585096596 0.14628099173553719 0.014719411223551058 0.03471074380165289
1 0.5634774609015639 0.17272727272727273 0.017479300827966882 0.03471074380165289
1 0.5818767249310027 0.11570247933884298 0.011959521619135235 0.023140495867768594
1 0.5850965961361545 0.09999999999999999 0.012879484820607176 0.024793388429752067
1 0.6200551977920883 0.09752066115702479 0.011039558417663294 0.01652892561983471
1 0.6182152713891444 0.11900826446280992 0.011039558417663294 0.023140495867768594
1 0.6320147194112236 0.128099173553719 0.011039558417663294 0.03140495867768595
1 0.6425942962281509 0.09917355371900827 0.00827966881324747 0.026446280991735537
1 0.6163753449862005 0.1446280991735537 0.014719411223551058 0.03140495867768595
1 0.5947562097516099 0.20743801652892563 0.019319227230910764 0.03801652892561983
1 0.562557497700092 0.23636363636363636 0.021159153633854646 0.0396694214876033
1 0.5556577736890524 0.28512396694214875 0.02207911683532659 0.04793388429752066
1 0.4862005519779209 0.29504132231404956 0.02483900643974241 0.04793388429752066
1 0.579116835326587 0.3520661157024793 0.03035878564857406 0.05619834710743801
1 0.6048758049678012 0.26198347107438014 0.03035878564857406 0.05785123966942149
1 0.6471941122355106 0.22231404958677686 0.022999080036798528 0.03801652892561983
1 0.6425942962281509 0.18099173553719008 0.019319227230910764 0.03471074380165289
1 0.6536338546458141 0.2636363636363636 0.022999080036798528 0.05454545454545454
1 0.6632934682612696 0.36198347107438017 0.03311867525298988 0.06611570247933884
1 0.6977920883164673 0.28677685950413223 0.028518859245630173 0.05454545454545454
1 0.6895124195032198 0.2239669421487603 0.021159153633854646 0.04462809917355372
1 0.7005519779208832 0.18512396694214875 0.017479300827966882 0.0396694214876033
1 0.6835326586936522 0.14958677685950414 0.01655933762649494 0.04462809917355372
1 0.6655933762649494 0.12396694214876033 0.019319227230910764 0.02975206611570248
1 0.6743330266789328 0.1140495867768595 0.014719411223551058 0.026446280991735537
1 0.7194112235510579 0.1371900826446281 0.012879484820607176 0.03305785123966942
1 0.734590616375345 0.12727272727272726 0.013799448022079117 0.0396694214876033
1 0.7419503219871205 0.11570247933884298 0.010119595216191352 0.026446280991735537
1 0.7603495860165593 0.1322314049586777 0.015639374425023 0.03305785123966942
1 0.7700091996320148 0.12644628099173552 0.011039558417663294 0.03140495867768595
1 0.7865685372585096 0.1396694214876033 0.011039558417663294 0.028099173553719006
1 0.7355105795768169 0.17024793388429751 0.013799448022079117 0.03636363636363636
1 0.7286108555657773 0.19669421487603306 0.01839926402943882 0.04297520661157025
1 0.749770009199632 0.2256198347107438 0.02391904323827047 0.0512396694214876
1 0.7520699172033118 0.17355371900826447 0.017479300827966882 0.03305785123966942
1 0.7907083716651334 0.17603305785123965 0.019319227230910764 0.03140495867768595
1 0.8045078196872125 0.16611570247933885 0.013799448022079117 0.03471074380165289
1 0.7994480220791168 0.13884297520661157 0.012879484820607176 0.026446280991735537
1 0.827046918123275 0.14545454545454545 0.01655933762649494 0.02975206611570248
1 0.8505059797608095 0.12644628099173552 0.015639374425023 0.028099173553719006
1 0.8537258509659613 0.1652892561983471 0.014719411223551058 0.02975206611570248
1 0.8357865685372585 0.16694214876033056 0.013799448022079117 0.026446280991735537
1 0.8311867525298988 0.1859504132231405 0.017479300827966882 0.03471074380165289
1 0.8574057037718491 0.22975206611570248 0.01655933762649494 0.049586776859504134
1 0.8804047838086476 0.19173553719008263 0.01655933762649494 0.03636363636363636
1 0.8877644894204232 0.13471074380165288 0.011039558417663294 0.03471074380165289
1 0.8868445262189513 0.16694214876033056 0.011039558417663294 0.023140495867768594
1 0.9139834406623735 0.1578512396694215 0.010119595216191352 0.024793388429752067
1 0.9103035878564857 0.1768595041322314 0.013799448022079117 0.03305785123966942
1 0.9139834406623735 0.19669421487603306 0.015639374425023 0.03305785123966942
1 0.9116835326586936 0.2735537190082645 0.020239190432382703 0.04793388429752066
1 0.8091076356945722 0.2421487603305785 0.02483900643974241 0.0512396694214876
1 0.7769089236430543 0.28429752066115704 0.02483900643974241 0.05289256198347107
