1 0.04852824184566428 0.3898186889818689 0.023866348448687354 0.05718270571827057
1 0.2871917263325378 0.2719665271966527 0.017501988862370726 0.04184100418410042
1 0.317024661893397 0.27615062761506276 0.021479713603818618 0.03905160390516039
1 0.30787589498806683 0.23291492329149233 0.015910898965791568 0.030683403068340307
1 0.3436754176610979 0.2601115760111576 0.01909307875894988 0.040446304044630406
1 0.3456642800318218 0.3103207810320781 0.018297533810660304 0.040446304044630406
1 0.38464598249801113 0.29218967921896793 0.021479713603818618 0.043235704323570434
1 0.35043754972155927 0.22803347280334726 0.016706443914081145 0.03207810320781032
1 0.352824184566428 0.20920502092050208 0.01511535401750199 0.02789400278940028
1 0.37987271280827367 0.22873082287308227 0.018297533810660304 0.03626220362622036
1 0.40811455847255373 0.19525801952580193 0.015910898965791568 0.030683403068340307
1 0.42561654733492443 0.22733612273361226 0.01909307875894988 0.04184100418410042
1 0.4439140811455847 0.19316596931659694 0.012728719172633254 0.03207810320781032
1 0.4630071599045346 0.23430962343096234 0.017501988862370726 0.04184100418410042
1 0.43874303898170247 0.17782426778242677 0.016706443914081145 0.03765690376569038
1 0.449085123309467 0.15341701534170152 0.01511535401750199 0.02789400278940028
1 0.46857597454256167 0.14574616457461645 0.014319809069212411 0.029288702928870293
1 0.46857597454256167 0.1694560669456067 0.014319809069212411 0.026499302649930265
1 0.5051710421638823 0.13389121338912133 0.012728719172633254 0.02789400278940028
1 0.5111376292760541 0.16736401673640167 0.01511535401750199 0.03626220362622036
1 0.5051710421638823 0.18828451882845187 0.017501988862370726 0.03626220362622036
1 0.524661893396977 0.15760111576011157 0.011933174224343677 0.030683403068340307
1 0.5270485282418457 0.14086471408647142 0.01511535401750199 0.02789400278940028
1 0.5445505171042164 0.16596931659693165 0.01511535401750199 0.03347280334728033
1 0.5584725536992841 0.1422594142259414 0.014319809069212411 0.03347280334728033
1 0.5521081941129674 0.1317991631799163 0.012728719172633254 0.026499302649930265
1 0.5656324582338902 0.12412831241283123 0.012728719172633254 0.02789400278940028
1 0.5799522673031027 0.16387726638772662 0.012728719172633254 0.03207810320781032
1 0.5906921241050119 0.1694560669456067 0.01511535401750199 0.03765690376569038
1 0.5879077167859984 0.1387726638772664 0.015910898965791568 0.03486750348675035
1 0.5910898965791568 0.10599721059972106 0.014319809069212411 0.02510460251046025
1 0.6153540175019889 0.10739191073919108 0.011933174224343677 0.02510460251046025
1 0.6503579952267303 0.100418410041841 0.011933174224343677 0.02510460251046025
1 0.6125696101829754 0.1324965132496513 0.014319809069212411 0.02789400278940028
1 0.6408114558472554 0.14156206415620642 0.01511535401750199 0.03207810320781032
1 0.6618933969769292 0.13458856345885634 0.012728719172633254 0.029288702928870293
1 0.6587112171837709 0.10948396094839609 0.011137629276054098 0.026499302649930265
1 0.6865552903739062 0.11157601115760112 0.012728719172633254 0.02789400278940028
1 0.6149562450278441 0.2112970711297071 0.017501988862370726 0.043235704323570434
1 0.545346062052506 0.2914923291492329 0.027844073190135245 0.05578800557880056
1 0.5672235481304694 0.2545327754532775 0.020684168655529037 0.046025104602510455
1 0.6089896579156723 0.24965132496513248 0.023070803500397773 0.05299860529986053
1 0.5950676213206046 0.3298465829846583 0.03341288782816229 0.06276150627615062
1 0.6674622116149562 0.25732217573221755 0.027048528241845664 0.0599721059972106
1 0.6750198886237073 0.21687587168758715 0.01988862370723946 0.048814504881450484
1 0.6833731105807478 0.18898186889818688 0.017501988862370726 0.040446304044630406
1 0.7036595067621321 0.21827057182705717 0.021479713603818618 0.048814504881450484
1 0.7784407319013524 0.11785216178521618 0.013524264120922832 0.029288702928870293
1 0.8035003977724742 0.12412831241283123 0.012728719172633254 0.030683403068340307
1 0.8373110580747812 0.12691771269177127 0.011933174224343677 0.03347280334728033
1 0.8329355608591886 0.13598326359832635 0.014319809069212411 0.03207810320781032
1 0.8747016706443914 0.13389121338912133 0.011933174224343677 0.03347280334728033
1 0.8643595863166269 0.14644351464435146 0.013524264120922832 0.03347280334728033
1 0.9045346062052506 0.1401673640167364 0.012728719172633254 0.03765690376569038
1 0.8926014319809069 0.16108786610878661 0.014319809069212411 0.03207810320781032
1 0.9347653142402547 0.16387726638772662 0.014319809069212411 0.03765690376569038
1 0.8894192521877486 0.18479776847977683 0.015910898965791568 0.03207810320781032
1 0.9291964996022276 0.2105997210599721 0.017501988862370726 0.04184100418410042
1 0.9276054097056484 0.22733612273361226 0.017501988862370726 0.04184100418410042
1 0.8500397772474145 0.16248256624825663 0.013524264120922832 0.03486750348675035
1 0.8174224343675418 0.15411436541143653 0.01511535401750199 0.03486750348675035
1 0.7828162291169452 0.15481171548117154 0.014319809069212411 0.030683403068340307
1 0.771678599840891 0.14504881450488144 0.012728719172633254 0.03626220362622036
1 0.737867939538584 0.1422594142259414 0.01511535401750199 0.030683403068340307
1 0.7279236276849642 0.13598326359832635 0.012728719172633254 0.03207810320781032
1 0.7259347653142403 0.18270571827057183 0.018297533810660304 0.03905160390516039
1 0.7605409705648369 0.17782426778242677 0.01909307875894988 0.03765690376569038
1 0.801909307875895 0.18131101813110181 0.017501988862370726 0.03905160390516039
1 0.7382657120127287 0.2308228730822873 0.023866348448687354 0.05439330543933054
1 0.7728719172633254 0.26638772663877264 0.02466189339697693 0.05578800557880056
1 0.8110580747812252 0.24965132496513248 0.01988862370723946 0.04741980474198047
1 0.7740652346857598 0.21548117154811713 0.01909307875894988 0.046025104602510455
1 0.8237867939538585 0.21408647140864714 0.016706443914081145 0.043235704323570434
1 0.8544152744630072 0.2419804741980474 0.020684168655529037 0.046025104602510455
1 0.8261734287987271 0.3423988842398884 0.027844073190135245 0.07391910739191074
1 0.8333333333333334 0.300557880055788 0.026252983293556086 0.06276150627615062
1 0.8731105807478123 0.22384937238493724 0.01988862370723946 0.048814504881450484
1 0.9073190135242641 0.30683403068340304 0.023070803500397773 0.058577405857740586
1 0.8838504375497216 0.4316596931659693 0.03023070803500398 0.07670850767085076
1 0.7175815433571997 0.15829846582984658 0.014319809069212411 0.03486750348675035
