1 0.12109375 0.8108723958333333 0.1142578125 0.16731770833333331
1 0.076416015625 0.5764973958333333 0.06689453125 0.11263020833333333
1 0.037109375 0.49283854166666663 0.0400390625 0.06770833333333333
1 0.08154296875 0.4964192708333333 0.0380859375 0.059244791666666664
1 0.15087890625 0.4833984375 0.033203125 0.041015625
1 0.1689453125 0.45475260416666663 0.025390625 0.031901041666666664
1 0.208984375 0.4443359375 0.025390625 0.030598958333333332
1 0.214111328125 0.505859375 0.05126953125 0.06770833333333333
1 0.205810546875 0.5983072916666666 0.08837890625 0.12109375
1 0.255859375 0.5133463541666666 0.0380859375 0.055338541666666664
1 0.297119140625 0.5123697916666666 0.03857421875 0.04296875
1 0.321044921875 0.4716796875 0.02783203125 0.035807291666666664
1 0.291748046875 0.4619140625 0.02001953125 0.03450520833333333
1 0.264892578125 0.4690755208333333 0.02783203125 0.031901041666666664
1 0.363037109375 0.5621744791666666 0.05322265625 0.072265625
1 0.369873046875 0.5123697916666666 0.03857421875 0.049479166666666664
1 0.3671875 0.4661458333333333 0.0224609375 0.03125
1 0.408447265625 0.4749348958333333 0.02783203125 0.035807291666666664
1 0.427490234375 0.46061197916666663 0.01806640625 0.031901041666666664
1 0.448486328125 0.548828125 0.05126953125 0.078125
1 0.4873046875 0.6204427083333333 0.09375 0.13151041666666666
1 0.4892578125 0.5133463541666666 0.03515625 0.059244791666666664
1 0.454833984375 0.5003255208333333 0.03369140625 0.047526041666666664
1 0.4736328125 0.466796875 0.0244140625 0.037760416666666664
1 0.596435546875 0.5462239583333333 0.04052734375 0.05208333333333333
1 0.630859375 0.5745442708333333 0.068359375 0.07877604166666666
1 0.71923828125 0.6409505208333333 0.0927734375 0.12825520833333331
1 0.7548828125 0.5237630208333333 0.0556640625 0.076171875
1 0.703857421875 0.5279947916666666 0.03466796875 0.05859375
1 0.69482421875 0.47265625 0.0302734375 0.04427083333333333
1 0.660888671875 0.47916666666666663 0.03466796875 0.0390625
1 0.6318359375 0.48600260416666663 0.0224609375 0.03841145833333333
1 0.614013671875 0.4768880208333333 0.02197265625 0.035807291666666664
1 0.583984375 0.4833984375 0.0234375 0.033203125
1 0.53662109375 0.4602864583333333 0.0263671875 0.03515625
1 0.552734375 0.47330729166666663 0.0224609375 0.03125
1 0.57421875 0.4501953125 0.0263671875 0.041015625
1 0.837646484375 0.5618489583333333 0.06494140625 0.08984375
1 0.815185546875 0.5172526041666666 0.03173828125 0.06315104166666666
1 0.923828125 0.6722005208333333 0.123046875 0.19466145833333331
1 0.9814453125 0.5520833333333333 0.037109375 0.11067708333333333
1 0.861083984375 0.5338541666666666 0.05029296875 0.078125
