0 0.4581818181818182 0.15636363636363637 0.04727272727272727 0.11272727272727273
0 0.51 0.21363636363636362 0.03272727272727273 0.09636363636363636
0 0.5436363636363636 0.18454545454545454 0.04909090909090909 0.13636363636363635
0 0.5886363636363636 0.4527272727272727 0.06818181818181818 0.18545454545454546
0 0.6045454545454545 0.19363636363636363 0.04 0.11818181818181818
0 0.6459090909090909 0.17 0.06272727272727273 0.1509090909090909
0 0.7318181818181818 0.06454545454545454 0.06363636363636363 0.12181818181818181
0 0.7809090909090909 0.09727272727272727 0.04727272727272727 0.11818181818181818
0 0.86 0.35818181818181816 0.09090909090909091 0.2109090909090909
0 0.8690909090909091 0.12454545454545454 0.045454545454545456 0.14363636363636365
0 0.9459090909090909 0.10636363636363637 0.10818181818181818 0.20909090909090908
0 0.4090909090909091 0.39 0.025454545454545455 0.07090909090909091
0 0.3490909090909091 0.0809090909090909 0.045454545454545456 0.12181818181818181
0 0.2459090909090909 0.1918181818181818 0.046363636363636364 0.11454545454545455
0 0.15636363636363637 0.20545454545454545 0.04727272727272727 0.11272727272727273
0 0.09272727272727273 0.16363636363636364 0.05272727272727273 0.11272727272727273
