1 0.12031782065834279 0.39839034205231394 0.05221339387060159 0.09657947686116701
1 0.2797956867196368 0.23038229376257546 0.02383654937570942 0.03822937625754527
1 0.30533484676503975 0.2233400402414487 0.018161180476730987 0.028169014084507046
1 0.31441543700340524 0.22937625754527166 0.01362088535754824 0.03219315895372234
1 0.33598183881952326 0.20020120724346077 0.018161180476730987 0.03822937625754527
1 0.35300794551645853 0.2233400402414487 0.02043132803632236 0.04024144869215292
1 0.35925085130533485 0.24748490945674045 0.021566401816118047 0.044265593561368215
1 0.3615209988649262 0.19517102615694168 0.0170261066969353 0.03621730382293763
1 0.3836549375709421 0.21730382293762576 0.015891032917139614 0.03219315895372234
1 0.37911464245175935 0.17002012072434608 0.01362088535754824 0.026156941649899398
1 0.4103291713961407 0.24144869215291753 0.019296254256526674 0.04024144869215292
1 0.40238365493757094 0.17404426559356137 0.014755959137343927 0.03018108651911469
1 0.4199772985244041 0.15895372233400404 0.011350737797956867 0.024144869215291753
1 0.43530079455164583 0.16096579476861167 0.012485811577752554 0.024144869215291753
1 0.416572077185017 0.2012072434607646 0.015891032917139614 0.03219315895372234
1 0.43303064699205446 0.2012072434607646 0.012485811577752554 0.03621730382293763
1 0.4443813847900113 0.18913480885311873 0.012485811577752554 0.028169014084507046
1 0.4449489216799092 0.24245472837022136 0.02043132803632236 0.04225352112676057
1 0.47105561861520995 0.19919517102615697 0.02043132803632236 0.03621730382293763
1 0.4750283768444949 0.1921529175050302 0.021566401816118047 0.03018108651911469
1 0.4755959137343927 0.15593561368209258 0.01362088535754824 0.03018108651911469
1 0.48524404086265605 0.147887323943662 0.012485811577752554 0.022132796780684107
1 0.4937570942111237 0.16096579476861167 0.011350737797956867 0.03621730382293763
1 0.49829738933030643 0.1267605633802817 0.009080590238365494 0.024144869215291753
1 0.5056753688989785 0.1519114688128773 0.014755959137343927 0.03018108651911469
1 0.52894438138479 0.12877263581488935 0.01362088535754824 0.024144869215291753
1 0.543132803632236 0.1358148893360161 0.012485811577752554 0.026156941649899398
1 0.5567536889897843 0.1317907444668008 0.012485811577752554 0.026156941649899398
1 0.5686719636776391 0.13682092555331993 0.01362088535754824 0.03219315895372234
1 0.5374574347332577 0.1659959758551308 0.0170261066969353 0.03018108651911469
1 0.5238365493757094 0.18108651911468815 0.019296254256526674 0.03621730382293763
1 0.5550510783200908 0.1881287726358149 0.018161180476730987 0.03822937625754527
1 0.5703745743473325 0.16800804828973845 0.014755959137343927 0.03420523138832998
1 0.5845629965947786 0.17706237424547286 0.015891032917139614 0.03621730382293763
1 0.5936435868331441 0.16800804828973845 0.01362088535754824 0.026156941649899398
1 0.6021566401816117 0.11770623742454729 0.01021566401816118 0.026156941649899398
1 0.6089670828603859 0.1398390342052314 0.014755959137343927 0.026156941649899398
1 0.6305334846765039 0.15492957746478875 0.014755959137343927 0.03219315895372234
1 0.626560726447219 0.13682092555331993 0.01362088535754824 0.024144869215291753
1 0.6333711691259931 0.11569416498993965 0.011350737797956867 0.022132796780684107
1 0.6572077185017026 0.11468812877263583 0.011350737797956867 0.028169014084507046
1 0.6549375709421112 0.14989939637826963 0.015891032917139614 0.03018108651911469
1 0.6566401816118047 0.22233400402414488 0.019296254256526674 0.05030181086519115
1 0.6543700340522134 0.1881287726358149 0.0170261066969353 0.04225352112676057
1 0.5930760499432463 0.23340040241448695 0.019296254256526674 0.048289738430583505
1 0.6367763904653803 0.24547283702213282 0.022701475595913734 0.048289738430583505
1 0.6759364358683314 0.11267605633802819 0.007945516458569807 0.02012072434607646
1 0.699205448354143 0.1267605633802817 0.011350737797956867 0.028169014084507046
1 0.6782065834279228 0.13682092555331993 0.014755959137343927 0.028169014084507046
1 0.6861520998864926 0.22837022132796783 0.0170261066969353 0.04225352112676057
1 0.6804767309875142 0.2625754527162978 0.019296254256526674 0.05030181086519115
1 0.7128263337116912 0.32494969818913483 0.02724177071509648 0.06237424547283703
1 0.7610669693530079 0.35513078470824955 0.02383654937570942 0.06639839034205232
1 0.7133938706015891 0.24144869215291753 0.019296254256526674 0.044265593561368215
1 0.7304199772985244 0.147887323943662 0.014755959137343927 0.03018108651911469
1 0.7009080590238366 0.18008048289738432 0.019296254256526674 0.04627766599597586
1 0.7451759364358683 0.18712273641851107 0.0170261066969353 0.03219315895372234
1 0.7559591373439274 0.13279678068410464 0.011350737797956867 0.028169014084507046
1 0.7690124858115778 0.12977867203219318 0.01021566401816118 0.026156941649899398
1 0.7866061293984109 0.14386317907444668 0.01362088535754824 0.026156941649899398
1 0.8036322360953462 0.13682092555331993 0.011350737797956867 0.028169014084507046
1 0.7956867196367764 0.1710261569416499 0.01362088535754824 0.03219315895372234
1 0.800794551645857 0.20724346076458755 0.0170261066969353 0.04024144869215292
1 0.7673098751418842 0.2364185110663984 0.02043132803632236 0.04627766599597586
1 0.793416572077185 0.2987927565392354 0.02724177071509648 0.06237424547283703
1 0.8206583427922814 0.13682092555331993 0.011350737797956867 0.024144869215291753
1 0.8422247446083995 0.15392354124748492 0.011350737797956867 0.026156941649899398
1 0.858683314415437 0.1519114688128773 0.01021566401816118 0.03018108651911469
1 0.8286038592508513 0.17706237424547286 0.01362088535754824 0.04024144869215292
1 0.8229284903518729 0.20020120724346077 0.015891032917139614 0.03420523138832998
1 0.8473325766174801 0.22937625754527166 0.0170261066969353 0.044265593561368215
1 0.8286038592508513 0.25150905432595577 0.022701475595913734 0.048289738430583505
1 0.9080590238365494 0.15895372233400404 0.01362088535754824 0.028169014084507046
1 0.8671963677639046 0.18511066398390344 0.015891032917139614 0.03621730382293763
1 0.9052213393870602 0.18511066398390344 0.014755959137343927 0.028169014084507046
1 0.9415437003405221 0.18309859154929578 0.014755959137343927 0.028169014084507046
1 0.934733257661748 0.19617706237424548 0.0170261066969353 0.026156941649899398
1 0.9375709421112373 0.2142857142857143 0.01362088535754824 0.03420523138832998
1 0.9267877412031782 0.24245472837022136 0.014755959137343927 0.03822937625754527
1 0.9301929625425652 0.272635814889336 0.0170261066969353 0.04627766599597586
1 0.9040862656072645 0.22635814889336017 0.014755959137343927 0.04225352112676057
1 0.9046538024971623 0.2012072434607646 0.01362088535754824 0.03621730382293763
1 0.8938706015891033 0.23843058350100604 0.019296254256526674 0.04225352112676057
1 0.9080590238365494 0.33400402414486924 0.024971623155505107 0.06438631790744467
