1 0.1705897568546301 0.1956943366951125 0.25219865494050697 0.3859581070597362
1 0.2778065183652354 0.228277734678045 0.07553026383859286 0.16951124903025602
1 0.3939472322814278 0.33533747090768035 0.06156233833419555 0.14468580294802172
1 0.4480082772891878 0.39856477889837083 0.09156751163993791 0.17494181536074477
1 0.3555354371443352 0.5527540729247479 0.12855664769787895 0.22963537626066718
1 0.4672788411795137 0.27443754848719937 0.07113295395757889 0.14235841737781227
1 0.6508018623900672 0.3110938712179984 0.0775995861355406 0.15283165244375485
1 0.7242628039317124 0.4039953452288596 0.10967408173823073 0.16873545384018618
1 0.639679255043973 0.58688906128782 0.11691670977754785 0.2094647013188518
1 0.6809363683393689 0.19666408068269978 0.07630625969994827 0.1404189294026377
1 0.8836006207966891 0.3665632273079907 0.09311950336264874 0.18231186966640806
1 0.9677961717537507 0.5325833979829325 0.0644076564924987 0.2273079906904577
1 0.85980341438179 0.27851047323506595 0.09311950336264874 0.19937936384794414
