0 0.14880201765447668 0.2222222222222222 0.17906683480453972 0.30666666666666664
0 0.3209331651954603 0.2088888888888889 0.11223203026481715 0.23555555555555555
0 0.3669609079445145 0.19 0.0807061790668348 0.19777777777777777
0 0.4224464060529634 0.2611111111111111 0.07313997477931904 0.16666666666666666
0 0.5271122320302648 0.22111111111111112 0.07061790668348045 0.16666666666666666
0 0.6172761664564943 0.21777777777777776 0.05926860025220681 0.15555555555555556
0 0.7320302648171501 0.20222222222222222 0.05422446406052964 0.13777777777777778
0 0.8757881462799496 0.2722222222222222 0.05674653215636822 0.12222222222222222
1 0.7843631778058008 0.26 0.04791929382093316 0.1111111111111111
1 0.9741488020176545 0.24555555555555555 0.04665825977301387 0.15333333333333332
1 0.9464060529634301 0.24444444444444444 0.034047919293820936 0.09333333333333334
1 0.9161412358133669 0.27111111111111114 0.01639344262295082 0.044444444444444446
1 0.5781841109709962 0.25666666666666665 0.013871374527112231 0.03333333333333333
1 0.48991172761664564 0.24555555555555555 0.031525851197982346 0.09111111111111111
1 0.2566204287515763 0.24333333333333335 0.013871374527112231 0.028888888888888888
1 0.03720050441361917 0.21444444444444444 0.018915510718789406 0.03777777777777778
1 0.048549810844892814 0.20444444444444446 0.01639344262295082 0.035555555555555556
