1 0.13952380952380952 0.2929883138564274 0.021904761904761906 0.041736227045075125
1 0.3838095238095238 0.2295492487479132 0.030476190476190476 0.05509181969949917
1 0.4180952380952381 0.1969949916527546 0.02095238095238095 0.03672787979966611
1 0.4419047619047619 0.25375626043405675 0.024761904761904763 0.04674457429048414
1 0.4076190476190476 0.333889816360601 0.02857142857142857 0.06010016694490818
1 0.46714285714285714 0.2262103505843072 0.029523809523809525 0.045075125208681135
1 0.49333333333333335 0.18948247078464106 0.02095238095238095 0.041736227045075125
1 0.5123809523809524 0.18280467445742907 0.02095238095238095 0.041736227045075125
1 0.5033333333333333 0.15108514190317196 0.01619047619047619 0.035058430717863104
1 0.5052380952380953 0.2879799666110184 0.023809523809523808 0.05175292153589316
1 0.6461904761904762 0.24290484140233723 0.025714285714285714 0.048414023372287146
1 0.5876190476190476 0.13939899833055092 0.01904761904761905 0.038397328881469114
1 0.7128571428571429 0.18447412353923207 0.02 0.038397328881469114
