1 0.11256038647342995 0.2620274914089347 0.01642512077294686 0.029209621993127148
1 0.19468599033816425 0.44072164948453607 0.03768115942028986 0.07731958762886598
1 0.34106280193236715 0.24914089347079038 0.017391304347826087 0.03436426116838488
1 0.3429951690821256 0.2156357388316151 0.015458937198067632 0.029209621993127148
1 0.3917874396135266 0.1950171821305842 0.014492753623188406 0.03264604810996564
1 0.37681159420289856 0.2611683848797251 0.02318840579710145 0.03436426116838488
1 0.4077294685990338 0.2766323024054983 0.017391304347826087 0.037800687285223365
1 0.41352657004830917 0.24054982817869416 0.015458937198067632 0.030927835051546393
1 0.4473429951690821 0.2001718213058419 0.013526570048309178 0.029209621993127148
1 0.48792270531400966 0.21735395189003437 0.01932367149758454 0.0429553264604811
1 0.4801932367149758 0.16323024054982818 0.013526570048309178 0.027491408934707903
1 0.4628019323671497 0.140893470790378 0.011594202898550725 0.020618556701030927
1 0.5019323671497584 0.12972508591065293 0.008695652173913044 0.018900343642611683
1 0.5217391304347826 0.1331615120274914 0.011594202898550725 0.022336769759450172
1 0.5130434782608696 0.179553264604811 0.013526570048309178 0.03264604810996564
1 0.5410628019323671 0.20532646048109965 0.017391304347826087 0.03264604810996564
1 0.5826086956521739 0.19415807560137457 0.017391304347826087 0.024054982817869414
1 0.6198067632850242 0.13487972508591065 0.012560386473429951 0.02577319587628866
1 0.6057971014492753 0.13917525773195877 0.011594202898550725 0.027491408934707903
1 0.5671497584541063 0.13144329896907217 0.013526570048309178 0.02577319587628866
1 0.5492753623188406 0.11683848797250859 0.012560386473429951 0.024054982817869414
1 0.5700483091787439 0.2542955326460481 0.015458937198067632 0.044673539518900345
1 0.6381642512077295 0.25171821305841924 0.020289855072463767 0.03951890034364261
1 0.6434782608695652 0.20876288659793815 0.017391304347826087 0.03264604810996564
1 0.659903381642512 0.1950171821305842 0.015458937198067632 0.03264604810996564
1 0.6623188405797101 0.2663230240549828 0.020289855072463767 0.044673539518900345
1 0.7140096618357488 0.2259450171821306 0.017391304347826087 0.03951890034364261
1 0.7014492753623188 0.20532646048109965 0.011594202898550725 0.03264604810996564
1 0.7318840579710145 0.15120274914089346 0.012560386473429951 0.027491408934707903
1 0.748792270531401 0.26890034364261167 0.01932367149758454 0.04982817869415807
1 0.8144927536231884 0.3075601374570447 0.017391304347826087 0.04810996563573883
1 0.8454106280193237 0.3247422680412371 0.021256038647342993 0.044673539518900345
1 0.8333333333333333 0.23797250859106528 0.014492753623188406 0.029209621993127148
1 0.8632850241545893 0.27835051546391754 0.01642512077294686 0.041237113402061855
1 0.9120772946859903 0.35051546391752575 0.021256038647342993 0.06529209621993128
1 0.9280193236714975 0.3084192439862543 0.01642512077294686 0.03951890034364261
1 0.9270531400966183 0.2422680412371134 0.012560386473429951 0.027491408934707903
1 0.9289855072463767 0.2852233676975945 0.018357487922705314 0.03436426116838488
1 0.8855072463768116 0.21993127147766323 0.012560386473429951 0.037800687285223365
1 0.8415458937198067 0.20103092783505155 0.015458937198067632 0.03436426116838488
1 0.8280193236714976 0.18298969072164947 0.011594202898550725 0.03264604810996564
