1 0.4324586977648202 0.12784588441331 0.013605442176870748 0.028021015761821366
1 0.5276967930029154 0.19001751313485113 0.019436345966958212 0.03677758318739054
1 0.5267249757045676 0.2819614711033275 0.021379980563654033 0.05253940455341506
1 0.6190476190476191 0.2040280210157618 0.01749271137026239 0.043782837127845885
1 0.6758989310009718 0.13134851138353765 0.0184645286686103 0.03502626970227671
1 0.7356656948493683 0.14886164623467601 0.015549076773566569 0.03502626970227671
1 0.6690962099125364 0.2478108581436077 0.02235179786200194 0.047285464098073555
1 0.738581146744412 0.28371278458844135 0.027210884353741496 0.05604203152364273
1 0.7434402332361516 0.3274956217162872 0.029154518950437316 0.05604203152364273
1 0.7750242954324587 0.24080560420315236 0.02040816326530612 0.05779334500875657
1 0.8129251700680271 0.2513134851138354 0.02040816326530612 0.0542907180385289
1 0.8445092322643343 0.2565674255691769 0.023323615160349854 0.047285464098073555
1 0.804178814382896 0.38966725043782835 0.024295432458697763 0.06830122591943957
1 0.9018464528668609 0.4246935201401051 0.025267249757045675 0.06129597197898424
