1 0.07083333333333333 0.5401002506265664 0.06166666666666667 0.09273182957393483
1 0.12000000000000001 0.56265664160401 0.06666666666666667 0.09774436090225563
1 0.17500000000000002 0.4548872180451128 0.05333333333333334 0.08270676691729323
1 0.24333333333333335 0.47368421052631576 0.05333333333333334 0.06015037593984962
1 0.24416666666666667 0.21804511278195488 0.05166666666666667 0.07017543859649122
1 0.3175 0.6265664160401002 0.06833333333333334 0.10526315789473684
1 0.26916666666666667 0.7568922305764411 0.09833333333333334 0.15538847117794485
1 0.4525 0.7543859649122806 0.09166666666666667 0.15037593984962405
1 0.49583333333333335 0.5488721804511278 0.06166666666666667 0.10025062656641603
1 0.49333333333333335 0.47368421052631576 0.05 0.08020050125313283
1 0.4741666666666667 0.4348370927318296 0.04833333333333334 0.06766917293233082
1 0.4083333333333334 0.49874686716791977 0.060000000000000005 0.08521303258145363
1 0.39333333333333337 0.4423558897243107 0.043333333333333335 0.06265664160401002
1 0.7050000000000001 0.474937343358396 0.05666666666666667 0.10776942355889724
1 0.7100000000000001 0.42355889724310775 0.05 0.08020050125313283
1 0.7641666666666667 0.5789473684210527 0.07833333333333334 0.12030075187969924
1 0.8300000000000001 0.6992481203007519 0.12000000000000001 0.15538847117794485
1 0.9191666666666667 0.5175438596491228 0.08166666666666667 0.12781954887218044
1 0.8341666666666667 0.47619047619047616 0.07166666666666667 0.10526315789473684
1 0.8008333333333334 0.40476190476190477 0.055 0.08270676691729323
