1 0.11998456790123456 0.6121926229508197 0.08179012345679013 0.09426229508196722
1 0.022762345679012343 0.5581454918032788 0.041666666666666664 0.07735655737704919
1 0.28684413580246915 0.570952868852459 0.03279320987654321 0.04047131147540984
1 0.35455246913580246 0.46951844262295084 0.03317901234567901 0.05584016393442623
1 0.3680555555555555 0.5970799180327869 0.0470679012345679 0.08043032786885246
1 0.3969907407407407 0.7633196721311476 0.19212962962962962 0.2561475409836066
1 0.4564043209876543 0.5878586065573771 0.043209876543209874 0.07428278688524591
1 0.4785879629629629 0.5783811475409837 0.03356481481481481 0.05327868852459017
1 0.5111882716049383 0.5881147540983607 0.04089506172839506 0.0584016393442623
1 0.6506558641975309 0.6370389344262295 0.05054012345679012 0.07428278688524591
1 0.726466049382716 0.6086065573770492 0.043209876543209874 0.06557377049180328
1 0.7127700617283951 0.5929815573770492 0.02816358024691358 0.04047131147540984
1 0.5978009259259259 0.515625 0.02507716049382716 0.04047131147540984
1 0.8099922839506173 0.6111680327868853 0.027391975308641972 0.04405737704918033
1 0.8238811728395061 0.5950307377049181 0.02662037037037037 0.038422131147540985
1 0.8423996913580246 0.6375512295081968 0.05131172839506173 0.07325819672131148
1 0.9189814814814814 0.6900614754098361 0.11651234567901234 0.1434426229508197
1 0.8730709876543209 0.6232069672131147 0.047839506172839504 0.06608606557377049
