1 0.07109375 0.5317348377997179 0.045312500000000006 0.08744710860366714
1 0.217578125 0.3547249647390691 0.022656250000000003 0.03808180535966149
1 0.25390625 0.3533145275035261 0.0234375 0.04936530324400564
1 0.279296875 0.37447108603667134 0.022656250000000003 0.04372355430183357
1 0.279296875 0.3145275035260931 0.017968750000000002 0.03385049365303244
1 0.32578125 0.37588152327221436 0.025 0.05218617771509168
1 0.3453125 0.33709449929478136 0.0171875 0.036671368124118475
1 0.346484375 0.3004231311706629 0.01953125 0.036671368124118475
1 0.37265625 0.3385049365303244 0.0171875 0.039492242595204514
1 0.39960937500000004 0.3441466854724965 0.022656250000000003 0.036671368124118475
1 0.43671875000000004 0.35754583921015515 0.021875000000000002 0.04090267983074753
1 0.42500000000000004 0.31805359661495064 0.0203125 0.04090267983074753
1 0.396484375 0.30535966149506344 0.017968750000000002 0.029619181946403384
1 0.38203125000000004 0.27926657263751764 0.0171875 0.031029619181946404
1 0.40937500000000004 0.2545839210155148 0.015625 0.029619181946403384
1 0.41953125 0.28067700987306066 0.015625 0.03385049365303244
1 0.448828125 0.3244005641748942 0.017968750000000002 0.036671368124118475
1 0.4859375 0.3314527503526093 0.021875000000000002 0.036671368124118475
1 0.43828125 0.2566995768688293 0.0125 0.031029619181946404
1 0.459765625 0.2757404795486601 0.014843750000000001 0.03526093088857546
1 0.45429687500000004 0.2468265162200282 0.013281250000000001 0.028208744710860365
1 0.482421875 0.26939351198871647 0.014843750000000001 0.028208744710860365
1 0.491796875 0.25811001410437234 0.013281250000000001 0.022566995768688293
1 0.507421875 0.27926657263751764 0.01640625 0.03385049365303244
1 0.525390625 0.2566995768688293 0.014843750000000001 0.03385049365303244
1 0.54453125 0.2242595204513399 0.010937500000000001 0.031029619181946404
1 0.5593750000000001 0.2249647390691114 0.0125 0.021156558533145273
1 0.553125 0.24753173483779972 0.0140625 0.02679830747531735
1 0.5578125 0.28913963328631875 0.0125 0.03385049365303244
1 0.551953125 0.27221438645980256 0.014843750000000001 0.02538787023977433
1 0.578125 0.23695345557122707 0.0140625 0.028208744710860365
1 0.59140625 0.21156558533145275 0.0171875 0.031029619181946404
1 0.60703125 0.2165021156558533 0.0140625 0.03244005641748942
1 0.630859375 0.22284908321579688 0.013281250000000001 0.028208744710860365
1 0.6101562500000001 0.2623413258110014 0.0171875 0.028208744710860365
1 0.64765625 0.23695345557122707 0.0140625 0.03385049365303244
1 0.6585937500000001 0.23483779971791255 0.0125 0.02679830747531735
1 0.6796875 0.2637517630465444 0.018750000000000003 0.036671368124118475
1 0.650390625 0.2743300423131171 0.017968750000000002 0.03244005641748942
1 0.609375 0.3032440056417489 0.0171875 0.036671368124118475
1 0.57578125 0.32722143864598024 0.021875000000000002 0.04231311706629055
1 0.543359375 0.3547249647390691 0.02109375 0.05218617771509168
1 0.52109375 0.4118476727785613 0.026562500000000003 0.05641748942172073
1 0.45039062500000004 0.41678420310296194 0.032031250000000004 0.05500705218617771
1 0.55625 0.4414668547249647 0.03125 0.07052186177715092
1 0.565625 0.42736248236953456 0.028125 0.0535966149506347
1 0.6097656250000001 0.4633286318758815 0.03515625 0.07475317348377997
1 0.6394531250000001 0.37447108603667134 0.02421875 0.060648801128349784
1 0.6625000000000001 0.35613540197461213 0.021875000000000002 0.05500705218617771
1 0.63046875 0.3420310296191819 0.0203125 0.04090267983074753
1 0.6703125000000001 0.2947813822284908 0.021875000000000002 0.036671368124118475
1 0.6941406250000001 0.2933709449929478 0.017968750000000002 0.04231311706629055
1 0.70625 0.26798307475317346 0.018750000000000003 0.04231311706629055
1 0.7156250000000001 0.25176304654442877 0.0140625 0.03244005641748942
1 0.7230468750000001 0.23554301833568406 0.014843750000000001 0.03385049365303244
1 0.7507812500000001 0.2383638928067701 0.015625 0.03385049365303244
1 0.7367187500000001 0.2919605077574048 0.0171875 0.036671368124118475
1 0.7125 0.4076163610719323 0.026562500000000003 0.05641748942172073
1 0.6804687500000001 0.5056417489421721 0.040625 0.08885754583921016
1 0.7609375 0.422425952045134 0.028125 0.060648801128349784
1 0.767578125 0.5303244005641748 0.039843750000000004 0.08744710860366714
1 0.8113281250000001 0.44569816643159377 0.030468750000000003 0.06488011283497884
1 0.8851562500000001 0.4076163610719323 0.025 0.0535966149506347
1 0.8714843750000001 0.47461212976022565 0.032031250000000004 0.07193229901269393
1 0.828125 0.3815232722143865 0.0234375 0.05218617771509168
1 0.775390625 0.38645980253878703 0.02421875 0.0535966149506347
1 0.792578125 0.35684062059238364 0.01953125 0.047954866008462625
1 0.7718750000000001 0.3152327221438646 0.0171875 0.0465444287729196
1 0.8113281250000001 0.3314527503526093 0.017968750000000002 0.039492242595204514
1 0.8289062500000001 0.2820874471086037 0.018750000000000003 0.03385049365303244
1 0.8078125 0.26586741889985893 0.0140625 0.03526093088857546
1 0.794140625 0.2834978843441467 0.01640625 0.03385049365303244
1 0.8343750000000001 0.25811001410437234 0.0171875 0.031029619181946404
1 0.8617187500000001 0.2940761636107193 0.0140625 0.03808180535966149
1 0.851171875 0.32792665726375175 0.014843750000000001 0.03526093088857546
1 0.84296875 0.3702397743300423 0.0171875 0.0465444287729196
1 0.8875000000000001 0.35966149506346967 0.0171875 0.04231311706629055
1 0.892578125 0.30677009873060646 0.01640625 0.04090267983074753
1 0.9015625 0.3321579689703808 0.021875000000000002 0.03526093088857546
1 0.89453125 0.2743300423131171 0.0125 0.03244005641748942
