1 0.9499602859412232 0.22324159021406728 0.012708498808578236 0.03669724770642202
1 0.983320095313741 0.2484709480122324 0.011119936457505957 0.04128440366972477
1 0.97736298649722 0.27675840978593275 0.011914217633042096 0.03669724770642202
1 0.9729944400317712 0.3103975535168196 0.012708498808578236 0.039755351681957186
1 0.9797458300238284 0.33868501529051986 0.015091342335186655 0.047400611620795105
1 0.9507545671167593 0.3562691131498471 0.019062748212867353 0.045871559633027525
1 0.9571088165210484 0.39755351681957185 0.02382843526608419 0.06422018348623854
1 0.8705321683876092 0.4908256880733945 0.03018268467037331 0.07339449541284404
1 0.8816521048451151 0.39908256880733944 0.022239872915011914 0.06422018348623854
1 0.9245432883240666 0.30198776758409784 0.015885623510722795 0.047400611620795105
1 0.9352660841938045 0.25076452599388377 0.015091342335186655 0.04281345565749235
1 0.9082605242255758 0.21559633027522937 0.013502779984114376 0.039755351681957186
1 0.9027005559968229 0.23776758409785934 0.015091342335186655 0.047400611620795105
1 0.892374900714853 0.2668195718654434 0.021445591739475772 0.04434250764525994
1 0.8713264495631453 0.22018348623853212 0.014297061159650515 0.03363914373088685
1 0.8820492454328832 0.22324159021406728 0.010325655281969817 0.03363914373088685
1 0.858220810166799 0.32951070336391436 0.019857029388403495 0.047400611620795105
1 0.81890389197776 0.2775229357798165 0.017474185861795076 0.047400611620795105
1 0.8220810166799046 0.19954128440366972 0.017474185861795076 0.0382262996941896
1 0.8145353455123113 0.231651376146789 0.015091342335186655 0.04434250764525994
1 0.8113582208101667 0.18577981651376146 0.015091342335186655 0.0290519877675841
1 0.7946783161239078 0.24694189602446484 0.016679904686258934 0.04434250764525994
1 0.7851469420174741 0.1636085626911315 0.013502779984114376 0.03669724770642202
1 0.7795869737887212 0.19648318042813456 0.016679904686258934 0.04434250764525994
1 0.7585385226370135 0.1834862385321101 0.014297061159650515 0.039755351681957186
1 0.7466243050039714 0.22247706422018348 0.015885623510722795 0.04434250764525994
1 0.7676727561556791 0.2637614678899083 0.016679904686258934 0.04434250764525994
1 0.7402700555996823 0.19418960244648317 0.015885623510722795 0.04281345565749235
1 0.6961874503574265 0.13149847094801223 0.013502779984114376 0.03363914373088685
1 0.7184273232724384 0.14678899082568808 0.013502779984114376 0.039755351681957186
1 0.7196187450357426 0.20336391437308868 0.014297061159650515 0.039755351681957186
1 0.7196187450357426 0.2492354740061162 0.019062748212867353 0.05504587155963303
1 0.6870532168387609 0.1536697247706422 0.015885623510722795 0.0382262996941896
1 0.636616362192216 0.12079510703363915 0.013502779984114376 0.03669724770642202
1 0.6501191421763304 0.13379204892966362 0.011914217633042096 0.03211009174311927
1 0.6544876886417792 0.17813455657492355 0.012708498808578236 0.035168195718654434
1 0.6612390786338364 0.23318042813455658 0.021445591739475772 0.05045871559633028
1 0.6223193010325655 0.15137614678899083 0.018268467037331215 0.03058103975535168
1 0.6016679904686258 0.12767584097859327 0.015091342335186655 0.0290519877675841
1 0.6127879269261318 0.1712538226299694 0.013502779984114376 0.03363914373088685
1 0.6183478951548848 0.1842507645259939 0.015091342335186655 0.0382262996941896
1 0.5774424146147736 0.13379204892966362 0.014297061159650515 0.035168195718654434
1 0.5587768069896744 0.13073394495412843 0.013502779984114376 0.03211009174311927
1 0.5575853852263701 0.1551987767584098 0.015885623510722795 0.035168195718654434
1 0.5305798252581414 0.14602446483180428 0.015885623510722795 0.0382262996941896
1 0.5837966640190627 0.18577981651376146 0.014297061159650515 0.0382262996941896
1 0.4996028594122319 0.14602446483180428 0.014297061159650515 0.03211009174311927
1 0.46306592533756946 0.1559633027522936 0.012708498808578236 0.03363914373088685
1 0.47021445591739475 0.16055045871559634 0.011119936457505957 0.03669724770642202
1 0.47934868943606035 0.1651376146788991 0.015091342335186655 0.03669724770642202
1 0.5023828435266083 0.1918960244648318 0.015091342335186655 0.0382262996941896
1 0.5313741064336774 0.21406727828746178 0.015885623510722795 0.04281345565749235
1 0.4896743447180302 0.2301223241590214 0.016679904686258934 0.047400611620795105
1 0.420571882446386 0.1620795107033639 0.011914217633042096 0.027522935779816515
1 0.4324861000794281 0.18654434250764526 0.015091342335186655 0.039755351681957186
1 0.3955520254169976 0.17813455657492355 0.015885623510722795 0.03211009174311927
1 0.3713264495631453 0.18730886850152906 0.016679904686258934 0.03211009174311927
1 0.32247815726767276 0.19724770642201836 0.017474185861795076 0.03058103975535168
1 0.3403494837172359 0.21330275229357798 0.016679904686258934 0.04128440366972477
1 0.358220810166799 0.20871559633027523 0.019062748212867353 0.0382262996941896
1 0.4062748212867355 0.2209480122324159 0.016679904686258934 0.04128440366972477
1 0.37013502779984114 0.2561162079510703 0.019062748212867353 0.04434250764525994
1 0.2625099285146942 0.2408256880733945 0.013502779984114376 0.04128440366972477
1 0.43923749007148527 0.2851681957186544 0.020651310563939634 0.053516819571865444
1 0.11715647339158061 0.5168195718654435 0.04686258935663225 0.10091743119266056
1 0.6223193010325655 0.27446483180428133 0.02621127879269261 0.05963302752293578
1 0.5611596505162827 0.31574923547400613 0.02779984114376489 0.053516819571865444
1 0.6072279586973789 0.35397553516819574 0.023034154090548053 0.05657492354740061
1 0.6624305003971406 0.37232415902140675 0.025416997617156472 0.053516819571865444
1 0.7303415409054805 0.37232415902140675 0.024622716441620333 0.06269113149847094
1 0.7930897537728355 0.41284403669724773 0.02779984114376489 0.08256880733944955
1 0.318109610802224 0.22477064220183487 0.016679904686258934 0.03363914373088685
