1 0.05514705882352941 0.8520971302428256 0.10441176470588236 0.26490066225165565
1 0.03602941176470588 0.3432671081677704 0.04852941176470588 0.0772626931567329
1 0.10882352941176471 0.3543046357615894 0.058823529411764705 0.09050772626931568
1 0.17573529411764705 0.6070640176600441 0.06323529411764706 0.10596026490066225
1 0.13161764705882353 0.32229580573951433 0.027941176470588233 0.04415011037527594
1 0.23823529411764705 0.33774834437086093 0.029411764705882353 0.03532008830022075
1 0.2676470588235294 0.3730684326710817 0.047058823529411764 0.08388520971302428
1 0.32426470588235295 0.40507726269315675 0.08088235294117647 0.12582781456953643
1 0.3911764705882353 0.34216335540838855 0.047058823529411764 0.07947019867549669
1 0.35073529411764703 0.3189845474613687 0.027941176470588233 0.04194260485651214
1 0.4235294117647059 0.3454746136865342 0.029411764705882353 0.05518763796909492
1 0.45588235294117646 0.3730684326710817 0.032352941176470584 0.04856512141280353
1 0.4875 0.31788079470198677 0.051470588235294115 0.09713024282560706
1 0.5375 0.3708609271523179 0.08970588235294118 0.15011037527593818
1 0.5926470588235294 0.3620309050772627 0.044117647058823525 0.0706401766004415
1 0.6242647058823529 0.3454746136865342 0.030882352941176472 0.05077262693156733
1 0.6463235294117647 0.3355408388520971 0.030882352941176472 0.039735099337748346
1 0.7102941176470589 0.3509933774834437 0.061764705882352944 0.09271523178807947
1 0.6338235294117647 0.31456953642384106 0.014705882352941176 0.033112582781456956
1 0.6647058823529411 0.7108167770419426 0.11470588235294117 0.20309050772626933
1 0.8073529411764706 0.2969094922737307 0.09705882352941177 0.1479028697571744
1 0.8941176470588235 0.33002207505518766 0.026470588235294117 0.05077262693156733
1 0.9779411764705882 0.3852097130242826 0.044117647058823525 0.11699779249448124
