1 0.028333333333333335 0.42625 0.04 0.0775
1 0.19583333333333336 0.46875 0.05166666666666667 0.0825
1 0.1991666666666667 0.44125000000000003 0.04166666666666667 0.0675
1 0.31333333333333335 0.435 0.07 0.115
1 0.35333333333333333 0.42375 0.03666666666666667 0.0675
1 0.4391666666666667 0.45375 0.04833333333333334 0.0775
1 0.44833333333333336 0.4275 0.030000000000000002 0.06
1 0.5141666666666667 0.43625 0.03833333333333334 0.0575
1 0.5575 0.45625 0.055 0.0825
1 0.6091666666666667 0.43875000000000003 0.035 0.0625
1 0.6958333333333334 0.46625 0.06166666666666667 0.10250000000000001
1 0.755 0.41500000000000004 0.07666666666666667 0.1
1 0.8533333333333334 0.48125 0.04 0.0725
1 0.9116666666666667 0.48625 0.030000000000000002 0.0575
1 0.9550000000000001 0.50125 0.04 0.0625
