1 0.47375 0.7033333333333334 0.1975 0.26
1 0.61125 0.5700000000000001 0.145 0.20333333333333334
1 0.755625 0.4625 0.12625 0.2016666666666667
1 0.850625 0.4316666666666667 0.09625 0.16
1 0.9075 0.39 0.08 0.13
1 0.9656250000000001 0.35750000000000004 0.06125 0.12166666666666667
1 0.134375 0.42833333333333334 0.10125 0.14333333333333334
1 0.29125 0.4091666666666667 0.0825 0.13166666666666668
1 0.46875 0.35250000000000004 0.08 0.10500000000000001
1 0.50875 0.3241666666666667 0.0625 0.10500000000000001
1 0.60375 0.2941666666666667 0.05 0.10500000000000001
1 0.655 0.2866666666666667 0.0475 0.08333333333333334
1 0.6843750000000001 0.24916666666666668 0.051250000000000004 0.07500000000000001
1 0.729375 0.26583333333333337 0.043750000000000004 0.07500000000000001
1 0.76875 0.25 0.0425 0.06333333333333334
1 0.795625 0.24583333333333335 0.03875 0.065
1 0.8093750000000001 0.22083333333333335 0.04125 0.065
1 0.84125 0.21916666666666668 0.035 0.058333333333333334
1 0.868125 0.22083333333333335 0.03125 0.04833333333333334
1 0.883125 0.2025 0.03125 0.058333333333333334
1 0.081875 0.3166666666666667 0.06125 0.08
1 0.210625 0.27666666666666667 0.07375 0.09000000000000001
1 0.30062500000000003 0.29583333333333334 0.058750000000000004 0.085
1 0.371875 0.26416666666666666 0.051250000000000004 0.07833333333333334
1 0.438125 0.2391666666666667 0.051250000000000004 0.07166666666666667
1 0.48562500000000003 0.2316666666666667 0.043750000000000004 0.07
1 0.516875 0.2225 0.043750000000000004 0.058333333333333334
1 0.56875 0.21833333333333335 0.0375 0.06666666666666667
1 0.59875 0.21583333333333335 0.035 0.058333333333333334
1 0.64875 0.21083333333333334 0.035 0.04833333333333334
1 0.66125 0.2 0.025 0.04666666666666667
1 0.7000000000000001 0.20333333333333334 0.025 0.03666666666666667
1 0.019375 0.24833333333333335 0.03375 0.07666666666666667
1 0.028125 0.22 0.03375 0.06333333333333334
1 0.083125 0.25083333333333335 0.043750000000000004 0.06833333333333334
1 0.079375 0.21500000000000002 0.03875 0.04666666666666667
1 0.13 0.19583333333333336 0.0475 0.06166666666666667
1 0.1575 0.2316666666666667 0.05 0.07333333333333333
1 0.20625000000000002 0.22166666666666668 0.0425 0.05
1 0.195 0.19666666666666668 0.035 0.03666666666666667
1 0.235625 0.19666666666666668 0.03125 0.05666666666666667
1 0.261875 0.21583333333333335 0.03875 0.06166666666666667
1 0.27875 0.18416666666666667 0.03 0.045000000000000005
1 0.3275 0.17750000000000002 0.0275 0.04833333333333334
1 0.314375 0.21833333333333335 0.03125 0.060000000000000005
1 0.364375 0.20916666666666667 0.02625 0.055
1 0.355625 0.1675 0.02875 0.045000000000000005
1 0.405 0.20833333333333334 0.03 0.05666666666666667
1 0.401875 0.17333333333333334 0.03375 0.043333333333333335
1 0.424375 0.2025 0.02375 0.035
1 0.4625 0.19333333333333336 0.0325 0.043333333333333335
1 0.516875 0.18916666666666668 0.02875 0.035
1 0.5437500000000001 0.18500000000000003 0.0275 0.04
