1 0.18150943396226416 0.4254032258064516 0.033962264150943396 0.07661290322580645
1 0.2573584905660377 0.4932795698924732 0.05584905660377358 0.10215053763440861
1 0.23962264150943394 0.4274193548387097 0.038490566037735846 0.06720430107526883
1 0.30754716981132074 0.3985215053763441 0.02641509433962264 0.05779569892473119
1 0.3181132075471698 0.44758064516129037 0.043018867924528296 0.07795698924731183
1 0.36792452830188677 0.41935483870967744 0.02943396226415094 0.06720430107526883
1 0.39094339622641505 0.39112903225806456 0.024150943396226414 0.05376344086021506
1 0.400377358490566 0.5342741935483871 0.05811320754716981 0.11155913978494625
1 0.4332075471698113 0.43884408602150543 0.03169811320754717 0.0685483870967742
1 0.4418867924528302 0.3891129032258065 0.02943396226415094 0.05779569892473119
1 0.4852830188679245 0.4912634408602151 0.05584905660377358 0.11155913978494625
1 0.5158490566037736 0.4415322580645162 0.038490566037735846 0.07661290322580645
1 0.5735849056603773 0.41868279569892475 0.028679245283018868 0.05510752688172044
1 0.5837735849056603 0.4522849462365592 0.033962264150943396 0.0739247311827957
1 0.5599999999999999 0.3770161290322581 0.024150943396226414 0.04435483870967742
1 0.6162264150943396 0.3770161290322581 0.018867924528301886 0.04704301075268818
1 0.6290566037735849 0.4038978494623656 0.02943396226415094 0.04973118279569893
1 0.6516981132075471 0.45900537634408606 0.0369811320754717 0.07661290322580645
1 0.6781132075471697 0.5369623655913979 0.05509433962264151 0.11693548387096775
1 0.6230188679245283 0.5779569892473119 0.07018867924528302 0.14516129032258066
1 0.6652830188679245 0.42473118279569894 0.030943396226415093 0.051075268817204304
1 0.6649056603773584 0.38709677419354843 0.024150943396226414 0.0456989247311828
1 0.6932075471698113 0.3830645161290323 0.02188679245283019 0.040322580645161296
1 0.7037735849056603 0.4112903225806452 0.024905660377358488 0.05376344086021506
1 0.7241509433962264 0.40120967741935487 0.02188679245283019 0.05510752688172044
1 0.7528301886792452 0.38172043010752693 0.02339622641509434 0.040322580645161296
1 0.8030188679245283 0.3991935483870968 0.022641509433962263 0.0456989247311828
1 0.7728301886792452 0.4926075268817205 0.040754716981132075 0.08467741935483872
1 0.7418867924528302 0.4838709677419355 0.03018867924528302 0.05913978494623656
1 0.8196226415094339 0.6431451612903226 0.07094339622641509 0.13306451612903228
1 0.8550943396226415 0.5658602150537635 0.06490566037735848 0.12096774193548387
1 0.8358490566037735 0.4556451612903226 0.0369811320754717 0.08064516129032259
1 0.8581132075471698 0.43212365591397855 0.03622641509433962 0.06317204301075269
1 0.8833962264150943 0.4045698924731183 0.02641509433962264 0.0456989247311828
1 0.9037735849056603 0.4919354838709678 0.0369811320754717 0.08602150537634409
1 0.9362264150943396 0.45967741935483875 0.030943396226415093 0.07258064516129033
1 0.8233962264150942 0.3985215053763441 0.01811320754716981 0.04704301075268818
