1 0.242375 0.43766666666666665 0.035750000000000004 0.05733333333333333
1 0.165125 0.5921666666666666 0.05225 0.06766666666666667
1 0.29762500000000003 0.6143333333333333 0.06725 0.088
1 0.361375 0.5548333333333333 0.05225 0.059666666666666666
1 0.51175 0.5668333333333333 0.053 0.07766666666666666
1 0.602125 0.6673333333333333 0.09925 0.14333333333333334
1 0.5241250000000001 0.5461666666666667 0.03425 0.042333333333333334
1 0.69725 0.5663333333333334 0.056 0.06466666666666666
1 0.7045 0.5371666666666667 0.0325 0.03833333333333333
1 0.77075 0.58 0.0545 0.088
1 0.7885 0.5381666666666667 0.0325 0.04633333333333333
1 0.846125 0.5391666666666667 0.03425 0.06033333333333333
1 0.8745 0.535 0.044 0.07666666666666666
1 0.900375 0.5153333333333333 0.02425 0.04733333333333333
1 0.93475 0.5473333333333333 0.0385 0.06866666666666667
1 0.93925 0.7855 0.1205 0.2383333333333333
