1 0.8813186813186813 0.47500000000000003 0.035164835164835165 0.057692307692307696
1 0.9505494505494505 0.45 0.03296703296703297 0.06923076923076923
1 0.8703296703296703 0.3961538461538462 0.021978021978021976 0.046153846153846156
1 0.7846153846153846 0.45 0.03076923076923077 0.06153846153846154
1 0.6989010989010989 0.4288461538461539 0.035164835164835165 0.057692307692307696
1 0.6428571428571429 0.3826923076923077 0.024175824175824177 0.057692307692307696
1 0.5956043956043956 0.36923076923076925 0.026373626373626374 0.05384615384615385
1 0.4846153846153846 0.37115384615384617 0.02857142857142857 0.057692307692307696
1 0.4307692307692308 0.275 0.03076923076923077 0.07307692307692308
1 0.6065934065934065 0.44423076923076926 0.06593406593406594 0.11153846153846154
1 0.5032967032967033 0.551923076923077 0.03956043956043956 0.08076923076923077
1 0.27802197802197803 0.4557692307692308 0.041758241758241756 0.07307692307692308
1 0.23516483516483516 0.40192307692307694 0.035164835164835165 0.08846153846153847
1 0.16153846153846155 0.5307692307692308 0.05054945054945055 0.1076923076923077
1 0.1989010989010989 0.7884615384615385 0.09010989010989011 0.16923076923076924
1 0.1043956043956044 0.6288461538461538 0.08131868131868132 0.1576923076923077
1 0.027472527472527472 0.49230769230769234 0.05054945054945055 0.13846153846153847
