1 0.08989266547406083 0.27191558441558444 0.01699463327370304 0.040584415584415584
1 0.2643112701252236 0.3961038961038961 0.04740608228980322 0.10064935064935066
1 0.29785330948121647 0.16883116883116883 0.014311270125223614 0.03571428571428572
1 0.29293381037567084 0.2280844155844156 0.018783542039355994 0.040584415584415584
1 0.32602862254025045 0.22970779220779222 0.020572450805008944 0.040584415584415584
1 0.37075134168157425 0.17775974025974028 0.022361359570661897 0.04383116883116883
1 0.3877459749552773 0.2012987012987013 0.020572450805008944 0.048701298701298704
1 0.4145796064400716 0.21103896103896105 0.024150268336314847 0.045454545454545456
1 0.471824686940966 0.14204545454545456 0.020572450805008944 0.04383116883116883
1 0.5313059033989267 0.06087662337662338 0.012522361359570662 0.021103896103896104
1 0.6341681574239714 0.1387987012987013 0.016100178890876567 0.030844155844155847
1 0.6538461538461539 0.11850649350649352 0.014311270125223614 0.029220779220779224
1 0.6542933810375671 0.13961038961038963 0.01699463327370304 0.03571428571428572
1 0.6708407871198568 0.061688311688311695 0.016100178890876567 0.03246753246753247
1 0.7491055456171736 0.13555194805194806 0.01520572450805009 0.03733766233766234
1 0.7643112701252236 0.14366883116883117 0.01699463327370304 0.034090909090909095
1 0.8112701252236136 0.2483766233766234 0.021466905187835422 0.05844155844155845
1 0.8600178890876565 0.19074675324675325 0.013416815742397137 0.03733766233766234
1 0.881484794275492 0.2548701298701299 0.01699463327370304 0.048701298701298704
1 0.9141323792486583 0.2540584415584416 0.021466905187835422 0.040584415584415584
1 0.9288908765652951 0.1875 0.01520572450805009 0.03733766233766234
