1 0.3808392715756136 0.3072033898305085 0.026920031670625493 0.043785310734463276
1 0.35075217735550274 0.2189265536723164 0.017418844022169436 0.02824858757062147
1 0.32620744259699125 0.21610169491525424 0.01583531274742676 0.03389830508474576
1 0.4869358669833729 0.2097457627118644 0.017418844022169436 0.038135593220338986
1 0.565716547901821 0.1730225988700565 0.018210609659540775 0.03248587570621469
1 0.49485352335708627 0.15254237288135594 0.014251781472684084 0.025423728813559324
1 0.5581947743467933 0.11228813559322035 0.012668250197941409 0.02401129943502825
1 0.8016627078384798 0.4046610169491525 0.034045922406967535 0.07768361581920905
1 0.8749010292953285 0.1426553672316384 0.011084718923198733 0.02824858757062147
1 0.9010292953285827 0.1370056497175141 0.012668250197941409 0.031073446327683614
