1 0.12125 0.3383333333333334 0.23 0.54
1 0.260625 0.3225 0.02875 0.03166666666666667
1 0.2575 0.2891666666666667 0.03 0.035
1 0.38875 0.22916666666666669 0.025 0.035
1 0.35375 0.2775 0.0175 0.021666666666666667
1 0.361875 0.2916666666666667 0.01875 0.02666666666666667
1 0.505 0.28750000000000003 0.0475 0.058333333333333334
1 0.555 0.30583333333333335 0.065 0.07500000000000001
1 0.605 0.2833333333333333 0.055 0.06333333333333334
1 0.74125 0.28833333333333333 0.0675 0.07
1 0.749375 0.2566666666666667 0.04625 0.05333333333333334
1 0.860625 0.27416666666666667 0.058750000000000004 0.07833333333333334
1 0.926875 0.2816666666666667 0.09625 0.12333333333333334
1 0.8225 0.26833333333333337 0.03 0.03666666666666667
1 0.79 0.2758333333333334 0.0275 0.03166666666666667
1 0.46375 0.3075 0.0325 0.045000000000000005
1 0.44125000000000003 0.28750000000000003 0.025 0.03166666666666667
1 0.405625 0.28250000000000003 0.01625 0.021666666666666667
