1 0.2032474804031355 0.39822134387351776 0.04143337066069429 0.09288537549407114
1 0.24916013437849943 0.26976284584980237 0.02127659574468085 0.037549407114624504
1 0.2777155655095185 0.2608695652173913 0.020156774916013438 0.035573122529644265
1 0.31075027995520715 0.23913043478260868 0.0167973124300112 0.03162055335968379
1 0.3213885778275476 0.25494071146245056 0.020156774916013438 0.04743083003952569
1 0.3348264277715566 0.21640316205533594 0.015677491601343786 0.03359683794466403
1 0.3437849944008959 0.23122529644268774 0.015677491601343786 0.03162055335968379
1 0.364501679731243 0.2717391304347826 0.019036954087346025 0.04150197628458498
1 0.3840985442329227 0.28557312252964423 0.020156774916013438 0.037549407114624504
1 0.3583426651735722 0.24604743083003952 0.015677491601343786 0.029644268774703556
1 0.36338185890257557 0.19960474308300394 0.014557670772676373 0.03162055335968379
1 0.3801791713325868 0.18478260869565216 0.0167973124300112 0.03359683794466403
1 0.38521836506159013 0.22035573122529642 0.015677491601343786 0.037549407114624504
1 0.46024636058230683 0.24308300395256915 0.020156774916013438 0.043478260869565216
1 0.43449048152295633 0.23122529644268774 0.020156774916013438 0.03952569169960474
1 0.4070548712206047 0.18972332015810275 0.014557670772676373 0.03162055335968379
1 0.4423292273236282 0.18774703557312253 0.01343784994400896 0.035573122529644265
1 0.4423292273236282 0.16699604743083002 0.01343784994400896 0.029644268774703556
1 0.4568868980963046 0.1867588932806324 0.01343784994400896 0.03359683794466403
1 0.4753639417693169 0.19861660079051383 0.014557670772676373 0.029644268774703556
1 0.4748040313549832 0.16106719367588931 0.015677491601343786 0.02569169960474308
1 0.5044792833146696 0.19169960474308298 0.0167973124300112 0.035573122529644265
1 0.49832026875699886 0.1709486166007905 0.015677491601343786 0.029644268774703556
1 0.4820828667413214 0.13735177865612647 0.012318029115341545 0.029644268774703556
1 0.5235162374020157 0.2025691699604743 0.0167973124300112 0.037549407114624504
1 0.5352743561030235 0.1600790513833992 0.015677491601343786 0.035573122529644265
1 0.5772676371780515 0.1709486166007905 0.0167973124300112 0.03359683794466403
1 0.5548712206047033 0.15118577075098813 0.014557670772676373 0.029644268774703556
1 0.5559910414333706 0.12351778656126482 0.0167973124300112 0.029644268774703556
1 0.5739081746920492 0.14328063241106717 0.014557670772676373 0.029644268774703556
1 0.58006718924972 0.13043478260869565 0.015677491601343786 0.023715415019762844
1 0.6108622620380739 0.14525691699604742 0.0167973124300112 0.029644268774703556
1 0.6310190369540873 0.12154150197628458 0.014557670772676373 0.029644268774703556
1 0.6713325867861142 0.1175889328063241 0.014557670772676373 0.029644268774703556
1 0.48824188129899215 0.3102766798418972 0.029115341545352745 0.05138339920948616
1 0.5559910414333706 0.2351778656126482 0.025755879059350503 0.05533596837944664
1 0.5655095184770437 0.2816205533596838 0.02687569988801792 0.05731225296442687
1 0.5991041433370661 0.3300395256916996 0.03135498320268757 0.07509881422924901
1 0.6170212765957447 0.2401185770750988 0.02463605823068309 0.0533596837944664
1 0.6528555431131019 0.21442687747035571 0.02463605823068309 0.04940711462450593
1 0.6478163493840986 0.17885375494071146 0.02127659574468085 0.03359683794466403
1 0.6763717805151176 0.15217391304347824 0.015677491601343786 0.03162055335968379
1 0.6842105263157895 0.18478260869565216 0.01791713325867861 0.04940711462450593
1 0.7110862262038073 0.21541501976284583 0.022396416573348264 0.03952569169960474
1 0.6685330347144457 0.25494071146245056 0.02463605823068309 0.04743083003952569
1 0.7222844344904815 0.266798418972332 0.022396416573348264 0.04743083003952569
1 0.7631578947368421 0.29051383399209485 0.027995520716685332 0.05533596837944664
1 0.8325867861142218 0.32312252964426874 0.032474804031354984 0.06916996047430829
1 0.7530795072788354 0.2302371541501976 0.025755879059350503 0.04940711462450593
1 0.7284434490481523 0.19960474308300394 0.025755879059350503 0.04743083003952569
1 0.7110862262038073 0.17391304347826086 0.015677491601343786 0.035573122529644265
1 0.7010078387458006 0.14525691699604742 0.01343784994400896 0.029644268774703556
1 0.7340425531914894 0.1175889328063241 0.014557670772676373 0.02569169960474308
1 0.7592385218365062 0.13438735177865613 0.01791713325867861 0.035573122529644265
1 0.7424412094064949 0.14130434782608695 0.015677491601343786 0.03359683794466403
1 0.7541993281075028 0.1719367588932806 0.0167973124300112 0.035573122529644265
1 0.7737961926091825 0.20158102766798416 0.020156774916013438 0.04743083003952569
1 0.7771556550951848 0.15217391304347824 0.015677491601343786 0.035573122529644265
1 0.7950727883538634 0.17885375494071146 0.01791713325867861 0.037549407114624504
1 0.7973124300111982 0.12648221343873517 0.01343784994400896 0.02766798418972332
1 0.8269876819708847 0.13932806324110672 0.014557670772676373 0.03359683794466403
1 0.8331466965285554 0.1867588932806324 0.01791713325867861 0.04150197628458498
1 0.8460246360582306 0.1660079051383399 0.014557670772676373 0.035573122529644265
1 0.8180291153415453 0.22233201581027667 0.0167973124300112 0.04150197628458498
1 0.8516237402015677 0.24703557312252963 0.019036954087346025 0.05138339920948616
1 0.9036954087346025 0.26383399209486164 0.02463605823068309 0.05731225296442687
1 0.9115341545352743 0.2292490118577075 0.01791713325867861 0.043478260869565216
1 0.8773796192609182 0.19664031620553357 0.0167973124300112 0.037549407114624504
1 0.8812989921612542 0.16897233201581027 0.01343784994400896 0.029644268774703556
1 0.8840985442329228 0.1541501976284585 0.014557670772676373 0.02766798418972332
