1 0.11083743842364532 0.7296296296296296 0.10344827586206896 0.13333333333333333
1 0.22783251231527094 0.9148148148148149 0.16009852216748768 0.17037037037037037
1 0.3103448275862069 0.8722222222222222 0.11822660098522167 0.2111111111111111
1 0.437192118226601 0.4314814814814815 0.0665024630541872 0.11481481481481481
1 0.5775862068965517 0.6240740740740741 0.07142857142857142 0.12222222222222223
1 0.6477832512315271 0.6907407407407408 0.07389162561576355 0.12222222222222223
1 0.7463054187192119 0.7592592592592593 0.08374384236453201 0.14814814814814814
1 0.8411330049261084 0.7685185185185186 0.10098522167487685 0.1814814814814815
1 0.8694581280788177 0.6370370370370371 0.07389162561576355 0.11851851851851852
1 0.9408866995073891 0.6888888888888889 0.07881773399014778 0.11111111111111112
