1 0.069 0.527027027027027 0.094 0.12912912912912913
1 0.215 0.4519519519519519 0.046 0.08108108108108109
1 0.439 0.3333333333333333 0.026000000000000002 0.05405405405405406
1 0.538 0.4099099099099099 0.036000000000000004 0.06906906906906907
1 0.562 0.45645645645645644 0.052000000000000005 0.08408408408408408
1 0.62 0.53003003003003 0.068 0.11711711711711711
1 0.632 0.4444444444444444 0.036000000000000004 0.06606606606606606
1 0.683 0.4624624624624625 0.046 0.07807807807807808
1 0.719 0.44144144144144143 0.038 0.07207207207207207
1 0.768 0.47147147147147145 0.06 0.08408408408408408
1 0.793 0.6216216216216216 0.122 0.2222222222222222
1 0.929 0.5930930930930931 0.094 0.14114114114114115
1 0.875 0.49099099099099097 0.058 0.09309309309309309
1 0.854 0.44894894894894893 0.044 0.06906906906906907
1 0.887 0.4159159159159159 0.038 0.07507507507507508
1 0.968 0.45945945945945943 0.04 0.07207207207207207
1 0.982 0.48348348348348347 0.036000000000000004 0.08408408408408408
