0 0.752 0.45621540010065426 0.046 0.07800704579768496
0 0.7851666666666667 0.48842476094614995 0.011666666666666665 0.028686462003019626
0 0.8168333333333333 0.4856567689984902 0.009 0.017111222949169603
0 0.8621666666666666 0.4886763965777554 0.009666666666666667 0.015098137896326119
0 0.6501666666666667 0.46980372420734773 0.04766666666666666 0.08706592853548062
0 0.5691666666666666 0.4828887770508304 0.045 0.0840463009562154
0 0.5225 0.4637644690488173 0.036333333333333336 0.06190236537493709
0 0.41133333333333333 0.457221942627076 0.043333333333333335 0.058882737795671866
0 0.5338333333333333 0.3399597382989431 0.005 0.009562154001006542
0 0.475 0.37845998993457475 0.004666666666666666 0.009058882737795673
0 0.30233333333333334 0.45822848515349773 0.041999999999999996 0.06391545042778057
0 0.23133333333333334 0.3867639657775541 0.004 0.006542526421741319
0 0.22683333333333333 0.38349270256668344 0.0036666666666666666 0.007045797684952189
0 0.21966666666666665 0.38173125314544537 0.004666666666666666 0.006542526421741319
0 0.9683333333333333 0.5915953699043784 0.029333333333333333 0.0548565676899849
