1 0.7820895522388059 0.449203187250996 0.05074626865671642 0.08964143426294821
1 0.6686567164179105 0.450199203187251 0.05970149253731343 0.09163346613545817
1 0.585820895522388 0.44621513944223107 0.06119402985074627 0.09561752988047809
1 0.5067164179104477 0.41733067729083667 0.049253731343283584 0.08167330677290836
1 0.42761194029850746 0.45717131474103584 0.058208955223880594 0.09362549800796813
1 0.3208955223880597 0.4581673306772908 0.07164179104477612 0.09561752988047809
1 0.20746268656716418 0.4581673306772908 0.06865671641791045 0.099601593625498
1 0.11940298507462686 0.3545816733067729 0.05074626865671642 0.07569721115537849
1 0.19701492537313434 0.3147410358565737 0.056716417910447764 0.07569721115537849
1 0.26865671641791045 0.31772908366533864 0.05074626865671642 0.08167330677290836
1 0.3694029850746269 0.31673306772908366 0.049253731343283584 0.08366533864541832
1 0.44029850746268656 0.3057768924302789 0.05074626865671642 0.08565737051792828
1 0.5373134328358209 0.30677290836653387 0.05074626865671642 0.08764940239043825
1 0.6074626865671642 0.2898406374501992 0.05074626865671642 0.08167330677290836
1 0.6723880597014925 0.31274900398406374 0.05522388059701493 0.09163346613545817
1 0.7395522388059702 0.32270916334661354 0.05223880597014925 0.0796812749003984
1 0.8067164179104478 0.3336653386454183 0.04626865671641791 0.08167330677290836
1 0.8738805970149254 0.33167330677290835 0.05522388059701493 0.09362549800796813
1 0.6470149253731343 0.23306772908366533 0.049253731343283584 0.08366533864541832
1 0.7776119402985074 0.2201195219123506 0.056716417910447764 0.10557768924302789
1 0.5365671641791044 0.23306772908366533 0.06119402985074627 0.0796812749003984
1 0.4753731343283582 0.2340637450199203 0.058208955223880594 0.08565737051792828
1 0.39477611940298507 0.2290836653386454 0.058208955223880594 0.08764940239043825
1 0.2917910447761194 0.23904382470119523 0.05223880597014925 0.08366533864541832
1 0.21343283582089553 0.2201195219123506 0.056716417910447764 0.09362549800796813
