1 0.099375 0.8075000000000001 0.14875 0.2016666666666667
1 0.036875 0.7116666666666667 0.07125000000000001 0.12333333333333334
1 0.059375000000000004 0.6058333333333333 0.06125 0.09833333333333334
1 0.09125 0.5733333333333334 0.045 0.07333333333333333
1 0.134375 0.5800000000000001 0.05625 0.07666666666666667
1 0.040625 0.5283333333333333 0.03875 0.05
1 0.150625 0.6525000000000001 0.06625 0.09166666666666667
1 0.18812500000000001 0.6058333333333333 0.04625 0.06833333333333334
1 0.218125 0.5683333333333334 0.03625 0.05333333333333334
1 0.19375 0.5375000000000001 0.0375 0.05166666666666667
1 0.230625 0.5283333333333333 0.02625 0.05
1 0.2425 0.5583333333333333 0.03 0.05333333333333334
1 0.28250000000000003 0.5458333333333334 0.0375 0.058333333333333334
1 0.26875 0.6075 0.0425 0.065
1 0.23125 0.6991666666666667 0.085 0.14500000000000002
1 0.34125 0.7100000000000001 0.06 0.07333333333333333
1 0.33187500000000003 0.6050000000000001 0.058750000000000004 0.08666666666666667
1 0.344375 0.5475 0.03875 0.058333333333333334
1 0.388125 0.5391666666666667 0.04125 0.06833333333333334
1 0.375625 0.6091666666666667 0.03875 0.06166666666666667
1 0.431875 0.535 0.03375 0.06666666666666667
1 0.6325000000000001 0.35750000000000004 0.025 0.035
1 0.624375 0.5108333333333334 0.02875 0.05166666666666667
1 0.633125 0.5341666666666667 0.02875 0.04833333333333334
1 0.6531250000000001 0.5608333333333334 0.03125 0.055
1 0.69375 0.5800000000000001 0.0425 0.07333333333333333
1 0.72375 0.6175 0.055 0.085
1 0.734375 0.5725 0.04125 0.07166666666666667
1 0.696875 0.5208333333333334 0.03125 0.06166666666666667
1 0.766875 0.5441666666666667 0.02875 0.04833333333333334
1 0.7681250000000001 0.51 0.03625 0.05666666666666667
1 0.7875 0.5950000000000001 0.0425 0.08
1 0.8562500000000001 0.5966666666666667 0.05 0.10333333333333335
1 0.84375 0.545 0.035 0.05
1 0.849375 0.5033333333333334 0.03875 0.07
1 0.8981250000000001 0.5825 0.043750000000000004 0.07833333333333334
1 0.8875000000000001 0.7891666666666667 0.10250000000000001 0.1716666666666667
1 0.943125 0.5975 0.051250000000000004 0.08833333333333333
1 0.916875 0.5416666666666667 0.04875 0.07333333333333333
