1 0.08968098958333333 0.3103298611111111 0.07194010416666666 0.07465277777777778
1 0.29850260416666663 0.3702256944444444 0.09765625 0.1284722222222222
1 0.2998046875 0.3005642361111111 0.06510416666666666 0.0837673611111111
1 0.4765625 0.30316840277777773 0.064453125 0.08289930555555555
1 0.5665690104166666 0.3641493055555555 0.09147135416666666 0.1362847222222222
1 0.5730794270833333 0.2827690972222222 0.06803385416666666 0.09678819444444443
1 0.6471354166666666 0.6260850694444444 0.162109375 0.2322048611111111
1 0.7493489583333333 0.3302951388888889 0.07291666666666666 0.1171875
1 0.8909505208333333 0.322265625 0.07421875 0.10112847222222221
1 0.9651692708333333 0.4720052083333333 0.06966145833333333 0.17230902777777776
