1 0.20373312152501985 0.44725738396624476 0.045274027005559964 0.08438818565400844
1 0.3383637807783955 0.21308016877637131 0.015885623510722795 0.035161744022503515
1 0.3272438443208896 0.21237693389592124 0.012708498808578236 0.030942334739803096
1 0.2744241461477363 0.25738396624472576 0.015091342335186655 0.030942334739803096
1 0.2637013502779984 0.2587904360056259 0.011119936457505957 0.02531645569620253
1 0.29189833200953136 0.26371308016877637 0.018268467037331215 0.035161744022503515
1 0.31016679904686256 0.27848101265822783 0.013502779984114376 0.03375527426160338
1 0.3200953137410643 0.2848101265822785 0.020651310563939634 0.035161744022503515
1 0.37370929308975376 0.25738396624472576 0.018268467037331215 0.04219409282700422
1 0.39197776012708496 0.27918424753867793 0.021445591739475772 0.046413502109704644
1 0.39356632247815726 0.22573839662447256 0.019857029388403495 0.0379746835443038
1 0.40270055599682286 0.189873417721519 0.015885623510722795 0.03375527426160338
1 0.4169976171564734 0.17651195499296765 0.014297061159650515 0.029535864978902954
1 0.43963463065925334 0.1540084388185654 0.013502779984114376 0.026722925457102673
1 0.44876886417791895 0.16947960618846694 0.015885623510722795 0.029535864978902954
1 0.4563145353455123 0.14345991561181434 0.013502779984114376 0.02812939521800281
1 0.4801429706115965 0.13853727144866385 0.013502779984114376 0.029535864978902954
1 0.48689436060365365 0.1279887482419128 0.009531374106433677 0.02250351617440225
1 0.5119142176330421 0.12658227848101267 0.013502779984114376 0.02250351617440225
1 0.5099285146942018 0.14556962025316456 0.015885623510722795 0.029535864978902954
1 0.4706115965051628 0.19690576652601968 0.011914217633042096 0.03375527426160338
1 0.5011914217633042 0.19057665260196907 0.017474185861795076 0.035161744022503515
1 0.43804606830818105 0.2158931082981716 0.016679904686258934 0.0379746835443038
1 0.46187450357426524 0.22855133614627285 0.021445591739475772 0.046413502109704644
1 0.5365369340746624 0.18565400843881857 0.016679904686258934 0.03656821378340366
1 0.5504368546465448 0.1589310829817159 0.012708498808578236 0.02812939521800281
1 0.5667196187450357 0.16455696202531647 0.016679904686258934 0.03938115330520394
1 0.5603653693407465 0.13361462728551338 0.013502779984114376 0.030942334739803096
1 0.58022239872915 0.10829817158931083 0.011914217633042096 0.02531645569620253
1 0.5790309769658458 0.14838255977496484 0.012708498808578236 0.0379746835443038
1 0.6040508339952343 0.12025316455696203 0.011914217633042096 0.026722925457102673
1 0.6100079428117553 0.14135021097046413 0.014297061159650515 0.035161744022503515
1 0.6378077839555202 0.11533052039381153 0.014297061159650515 0.02531645569620253
1 0.6568705321683875 0.11392405063291139 0.014297061159650515 0.02812939521800281
1 0.6441620333598094 0.1659634317862166 0.017474185861795076 0.04219409282700422
1 0.6834789515488483 0.15541490857946555 0.013502779984114376 0.03234880450070324
1 0.6906274821286735 0.18073136427566808 0.016679904686258934 0.046413502109704644
1 0.6473391580619539 0.22222222222222224 0.019062748212867353 0.053445850914205346
1 0.6028594122319301 0.21518987341772153 0.022239872915011914 0.047819971870604785
1 0.5663224781572677 0.2580872011251758 0.025416997617156472 0.057665260196905765
1 0.5309769658459095 0.30872011251758086 0.02938840349483717 0.05485232067510549
1 0.49245432883240664 0.3136427566807314 0.027005559968228753 0.047819971870604785
1 0.6473391580619539 0.26230661040787623 0.02382843526608419 0.05485232067510549
1 0.71604447974583 0.15471167369901548 0.016679904686258934 0.03656821378340366
1 0.7374900714853058 0.1441631504922644 0.013502779984114376 0.035161744022503515
1 0.7585385226370135 0.13150492264416316 0.014297061159650515 0.029535864978902954
1 0.7486100079428117 0.1617440225035162 0.018268467037331215 0.03375527426160338
1 0.7287529785544082 0.18706047819971872 0.021445591739475772 0.03938115330520394
1 0.7124702144559174 0.21729957805907174 0.020651310563939634 0.0379746835443038
1 0.6945988880063542 0.3143459915611814 0.03256552819698173 0.07735583684950774
1 0.7176330420969023 0.2911392405063291 0.021445591739475772 0.06188466947960619
1 0.749801429706116 0.21659634317862167 0.019062748212867353 0.03938115330520394
1 0.7724384432088959 0.21026722925457103 0.018268467037331215 0.03234880450070324
1 0.7819698173153296 0.15541490857946555 0.011914217633042096 0.035161744022503515
1 0.7974583002382843 0.139943741209564 0.014297061159650515 0.03234880450070324
1 0.8153296266878475 0.15330520393811534 0.015091342335186655 0.03375527426160338
1 0.7994440031771246 0.17651195499296765 0.016679904686258934 0.0379746835443038
1 0.8316123907863383 0.14486638537271448 0.012708498808578236 0.030942334739803096
1 0.8578236695790309 0.14275668073136427 0.015885623510722795 0.035161744022503515
1 0.835583796664019 0.1877637130801688 0.015885623510722795 0.04078762306610408
1 0.8145353455123113 0.20956399437412096 0.015091342335186655 0.03656821378340366
1 0.8236695790309769 0.22644163150492264 0.019062748212867353 0.0450070323488045
1 0.7831612390786338 0.2848101265822785 0.025416997617156472 0.05485232067510549
1 0.7521842732327243 0.3389592123769339 0.02859412231930103 0.07313642756680731
1 0.8729150119142176 0.19338959212376935 0.015885623510722795 0.04078762306610408
1 0.8685464654487688 0.21518987341772153 0.015091342335186655 0.04219409282700422
1 0.8534551231135822 0.22362869198312238 0.019857029388403495 0.05063291139240506
1 0.8999205718824463 0.2651195499296765 0.020651310563939634 0.052039381153305204
1 0.8538522637013503 0.30450070323488043 0.025416997617156472 0.06047819971870605
