1 0.04533333333333333 0.24583333333333332 0.064 0.1
1 0.11333333333333333 0.3020833333333333 0.06133333333333333 0.09583333333333333
1 0.22266666666666665 0.28125 0.050666666666666665 0.0875
1 0.33866666666666667 0.4 0.07466666666666666 0.14166666666666666
1 0.3466666666666667 0.26458333333333334 0.05333333333333333 0.09583333333333333
1 0.46399999999999997 0.2833333333333333 0.064 0.1
1 0.5546666666666666 0.4 0.07466666666666666 0.14166666666666666
1 0.5666666666666667 0.2791666666666667 0.04533333333333333 0.1
1 0.6759999999999999 0.27291666666666664 0.056 0.1125
1 0.78 0.29791666666666666 0.06133333333333333 0.10416666666666667
1 0.9013333333333333 0.22708333333333333 0.064 0.10416666666666667
