1 0.08978328173374614 0.5348837209302325 0.11145510835913314 0.14883720930232558
1 0.24148606811145512 0.4906976744186046 0.061919504643962855 0.09767441860465116
1 0.2770897832817338 0.4116279069767442 0.04024767801857585 0.06976744186046512
1 0.3746130030959752 0.30465116279069765 0.05572755417956657 0.09767441860465116
1 0.28328173374613 0.6697674418604651 0.10835913312693499 0.16744186046511628
1 0.5696594427244582 0.48604651162790696 0.061919504643962855 0.09767441860465116
1 0.6455108359133127 0.613953488372093 0.12693498452012383 0.18604651162790697
1 0.6795665634674923 0.48372093023255813 0.08359133126934985 0.12093023255813953
1 0.7291021671826626 0.41627906976744183 0.04024767801857585 0.08837209302325581
1 0.8328173374613004 0.4372093023255814 0.05572755417956657 0.08372093023255814
1 0.8993808049535604 0.5697674418604651 0.16408668730650156 0.2372093023255814
1 0.9721362229102167 0.4697674418604651 0.04953560371517028 0.10232558139534884
