1 0.16943784639746634 0.47838214783821476 0.0395882818685669 0.06415620641562064
1 0.2901821060965954 0.26778242677824265 0.0166270783847981 0.03626220362622036
1 0.3182897862232779 0.2705718270571827 0.017418844022169436 0.03347280334728033
1 0.3309580364212193 0.21617852161785214 0.014251781472684084 0.030683403068340307
1 0.34441805225653205 0.21408647140864714 0.01583531274742676 0.026499302649930265
1 0.34560570071258906 0.24337517433751743 0.018210609659540775 0.03765690376569038
1 0.36183689627870147 0.25383542538354253 0.019002375296912115 0.03626220362622036
1 0.3721298495645289 0.23291492329149233 0.017418844022169436 0.030683403068340307
1 0.39311163895486934 0.2796373779637378 0.021377672209026127 0.043235704323570434
1 0.39707046714172606 0.23221757322175732 0.018210609659540775 0.03207810320781032
1 0.38756927949326997 0.25732217573221755 0.021377672209026127 0.03207810320781032
1 0.4065716547901821 0.19386331938633194 0.013460015835312747 0.02510460251046025
1 0.42121931908155186 0.18270571827057183 0.012668250197941409 0.02510460251046025
1 0.4433887569279493 0.14853556485355648 0.011084718923198733 0.02092050209205021
1 0.4493269992082343 0.16457461645746163 0.011876484560570071 0.022315202231520222
1 0.4635787806809184 0.16178521617852162 0.013460015835312747 0.022315202231520222
1 0.45051464766429133 0.18758716875871687 0.012668250197941409 0.026499302649930265
1 0.45288994457640536 0.20641562064156205 0.01583531274742676 0.02789400278940028
1 0.4588281868566904 0.2308228730822873 0.0166270783847981 0.03765690376569038
1 0.4841646872525732 0.1394700139470014 0.011876484560570071 0.019525801952580194
1 0.49129057798891523 0.15341701534170152 0.011876484560570071 0.022315202231520222
1 0.5043547110055423 0.13528591352859135 0.009501187648456057 0.019525801952580194
1 0.5098970704671417 0.18270571827057183 0.01583531274742676 0.03347280334728033
1 0.515439429928741 0.15620641562064155 0.012668250197941409 0.02789400278940028
1 0.5217735550277117 0.14714086471408647 0.012668250197941409 0.023709902370990237
1 0.5415676959619953 0.1304044630404463 0.011084718923198733 0.023709902370990237
1 0.551464766429137 0.10878661087866108 0.010292953285827395 0.02510460251046025
1 0.5546318289786223 0.1422594142259414 0.011876484560570071 0.022315202231520222
1 0.546714172604909 0.1596931659693166 0.013460015835312747 0.029288702928870293
1 0.5625494853523357 0.12831241283124128 0.011876484560570071 0.02510460251046025
1 0.5855106888361045 0.12343096234309622 0.013460015835312747 0.026499302649930265
1 0.5764053840063341 0.14574616457461645 0.014251781472684084 0.023709902370990237
1 0.5760095011876484 0.17154811715481172 0.015043547110055422 0.03347280334728033
1 0.5894695170229611 0.10390516039051603 0.010292953285827395 0.01813110181311018
1 0.6057007125890737 0.100418410041841 0.011084718923198733 0.022315202231520222
1 0.6064924782264449 0.12691771269177127 0.012668250197941409 0.02510460251046025
1 0.6425178147268408 0.09344490934449093 0.010292953285827395 0.022315202231520222
1 0.6369754552652415 0.11506276150627615 0.011876484560570071 0.02092050209205021
1 0.6385589865399841 0.13737796373779637 0.013460015835312747 0.023709902370990237
1 0.6254948535233571 0.1492329149232915 0.014251781472684084 0.02789400278940028
1 0.6595407759303246 0.10111576011157601 0.011084718923198733 0.023709902370990237
1 0.6916072842438638 0.10948396094839609 0.010292953285827395 0.023709902370990237
1 0.668646080760095 0.12412831241283123 0.011876484560570071 0.022315202231520222
1 0.7383214568487727 0.1101813110181311 0.011876484560570071 0.022315202231520222
1 0.781076801266825 0.11436541143654114 0.008709422011084718 0.02510460251046025
1 0.8044338875692795 0.12412831241283123 0.012668250197941409 0.02789400278940028
1 0.8242280285035629 0.12343096234309622 0.012668250197941409 0.023709902370990237
1 0.8673792557403008 0.1297071129707113 0.010292953285827395 0.022315202231520222
1 0.900633412509897 0.13807531380753138 0.011876484560570071 0.02789400278940028
1 0.8915281076801267 0.15481171548117154 0.012668250197941409 0.02789400278940028
1 0.8875692794932699 0.18549511854951184 0.014251781472684084 0.02789400278940028
1 0.8598574821852731 0.15132496513249652 0.014251781472684084 0.026499302649930265
1 0.8471892319873318 0.1603905160390516 0.012668250197941409 0.02789400278940028
1 0.842042755344418 0.18270571827057183 0.015043547110055422 0.02789400278940028
1 0.8111638954869358 0.16108786610878661 0.015043547110055422 0.029288702928870293
1 0.8701504354711005 0.22942817294281728 0.01583531274742676 0.043235704323570434
1 0.8214568487727633 0.20641562064156205 0.0166270783847981 0.03347280334728033
1 0.8523357086302454 0.2615062761506276 0.021377672209026127 0.048814504881450484
1 0.9267616785431512 0.1603905160390516 0.011876484560570071 0.030683403068340307
1 0.9133016627078384 0.2217573221757322 0.013460015835312747 0.030683403068340307
1 0.9184481393507521 0.20850767085076707 0.014251781472684084 0.029288702928870293
1 0.9172604908946951 0.27615062761506276 0.01979414093428345 0.03626220362622036
1 0.8828186856690419 0.29707112970711297 0.025336500395882817 0.044630404463040445
1 0.8305621536025336 0.29218967921896793 0.022169437846397466 0.043235704323570434
1 0.8095803642121931 0.2531380753138075 0.01979414093428345 0.03486750348675035
1 0.7727632620744259 0.2105997210599721 0.017418844022169436 0.03626220362622036
1 0.7656373713380838 0.29428172942817293 0.023752969121140142 0.05299860529986053
1 0.8258115597783056 0.36262203626220363 0.026920031670625493 0.061366806136680614
1 0.8836104513064132 0.4232914923291492 0.0332541567695962 0.07670850767085076
1 0.5427553444180522 0.2900976290097629 0.02929532858273951 0.0502092050209205
1 0.5558194774346793 0.23570432357043236 0.02058590657165479 0.04184100418410042
1 0.5977830562153602 0.24755927475592746 0.02058590657165479 0.043235704323570434
1 0.6001583531274742 0.21408647140864714 0.02058590657165479 0.03486750348675035
1 0.6298495645288994 0.305439330543933 0.024544734758511478 0.044630404463040445
1 0.6694378463974663 0.2615062761506276 0.024544734758511478 0.05160390516039051
1 0.6536025336500395 0.22873082287308227 0.01979414093428345 0.04184100418410042
1 0.6896278701504355 0.2580195258019526 0.019002375296912115 0.030683403068340307
1 0.7462391132224862 0.23570432357043236 0.021377672209026127 0.05299860529986053
1 0.678147268408551 0.1903765690376569 0.018210609659540775 0.040446304044630406
1 0.6900237529691211 0.16387726638772662 0.0166270783847981 0.029288702928870293
1 0.7173396674584323 0.1603905160390516 0.01583531274742676 0.02789400278940028
1 0.7280285035629454 0.18619246861924685 0.01979414093428345 0.03486750348675035
1 0.7446555819477434 0.14644351464435146 0.013460015835312747 0.030683403068340307
1 0.7359461599366587 0.13737796373779637 0.015043547110055422 0.026499302649930265
1 0.777513855898654 0.17642956764295675 0.01583531274742676 0.026499302649930265
1 0.7957244655581948 0.18898186889818688 0.017418844022169436 0.03207810320781032
1 0.7529691211401425 0.1806136680613668 0.019002375296912115 0.03765690376569038
