1 0.155 0.6171508903467666 0.10375000000000001 0.19212746016869728
1 0.1525 0.49531396438612935 0.09 0.1190253045923149
1 0.123125 0.42830365510777885 0.06375 0.10121836925960638
1 0.0878125 0.37910028116213684 0.053125 0.07591377694470477
1 0.145 0.3561387066541706 0.03875 0.04873477038425492
1 0.1615625 0.39971883786316775 0.034375 0.07778819119025304
1 0.1365625 0.33411433926897843 0.039375 0.051546391752577324
1 0.2665625 0.3125585754451734 0.040625 0.06654170571696345
1 0.4603125 0.30084348641049674 0.031875 0.05248359887535145
1 0.529375 0.4597000937207123 0.09625 0.16213683223992503
1 0.5890625 0.3064667291471415 0.029375000000000002 0.05435801312089972
1 0.63625 0.31302717900656046 0.0325 0.05810684161199625
1 0.6896875 0.2872539831302718 0.024375 0.04967197750702906
1 0.6984375 0.33270852858481725 0.031875 0.056232427366447985
1 0.7328125 0.33973758200562326 0.034375 0.06654170571696345
1 0.7440625 0.30927835051546393 0.028125 0.04498594189315839
1 0.786875 0.3556701030927835 0.03625 0.06841611996251172
1 0.8003125 0.32849109653233366 0.034375 0.04217432052483599
1 0.8359375 0.33973758200562326 0.033125 0.07216494845360825
1 0.8846875000000001 0.3425492033739457 0.043125000000000004 0.07403936269915652
1 0.9450000000000001 0.3650421743205248 0.03875 0.07403936269915652
1 0.9665625 0.39550140581068416 0.050625 0.08622305529522024
