1 0.09312839059674502 0.714975845410628 0.10669077757685352 0.1400966183574879
1 0.12658227848101267 0.8864734299516908 0.15913200723327306 0.20289855072463767
1 0.20343580470162748 0.7077294685990337 0.06690777576853527 0.10144927536231883
1 0.27124773960216997 0.6678743961352657 0.05063291139240506 0.07971014492753623
1 0.15913200723327306 0.6666666666666666 0.05063291139240506 0.08212560386473429
1 0.3236889692585895 0.7137681159420289 0.06871609403254973 0.09903381642512077
1 0.364376130198915 0.7294685990338164 0.081374321880651 0.08212560386473429
1 0.4349005424954792 0.6751207729468599 0.0705244122965642 0.08454106280193237
1 0.5343580470162749 0.6690821256038647 0.048824593128390596 0.06763285024154589
1 0.6184448462929475 0.7850241545893719 0.13381555153707053 0.16425120772946858
1 0.666365280289331 0.5676328502415459 0.04159132007233273 0.06280193236714976
1 0.849005424954792 0.6739130434782609 0.05244122965641953 0.06763285024154589
1 0.825497287522604 0.6461352657004831 0.045207956600361664 0.06521739130434782
1 0.8010849909584087 0.6666666666666666 0.05063291139240506 0.06280193236714976
1 0.8951175406871609 0.6763285024154589 0.0433996383363472 0.06763285024154589
1 0.9430379746835442 0.7608695652173912 0.11392405063291139 0.17391304347826086
1 0.39059674502712477 0.8888888888888888 0.30018083182640143 0.21739130434782608
