1 0.215 0.2973977695167286 0.082 0.20817843866171004
1 0.34500000000000003 0.49814126394052044 0.038 0.08178438661710037
1 0.388 0.4869888475836431 0.044 0.11152416356877323
1 0.421 0.5278810408921932 0.046 0.11152416356877323
1 0.47400000000000003 0.5669144981412639 0.068 0.137546468401487
1 0.56 0.6226765799256505 0.108 0.20446096654275092
1 0.511 0.4107806691449814 0.034 0.08550185873605948
1 0.546 0.44981412639405205 0.044 0.11152416356877323
1 0.558 0.38104089219330856 0.024 0.055762081784386616
1 0.586 0.3940520446096654 0.032 0.08178438661710037
1 0.626 0.379182156133829 0.036000000000000004 0.08178438661710037
1 0.661 0.3661710037174721 0.026000000000000002 0.0483271375464684
1 0.718 0.32899628252788105 0.024 0.06319702602230483
1 0.747 0.3550185873605948 0.034 0.07806691449814127
1 0.751 0.4962825278810409 0.07 0.1449814126394052
1 0.777 0.4144981412639405 0.05 0.09293680297397769
1 0.843 0.5092936802973977 0.078 0.17843866171003717
1 0.857 0.395910780669145 0.058 0.10780669144981413
1 0.8310000000000001 0.33643122676579923 0.034 0.08550185873605948
1 0.848 0.3048327137546468 0.032 0.06691449814126393
1 0.922 0.3252788104089219 0.036000000000000004 0.07806691449814127
1 0.966 0.3940520446096654 0.06 0.1486988847583643
1 0.966 0.2973977695167286 0.032 0.07434944237918215
1 0.9480000000000001 0.6226765799256505 0.096 0.21189591078066913
