1 0.26833333333333337 0.63875 0.12333333333333334 0.2125
1 0.19083333333333335 0.52375 0.07833333333333334 0.1125
1 0.09250000000000001 0.49 0.065 0.095
1 0.029166666666666667 0.465 0.05166666666666667 0.095
1 0.058333333333333334 0.40750000000000003 0.03666666666666667 0.05
1 0.10666666666666667 0.40625 0.04666666666666667 0.0725
1 0.14 0.40625 0.02666666666666667 0.0475
1 0.18500000000000003 0.42375 0.04666666666666667 0.0775
1 0.21666666666666667 0.41125 0.030000000000000002 0.0575
1 0.25833333333333336 0.44875 0.05666666666666667 0.0925
1 0.29000000000000004 0.425 0.04 0.08
1 0.31083333333333335 0.40625 0.035 0.0625
1 0.24416666666666667 0.38625 0.018333333333333333 0.0325
1 0.3466666666666667 0.38375000000000004 0.023333333333333334 0.0375
1 0.34 0.36125 0.02666666666666667 0.0425
1 0.36000000000000004 0.4925 0.060000000000000005 0.095
1 0.38 0.4325 0.043333333333333335 0.08
1 0.37833333333333335 0.3875 0.030000000000000002 0.06
1 0.44083333333333335 0.42375 0.04166666666666667 0.0625
1 0.4758333333333334 0.4375 0.058333333333333334 0.09
1 0.47750000000000004 0.38625 0.03166666666666667 0.0525
1 0.5083333333333334 0.405 0.030000000000000002 0.07
1 0.545 0.48875 0.1 0.1475
1 0.6583333333333333 0.69875 0.16 0.3125
1 0.8466666666666667 0.62875 0.08333333333333334 0.1675
1 0.8658333333333333 0.53125 0.07833333333333334 0.11750000000000001
1 0.9016666666666667 0.50125 0.05 0.0925
1 0.9216666666666667 0.4675 0.04666666666666667 0.085
1 0.9433333333333334 0.43625 0.03666666666666667 0.0625
1 0.8575 0.41875 0.03166666666666667 0.0525
1 0.8333333333333334 0.4175 0.030000000000000002 0.055
1 0.8141666666666667 0.43875000000000003 0.035 0.0575
1 0.7833333333333334 0.4475 0.043333333333333335 0.075
1 0.7483333333333334 0.47625 0.05333333333333334 0.0825
1 0.6616666666666667 0.4875 0.07 0.105
1 0.6958333333333334 0.4 0.028333333333333335 0.055
1 0.6658333333333334 0.405 0.035 0.055
1 0.6075 0.42375 0.03166666666666667 0.0625
1 0.6191666666666668 0.39625 0.028333333333333335 0.0425
1 0.5741666666666667 0.4 0.021666666666666667 0.045
1 0.5475 0.41375 0.03166666666666667 0.0575
1 0.5416666666666667 0.38 0.02666666666666667 0.03
1 0.6708333333333334 0.275 0.028333333333333335 0.045
