1 0.0625 0.395 0.058333333333333334 0.105
1 0.10083333333333334 0.34500000000000003 0.045000000000000005 0.095
1 0.02 0.36125 0.03333333333333333 0.0925
1 0.055 0.3425 0.043333333333333335 0.08
1 0.16083333333333336 0.41125 0.04833333333333334 0.0775
1 0.18500000000000003 0.34625 0.04666666666666667 0.0975
1 0.2366666666666667 0.4225 0.06666666666666667 0.105
1 0.2341666666666667 0.35375 0.04166666666666667 0.0775
1 0.29583333333333334 0.38375000000000004 0.045000000000000005 0.0825
1 0.33416666666666667 0.39 0.04833333333333334 0.105
1 0.3741666666666667 0.3575 0.04833333333333334 0.1
1 0.29250000000000004 0.33375 0.04833333333333334 0.0725
1 0.5275000000000001 0.33 0.03833333333333334 0.07
1 0.5891666666666667 0.355 0.03833333333333334 0.06
1 0.645 0.34750000000000003 0.04666666666666667 0.09
1 0.7383333333333334 0.35625 0.05 0.08750000000000001
1 0.8166666666666668 0.35875 0.04666666666666667 0.0825
1 0.8816666666666667 0.355 0.04 0.075
1 0.9366666666666668 0.36875 0.05 0.08750000000000001
1 0.8 0.3325 0.03666666666666667 0.06
