1 0.046875 0.26666666666666666 0.040625 0.05
1 0.11484375000000001 0.29375 0.0328125 0.04791666666666666
1 0.16757812500000002 0.2755208333333333 0.02890625 0.04479166666666667
1 0.248828125 0.34375 0.05078125 0.06666666666666667
1 0.31796875 0.2739583333333333 0.0421875 0.08333333333333333
1 0.36484375 0.2817708333333333 0.03125 0.053125
1 0.39179687500000004 0.3151041666666667 0.04296875 0.06145833333333333
1 0.441015625 0.3151041666666667 0.032031250000000004 0.04479166666666667
1 0.494921875 0.3302083333333333 0.055468750000000004 0.08125
1 0.4703125 0.32708333333333334 0.0328125 0.05
1 0.558984375 0.3229166666666667 0.03828125 0.058333333333333334
1 0.5859375 0.3328125 0.0390625 0.06770833333333333
1 0.6394531250000001 0.35520833333333335 0.04453125 0.06875
1 0.7449218750000001 0.3921875 0.05390625 0.084375
1 0.741796875 0.3260416666666667 0.05234375 0.07291666666666667
1 0.844921875 0.3484375 0.057031250000000006 0.078125
1 0.8972656250000001 0.34739583333333335 0.07109375 0.09479166666666666
1 0.278125 0.27760416666666665 0.026562500000000003 0.036458333333333336
1 0.23828125 0.28125 0.035937500000000004 0.05416666666666667
1 0.20039062500000002 0.2911458333333333 0.03359375 0.046875
