1 0.15288104089219332 0.35500000000000004 0.030669144981412638 0.06666666666666667
1 0.1723977695167286 0.35333333333333333 0.039962825278810406 0.08666666666666667
1 0.2597583643122676 0.29000000000000004 0.019516728624535316 0.03666666666666667
1 0.29460966542750927 0.2725 0.020446096654275093 0.035
1 0.3215613382899628 0.24666666666666667 0.018587360594795536 0.03666666666666667
1 0.32760223048327136 0.22583333333333336 0.0120817843866171 0.025
1 0.34433085501858735 0.22083333333333335 0.015799256505576207 0.035
1 0.3652416356877323 0.2516666666666667 0.016728624535315983 0.04
1 0.36059479553903345 0.22416666666666668 0.011152416356877323 0.028333333333333335
1 0.37685873605947956 0.2341666666666667 0.015799256505576207 0.03166666666666667
1 0.38429368029739774 0.2025 0.01765799256505576 0.03833333333333334
1 0.4093866171003717 0.17333333333333334 0.0120817843866171 0.030000000000000002
1 0.4228624535315985 0.19083333333333335 0.0241635687732342 0.035
1 0.4265799256505576 0.225 0.018587360594795536 0.03666666666666667
1 0.4521375464684015 0.22583333333333336 0.01765799256505576 0.03166666666666667
1 0.46654275092936803 0.2566666666666667 0.031598513011152414 0.04666666666666667
1 0.4479553903345725 0.19083333333333335 0.016728624535315983 0.03833333333333334
1 0.4549256505576208 0.17416666666666666 0.013940520446096654 0.028333333333333335
1 0.4702602230483271 0.1925 0.01486988847583643 0.03166666666666667
1 0.4674721189591078 0.16083333333333336 0.01486988847583643 0.025
1 0.48466542750929364 0.16666666666666669 0.019516728624535316 0.03333333333333333
1 0.4865241635687732 0.19333333333333336 0.02137546468401487 0.03333333333333333
1 0.5176579925650557 0.21333333333333335 0.020446096654275093 0.04
1 0.48559479553903345 0.12916666666666668 0.0120817843866171 0.025
1 0.5311338289962825 0.13833333333333334 0.010223048327137546 0.03333333333333333
1 0.5436802973977695 0.16666666666666669 0.016728624535315983 0.030000000000000002
1 0.5450743494423792 0.1391666666666667 0.013940520446096654 0.03166666666666667
1 0.5636617100371747 0.14333333333333334 0.0120817843866171 0.03333333333333333
1 0.5659851301115242 0.18666666666666668 0.018587360594795536 0.03666666666666667
1 0.5743494423791822 0.1625 0.01486988847583643 0.025
1 0.6129182156133829 0.15166666666666667 0.01765799256505576 0.03333333333333333
1 0.595724907063197 0.11083333333333334 0.01486988847583643 0.03166666666666667
1 0.6352230483271375 0.10416666666666667 0.013940520446096654 0.03166666666666667
1 0.6435873605947955 0.0975 0.010223048327137546 0.025
1 0.6236059479553903 0.060833333333333336 0.01486988847583643 0.025
1 0.6742565055762082 0.06583333333333334 0.015799256505576207 0.028333333333333335
1 0.699814126394052 0.060000000000000005 0.01486988847583643 0.030000000000000002
1 0.5641263940520446 0.25333333333333335 0.0241635687732342 0.05
1 0.5325278810408922 0.35750000000000004 0.03717472118959107 0.058333333333333334
1 0.48559479553903345 0.3041666666666667 0.025092936802973975 0.055
1 0.5920074349442379 0.35500000000000004 0.026022304832713755 0.06333333333333334
1 0.6682156133828996 0.3616666666666667 0.02973977695167286 0.07333333333333333
1 0.6575278810408922 0.29583333333333334 0.028810408921933085 0.05166666666666667
1 0.6003717472118959 0.27083333333333337 0.026022304832713755 0.04833333333333334
1 0.6226765799256505 0.21500000000000002 0.026022304832713755 0.04666666666666667
1 0.6510223048327137 0.18000000000000002 0.023234200743494422 0.03666666666666667
1 0.6640334572490706 0.21583333333333335 0.02137546468401487 0.04833333333333334
1 0.6881970260223048 0.225 0.02695167286245353 0.05666666666666667
1 0.6868029739776952 0.1925 0.022304832713754646 0.03833333333333334
1 0.6877323420074349 0.15666666666666668 0.016728624535315983 0.03333333333333333
1 0.7193308550185873 0.1675 0.016728624535315983 0.028333333333333335
1 0.7202602230483272 0.14250000000000002 0.01486988847583643 0.03166666666666667
1 0.7439591078066914 0.1525 0.015799256505576207 0.035
1 0.7434944237918215 0.17916666666666667 0.018587360594795536 0.04166666666666667
1 0.7355947955390334 0.20333333333333334 0.025092936802973975 0.043333333333333335
1 0.7444237918215613 0.26 0.027881040892193308 0.06333333333333334
1 0.7170074349442379 0.2916666666666667 0.028810408921933085 0.060000000000000005
1 0.7848513011152416 0.3175 0.02695167286245353 0.058333333333333334
1 0.804368029739777 0.24250000000000002 0.023234200743494422 0.05166666666666667
1 0.7848513011152416 0.19166666666666668 0.019516728624535316 0.03666666666666667
1 0.7820631970260222 0.12833333333333335 0.015799256505576207 0.03333333333333333
1 0.7936802973977695 0.14833333333333334 0.016728624535315983 0.03333333333333333
1 0.8173791821561338 0.17 0.015799256505576207 0.03666666666666667
1 0.8294609665427509 0.14916666666666667 0.015799256505576207 0.03833333333333334
1 0.8420074349442379 0.16833333333333333 0.018587360594795536 0.04
1 0.8503717472118959 0.14500000000000002 0.01486988847583643 0.030000000000000002
1 0.8573420074349442 0.12833333333333335 0.0120817843866171 0.030000000000000002
1 0.8903345724907062 0.1975 0.018587360594795536 0.04166666666666667
1 0.866635687732342 0.24083333333333334 0.019516728624535316 0.05166666666666667
1 0.9070631970260222 0.29000000000000004 0.026022304832713755 0.05333333333333334
1 0.9205390334572491 0.2025 0.013940520446096654 0.035
1 0.9242565055762081 0.1625 0.013940520446096654 0.03166666666666667
1 0.8856877323420074 0.15583333333333335 0.013011152416356878 0.03166666666666667
1 0.8940520446096654 0.14416666666666667 0.016728624535315983 0.028333333333333335
