1 0.029388714733542317 0.4068627450980392 0.02586206896551724 0.05182072829131653
1 0.2147335423197492 0.3480392156862745 0.018808777429467086 0.037815126050420166
1 0.2507836990595611 0.34173669467787116 0.018808777429467086 0.04201680672268908
1 0.28134796238244514 0.3648459383753501 0.0219435736677116 0.04341736694677871
1 0.28448275862068967 0.29901960784313725 0.018808777429467086 0.0350140056022409
1 0.32249216300940436 0.35714285714285715 0.02115987460815047 0.05042016806722689
1 0.3483542319749216 0.3228291316526611 0.018025078369905956 0.0350140056022409
1 0.34678683385579934 0.29061624649859946 0.014890282131661442 0.0350140056022409
1 0.37656739811912227 0.32563025210084034 0.018025078369905956 0.0350140056022409
1 0.39302507836990597 0.3333333333333333 0.018025078369905956 0.036414565826330535
1 0.39811912225705326 0.29411764705882354 0.017241379310344827 0.028011204481792718
1 0.3804858934169279 0.25140056022408963 0.014890282131661442 0.03221288515406163
1 0.4047805642633229 0.26260504201680673 0.013322884012539185 0.02661064425770308
1 0.4184952978056426 0.25 0.012539184952978056 0.0350140056022409
1 0.4267241379310345 0.2703081232492997 0.013322884012539185 0.028011204481792718
1 0.4239811912225705 0.2976190476190476 0.01567398119122257 0.0350140056022409
1 0.45728840125391845 0.29971988795518206 0.016457680250783698 0.03361344537815126
1 0.4525862068965517 0.23669467787114845 0.013322884012539185 0.028011204481792718
1 0.4811912225705329 0.2661064425770308 0.017241379310344827 0.03361344537815126
1 0.49294670846394983 0.31442577030812324 0.018808777429467086 0.0350140056022409
1 0.5047021943573667 0.296218487394958 0.018808777429467086 0.029411764705882353
1 0.4404388714733542 0.24789915966386555 0.012539184952978056 0.028011204481792718
1 0.49294670846394983 0.25210084033613445 0.0109717868338558 0.028011204481792718
1 0.502742946708464 0.23949579831932774 0.011755485893416927 0.025210084033613446
1 0.5144984326018809 0.2619047619047619 0.016457680250783698 0.03081232492997199
1 0.554858934169279 0.2822128851540616 0.017241379310344827 0.0350140056022409
1 0.5399686520376176 0.219187675070028 0.017241379310344827 0.03221288515406163
1 0.5532915360501567 0.23109243697478993 0.012539184952978056 0.028011204481792718
1 0.5579937304075235 0.20168067226890757 0.012539184952978056 0.028011204481792718
1 0.5532915360501567 0.25910364145658266 0.017241379310344827 0.028011204481792718
1 0.5795454545454545 0.23739495798319327 0.016457680250783698 0.03221288515406163
1 0.5873824451410659 0.22128851540616246 0.014890282131661442 0.03361344537815126
1 0.5928683385579937 0.20238095238095238 0.013322884012539185 0.023809523809523808
1 0.6093260188087775 0.20868347338935575 0.013322884012539185 0.028011204481792718
1 0.6061912225705329 0.23179271708683474 0.013322884012539185 0.02661064425770308
1 0.6132445141065831 0.2542016806722689 0.014890282131661442 0.023809523809523808
1 0.6379310344827586 0.21708683473389356 0.012539184952978056 0.022408963585434174
1 0.6500783699059561 0.22899159663865545 0.011755485893416927 0.03221288515406163
1 0.6622257053291536 0.22408963585434175 0.0109717868338558 0.025210084033613446
1 0.679858934169279 0.2457983193277311 0.018025078369905956 0.037815126050420166
1 0.6434169278996865 0.26820728291316526 0.01567398119122257 0.0350140056022409
1 0.6148119122257053 0.28921568627450983 0.018025078369905956 0.0350140056022409
1 0.5795454545454545 0.3200280112044818 0.02115987460815047 0.04341736694677871
1 0.5160658307210031 0.35644257703081234 0.02586206896551724 0.049019607843137254
1 0.5235109717868338 0.4026610644257703 0.028213166144200625 0.05742296918767507
1 0.44122257053291536 0.4103641456582633 0.029780564263322883 0.06162464985994398
1 0.42907523510971785 0.3543417366946779 0.02115987460815047 0.04481792717086835
1 0.5905172413793103 0.42016806722689076 0.028996865203761754 0.06162464985994398
1 0.5795454545454545 0.3739495798319328 0.02586206896551724 0.047619047619047616
1 0.627742946708464 0.3326330532212885 0.0219435736677116 0.046218487394957986
1 0.661833855799373 0.3242296918767507 0.018025078369905956 0.04061624649859944
1 0.6630094043887147 0.35784313725490197 0.023510971786833854 0.049019607843137254
1 0.637539184952978 0.38935574229691877 0.027429467084639496 0.06162464985994398
1 0.6426332288401254 0.45588235294117646 0.03134796238244514 0.06862745098039216
1 0.6904388714733543 0.5042016806722689 0.03761755485893417 0.07563025210084033
1 0.7084639498432601 0.3942577030812325 0.028213166144200625 0.046218487394957986
1 0.6990595611285266 0.2815126050420168 0.014106583072100312 0.036414565826330535
1 0.7065047021943573 0.273109243697479 0.018025078369905956 0.03361344537815126
1 0.7198275862068966 0.242296918767507 0.011755485893416927 0.025210084033613446
1 0.7210031347962382 0.21778711484593838 0.012539184952978056 0.03221288515406163
1 0.7370689655172413 0.27941176470588236 0.014890282131661442 0.037815126050420166
1 0.7480407523510971 0.26260504201680673 0.016457680250783698 0.0350140056022409
1 0.7511755485893417 0.23949579831932774 0.013322884012539185 0.028011204481792718
1 0.7786050156739812 0.24369747899159663 0.014890282131661442 0.03361344537815126
1 0.7817398119122256 0.29411764705882354 0.013322884012539185 0.036414565826330535
1 0.7880094043887147 0.2759103641456583 0.014890282131661442 0.03081232492997199
1 0.8076018808777429 0.2535014005602241 0.013322884012539185 0.036414565826330535
1 0.7974137931034483 0.32983193277310924 0.016457680250783698 0.046218487394957986
1 0.7817398119122256 0.35714285714285715 0.022727272727272728 0.05042016806722689
1 0.7633228840125391 0.43557422969187676 0.02664576802507837 0.05322128851540616
1 0.7829153605015674 0.542016806722689 0.03918495297805642 0.08683473389355742
1 0.8138714733542319 0.4271708683473389 0.028996865203761754 0.058823529411764705
1 0.8734326018808777 0.44677871148459386 0.028996865203761754 0.06162464985994398
1 0.881269592476489 0.39985994397759106 0.02115987460815047 0.05742296918767507
1 0.8824451410658307 0.3473389355742297 0.018808777429467086 0.0392156862745098
1 0.8871473354231975 0.31932773109243695 0.018808777429467086 0.0392156862745098
1 0.8969435736677116 0.3074229691876751 0.013322884012539185 0.03221288515406163
1 0.8969435736677116 0.2801120448179272 0.014890282131661442 0.03361344537815126
1 0.863244514106583 0.2815126050420168 0.018025078369905956 0.0392156862745098
1 0.8389498432601881 0.3382352941176471 0.022727272727272728 0.04061624649859944
1 0.8268025078369906 0.3697478991596639 0.02037617554858934 0.047619047619047616
1 0.8283699059561128 0.2815126050420168 0.02037617554858934 0.036414565826330535
1 0.8264106583072099 0.25 0.014890282131661442 0.023809523809523808
1 0.8409090909090908 0.24789915966386555 0.014106583072100312 0.028011204481792718
