1 0.08175842235004108 0.4522184300341297 0.02875924404272802 0.06825938566552901
1 0.13681183237469186 0.5708191126279863 0.03368940016433854 0.07337883959044368
1 0.05834018077239112 0.3771331058020478 0.024650780608052588 0.06143344709897611
1 0.05751848808545604 0.20648464163822525 0.02136400986031224 0.03754266211604096
1 0.09202958093672967 0.09812286689419795 0.014790468364831551 0.025597269624573378
1 0.1162695152013147 0.1885665529010239 0.01725554642563681 0.03583617747440273
1 0.15981922760887426 0.12457337883959045 0.013968775677896466 0.03754266211604096
1 0.19145439605587508 0.17235494880546076 0.014790468364831551 0.03754266211604096
1 0.17543138866064092 0.23378839590443687 0.015612161051766639 0.040955631399317405
1 0.24116680361544782 0.24146757679180889 0.02218570254724733 0.05631399317406143
1 0.21487263763352504 0.3148464163822526 0.02218570254724733 0.052901023890784986
1 0.2136400986031224 0.44880546075085326 0.02793755135579293 0.05460750853242321
1 0.5501232539030403 0.44197952218430037 0.027115858668857847 0.07508532423208192
1 0.45686113393590794 0.257679180887372 0.023007395234182416 0.04436860068259386
1 0.48726376335250615 0.19880546075085326 0.018077239112571898 0.03924914675767918
1 0.5184880854560394 0.14505119453924914 0.014790468364831551 0.04436860068259386
1 0.5571076417419885 0.2713310580204778 0.023007395234182416 0.05460750853242321
1 0.6988496302382908 0.32337883959044367 0.020542317173377157 0.052901023890784986
1 0.3640098603122432 0.19880546075085326 0.01972062448644207 0.03924914675767918
1 0.3175842235004108 0.20733788395904437 0.01725554642563681 0.03242320819112628
1 0.2962202136400986 0.17235494880546076 0.015612161051766639 0.03754266211604096
1 0.2982744453574363 0.13651877133105803 0.018077239112571898 0.03754266211604096
1 0.26253081347576007 0.09982935153583618 0.015612161051766639 0.03242320819112628
1 0.2296631059983566 0.12372013651877133 0.015612161051766639 0.02901023890784983
1 0.37140509449465897 0.06313993174061433 0.011503697617091208 0.030716723549488054
1 0.4009860312243221 0.06996587030716724 0.011503697617091208 0.030716723549488054
1 0.43385373870172556 0.14249146757679182 0.016433853738701723 0.03583617747440273
1 0.38824979457682823 0.1493174061433447 0.015612161051766639 0.03242320819112628
1 0.44165981922760883 0.06399317406143344 0.012325390304026294 0.025597269624573378
1 0.4724732949876746 0.10580204778156997 0.014790468364831551 0.030716723549488054
1 0.47617091207888246 0.14334470989761092 0.015612161051766639 0.030716723549488054
1 0.4938373048479868 0.1015358361774744 0.01314708299096138 0.02901023890784983
1 0.5184880854560394 0.08191126279863481 0.009860312243221035 0.023890784982935155
1 0.495480690221857 0.051194539249146756 0.011503697617091208 0.027303754266211604
1 0.5550534100246508 0.060580204778156996 0.013968775677896466 0.03242320819112628
1 0.5850451930977814 0.17235494880546076 0.018077239112571898 0.04436860068259386
1 0.6236647493837305 0.20819112627986347 0.018077239112571898 0.040955631399317405
1 0.6055875102711585 0.10068259385665529 0.01314708299096138 0.030716723549488054
1 0.5854560394412489 0.07679180887372014 0.012325390304026294 0.030716723549488054
1 0.6359901396877568 0.09044368600682594 0.014790468364831551 0.027303754266211604
1 0.6692686935086277 0.13054607508532423 0.015612161051766639 0.042662116040955635
1 0.7206244864420707 0.18515358361774745 0.014790468364831551 0.03924914675767918
1 0.7423993426458504 0.18771331058020477 0.013968775677896466 0.034129692832764506
1 0.7251437962202136 0.24146757679180889 0.01725554642563681 0.05631399317406143
1 0.7945768282662284 0.33532423208191126 0.02793755135579293 0.06313993174061433
1 0.7896466721446179 0.17918088737201365 0.01314708299096138 0.040955631399317405
1 0.8270336894001643 0.2022184300341297 0.01725554642563681 0.04607508532423208
1 0.8709942481511914 0.24232081911262798 0.016433853738701723 0.040955631399317405
1 0.8919474116680361 0.27559726962457337 0.015612161051766639 0.04607508532423208
1 0.9457682826622843 0.33276450511945393 0.016433853738701723 0.051194539249146756
