1 0.04726027397260274 0.528747433264887 0.0863013698630137 0.2073921971252567
1 0.1726027397260274 0.4753593429158111 0.10410958904109589 0.16632443531827515
1 0.14452054794520547 0.29876796714579057 0.06712328767123288 0.09650924024640657
1 0.16643835616438357 0.27926078028747436 0.04794520547945205 0.11498973305954827
1 0.11164383561643836 0.27104722792607805 0.050684931506849315 0.09034907597535935
1 0.3678082191780822 0.3213552361396304 0.0726027397260274 0.10882956878850103
1 0.4904109589041096 0.10882956878850103 0.06301369863013699 0.09856262833675565
1 0.5691780821917808 0.3870636550308008 0.1 0.14989733059548255
1 0.6013698630136987 0.2535934291581109 0.0684931506849315 0.10061601642710473
1 0.5623287671232877 0.2720739219712526 0.056164383561643834 0.10061601642710473
1 0.6643835616438356 0.24435318275154005 0.06301369863013699 0.09034907597535935
1 0.7493150684931507 0.2587268993839836 0.0684931506849315 0.11498973305954827
1 0.7075342465753425 0.45995893223819306 0.11095890410958904 0.17248459958932238
1 0.8890410958904109 0.6273100616016427 0.16712328767123288 0.2648870636550308
1 0.8472602739726027 0.3162217659137577 0.07808219178082192 0.1273100616016427
1 0.8965753424657534 0.2484599589322382 0.056164383561643834 0.0944558521560575
1 0.9732876712328767 0.2135523613963039 0.050684931506849315 0.09034907597535935
