1 0.27431289640591966 0.3908045977011494 0.05391120507399577 0.12260536398467432
1 0.3784355179704017 0.5172413793103448 0.06342494714587738 0.14559386973180075
1 0.3668076109936575 0.20785440613026818 0.021141649048625793 0.05555555555555555
1 0.4101479915433404 0.25 0.021141649048625793 0.05172413793103448
1 0.44714587737843553 0.20019157088122605 0.014799154334038056 0.036398467432950186
1 0.47674418604651164 0.2222222222222222 0.014799154334038056 0.042145593869731796
1 0.4889006342494715 0.21168582375478925 0.017970401691331926 0.044061302681992334
1 0.5850951374207188 0.24904214559386972 0.024312896405919663 0.04980842911877394
1 0.6168076109936576 0.23946360153256704 0.024312896405919663 0.053639846743295014
1 0.5813953488372093 0.11015325670498084 0.012684989429175477 0.02490421455938697
1 0.6109936575052854 0.10344827586206896 0.010570824524312896 0.022988505747126436
1 0.6427061310782242 0.11877394636015325 0.010570824524312896 0.026819923371647507
1 0.6601479915433404 0.11877394636015325 0.011627906976744186 0.019157088122605363
