1 0.17586529466791395 0.4417637271214642 0.04864359214218896 0.08818635607321132
1 0.27876520112254444 0.24708818635607321 0.01683816651075772 0.03161397670549085
1 0.2932647333956969 0.23544093178036607 0.015902712815715623 0.028286189683860232
1 0.29560336763330214 0.26455906821963393 0.018709073900841908 0.033277870216306155
1 0.34190832553788586 0.2803660565723794 0.021515434985968196 0.04159733777038269
1 0.37277829747427504 0.2787021630615641 0.019644527595884004 0.03826955074875208
1 0.3540692235734331 0.2237936772046589 0.01403180542563143 0.03161397670549085
1 0.38260056127221703 0.21797004991680533 0.01683816651075772 0.036605657237936774
1 0.382132834424696 0.18136439267886856 0.015902712815715623 0.029950083194675542
1 0.4055191768007484 0.18885191347753744 0.01403180542563143 0.028286189683860232
1 0.41347053320860616 0.1605657237936772 0.013096351730589336 0.02495840266222962
1 0.4232927970065482 0.17470881863560733 0.015902712815715623 0.029950083194675542
1 0.4303086997193639 0.23044925124792015 0.0205799812909261 0.04159733777038269
1 0.46585594013096354 0.23377703826955076 0.022450888681010292 0.04159733777038269
1 0.4485500467726848 0.18469217970049917 0.01403180542563143 0.036605657237936774
1 0.46211412535079516 0.18718801996672213 0.018709073900841908 0.03161397670549085
1 0.4869036482694107 0.19800332778702165 0.021515434985968196 0.036605657237936774
1 0.47895229186155286 0.1622296173044925 0.01683816651075772 0.028286189683860232
1 0.4733395696913003 0.13477537437603992 0.013096351730589336 0.029950083194675542
1 0.49345182413470534 0.1589018302828619 0.01403180542563143 0.03161397670549085
1 0.5238540692235735 0.20133111480865226 0.0205799812909261 0.04658901830282862
1 0.5144995322731525 0.15557404326123128 0.013096351730589336 0.03494176372712147
1 0.5112254443405051 0.12562396006655574 0.01403180542563143 0.02495840266222962
1 0.5280636108512629 0.16888519134775376 0.015902712815715623 0.03161397670549085
1 0.5449017773620206 0.16555740432612312 0.01403180542563143 0.03826955074875208
1 0.5556594948550047 0.11980033277870217 0.011225444340505146 0.026622296173044926
1 0.5636108512628625 0.1281198003327787 0.01403180542563143 0.029950083194675542
1 0.5776426566884939 0.16306156405990016 0.01777362020579981 0.036605657237936774
1 0.5865294667913938 0.13643926788685523 0.014967259120673527 0.033277870216306155
1 0.5841908325537886 0.11480865224625625 0.01403180542563143 0.02329450915141431
1 0.5977549111318989 0.10232945091514144 0.013096351730589336 0.02495840266222962
1 0.6150608044901777 0.1464226289517471 0.015902712815715623 0.033277870216306155
1 0.6244153414405987 0.09900166389351082 0.01028999064546305 0.021630615640599003
1 0.6309635173058934 0.10399334442595674 0.01216089803554724 0.021630615640599003
1 0.6403180542563143 0.12312811980033278 0.01216089803554724 0.026622296173044926
1 0.6548175865294668 0.12895174708818635 0.013096351730589336 0.02495840266222962
1 0.6632366697848456 0.10316139767054909 0.013096351730589336 0.029950083194675542
1 0.7015902712815716 0.09900166389351082 0.013096351730589336 0.028286189683860232
1 0.4962581852198316 0.2995008319467554 0.02712815715622077 0.05324459234608985
1 0.5645463049579046 0.30282861896838603 0.023386342376052385 0.04991680532445924
1 0.5636108512628625 0.25374376039933444 0.021515434985968196 0.04492512479201331
1 0.6206735266604303 0.20133111480865226 0.019644527595884004 0.04326123128119801
1 0.6262862488306828 0.24126455906821964 0.023386342376052385 0.04326123128119801
1 0.6085126286248831 0.32196339434276205 0.028999064546304958 0.05823627287853578
1 0.6608980355472405 0.21381031613976706 0.021515434985968196 0.04492512479201331
1 0.6627689429373246 0.17803660565723795 0.021515434985968196 0.04326123128119801
1 0.6903648269410664 0.14891846921797006 0.014967259120673527 0.03161397670549085
1 0.7086061739943873 0.17054908485856907 0.019644527595884004 0.03494176372712147
1 0.7310570626753976 0.19384359400998336 0.021515434985968196 0.04492512479201331
1 0.7090739008419084 0.23544093178036607 0.018709073900841908 0.03826955074875208
1 0.735734331150608 0.24958402662229617 0.025257249766136577 0.056572379367720464
1 0.6936389148737138 0.3103161397670549 0.03274087932647334 0.05823627287853578
1 0.7488306828811974 0.3261231281198003 0.03648269410664172 0.06988352745424294
1 0.7287184284377923 0.15806988352745424 0.01683816651075772 0.029950083194675542
1 0.7460243217960711 0.14725457570715475 0.01403180542563143 0.028286189683860232
1 0.7521047708138447 0.12229617304492513 0.013096351730589336 0.02495840266222962
1 0.7675397567820393 0.14309484193011648 0.015902712815715623 0.036605657237936774
1 0.7759588400374181 0.194675540765391 0.021515434985968196 0.04658901830282862
1 0.7567820392890552 0.21214642262895175 0.022450888681010292 0.051580698835274545
1 0.7876520112254444 0.2612312811980033 0.022450888681010292 0.04991680532445924
1 0.8129092609915809 0.23710482529118138 0.0205799812909261 0.048252911813643926
1 0.833956969130028 0.1896838602329451 0.01777362020579981 0.036605657237936774
1 0.8063610851262862 0.14891846921797006 0.014967259120673527 0.03161397670549085
1 0.8320860617399439 0.14559068219633944 0.01403180542563143 0.03161397670549085
1 0.8451824134705332 0.11730449251247921 0.01403180542563143 0.03494176372712147
1 0.862956033676333 0.12479201331114809 0.01216089803554724 0.026622296173044926
1 0.8512628624883068 0.16722129783693843 0.014967259120673527 0.03494176372712147
1 0.8587464920486436 0.14891846921797006 0.013096351730589336 0.02495840266222962
1 0.8863423760523854 0.20216306156405991 0.015902712815715623 0.03826955074875208
1 0.8905519176800748 0.1638935108153078 0.014967259120673527 0.03494176372712147
1 0.90177736202058 0.16472545757071547 0.014967259120673527 0.033277870216306155
1 0.9050514499532273 0.13394342762063227 0.01403180542563143 0.028286189683860232
1 0.9209541627689429 0.1480865224625624 0.01403180542563143 0.026622296173044926
1 0.9275023386342376 0.2079866888519135 0.015902712815715623 0.036605657237936774
1 0.9275023386342376 0.25540765391014975 0.015902712815715623 0.04159733777038269
1 0.9256314312441535 0.30948419301164726 0.02712815715622077 0.0632279534109817
1 0.8994387277829747 0.3527454242928453 0.03086997193638915 0.06988352745424294
1 0.7993451824134705 0.41098169717138106 0.03648269410664172 0.08652246256239601
1 0.8498596819457437 0.2853577371048253 0.023386342376052385 0.048252911813643926
1 0.862488306828812 0.25207986688851913 0.022450888681010292 0.04159733777038269
