1 0.2757660167130919 0.25206611570247933 0.014856081708449397 0.03471074380165289
1 0.2934076137418756 0.2702479338842975 0.022284122562674095 0.04462809917355372
1 0.29851439182915507 0.23884297520661157 0.017641597028783658 0.03471074380165289
1 0.36118848653667596 0.256198347107438 0.022284122562674095 0.04297520661157025
1 0.38440111420612816 0.26859504132231404 0.016713091922005572 0.04132231404958678
1 0.36258124419684307 0.19669421487603306 0.015784586815227482 0.03305785123966942
1 0.39647168059424326 0.19586776859504132 0.016713091922005572 0.03140495867768595
1 0.40575673166202414 0.171900826446281 0.012999071494893221 0.026446280991735537
1 0.43779015784586817 0.22148760330578512 0.017641597028783658 0.03636363636363636
1 0.46425255338904364 0.19834710743801653 0.025998142989786442 0.049586776859504134
1 0.44196843082636955 0.18512396694214875 0.016713091922005572 0.03305785123966942
1 0.44707520891364905 0.1512396694214876 0.012070566388115135 0.03140495867768595
1 0.4596100278551532 0.15702479338842976 0.014856081708449397 0.02975206611570248
1 0.46332404828226553 0.14214876033057852 0.009285051067780874 0.01983471074380165
1 0.48375116063138346 0.16446280991735537 0.012999071494893221 0.028099173553719006
1 0.48235840297121635 0.19586776859504132 0.017641597028783658 0.03801652892561983
1 0.5051067780872794 0.12479338842975206 0.011142061281337047 0.024793388429752067
1 0.5116063138347261 0.15041322314049588 0.012999071494893221 0.03305785123966942
1 0.5218198700092851 0.16115702479338842 0.012999071494893221 0.028099173553719006
1 0.5167130919220055 0.19256198347107437 0.019498607242339833 0.04132231404958678
1 0.5343546889507892 0.18099173553719008 0.012070566388115135 0.028099173553719006
1 0.5487465181058496 0.1859504132231405 0.014856081708449397 0.03140495867768595
1 0.532033426183844 0.13305785123966943 0.014856081708449397 0.028099173553719006
1 0.5598885793871866 0.1305785123966942 0.012999071494893221 0.026446280991735537
1 0.552924791086351 0.1115702479338843 0.012070566388115135 0.028099173553719006
1 0.5798514391829155 0.13636363636363635 0.013927576601671309 0.03140495867768595
1 0.5877437325905293 0.128099173553719 0.014856081708449397 0.028099173553719006
1 0.5909935004642526 0.10165289256198347 0.01021355617455896 0.03140495867768595
1 0.60677808727948 0.10330578512396695 0.01021355617455896 0.024793388429752067
1 0.6114206128133705 0.1322314049586777 0.012070566388115135 0.03305785123966942
1 0.5993500464252554 0.1537190082644628 0.015784586815227482 0.02975206611570248
1 0.6374187558031569 0.13388429752066117 0.013927576601671309 0.023140495867768594
1 0.628133704735376 0.11983471074380166 0.012070566388115135 0.021487603305785124
1 0.6350974930362117 0.09917355371900827 0.012999071494893221 0.026446280991735537
1 0.6666666666666666 0.10578512396694215 0.012999071494893221 0.026446280991735537
1 0.691736304549675 0.09834710743801653 0.012999071494893221 0.028099173553719006
1 0.4870009285051068 0.3165289256198347 0.025069637883008356 0.05454545454545454
1 0.5566388115134633 0.315702479338843 0.028783658310120707 0.05950413223140496
1 0.5654596100278552 0.24793388429752067 0.025998142989786442 0.04628099173553719
1 0.6030640668523677 0.2611570247933884 0.02321262766945218 0.05289256198347107
1 0.6267409470752089 0.20330578512396694 0.022284122562674095 0.0396694214876033
1 0.6155988857938719 0.3322314049586777 0.033426183844011144 0.05950413223140496
1 0.6638811513463324 0.3305785123966942 0.031569173630454965 0.06611570247933884
1 0.669452181987001 0.2024793388429752 0.02414113277623027 0.04462809917355372
1 0.6532033426183844 0.16859504132231404 0.02135561745589601 0.0396694214876033
1 0.6768802228412256 0.1586776859504132 0.018570102135561747 0.03305785123966942
1 0.6880222841225627 0.19090909090909092 0.02042711234911792 0.03801652892561983
1 0.7149489322191273 0.171900826446281 0.016713091922005572 0.03636363636363636
1 0.7256267409470752 0.19090909090909092 0.019498607242339833 0.04462809917355372
1 0.7205199628597957 0.25041322314049586 0.025998142989786442 0.05454545454545454
1 0.745125348189415 0.21735537190082643 0.025069637883008356 0.04793388429752066
1 0.7748375116063139 0.19999999999999998 0.019498607242339833 0.04628099173553719
1 0.7525533890436398 0.14214876033057852 0.013927576601671309 0.03636363636363636
1 0.7595171773444754 0.128099173553719 0.014856081708449397 0.03140495867768595
1 0.7330547818012999 0.11239669421487603 0.015784586815227482 0.03636363636363636
1 0.7739090064995358 0.15454545454545454 0.017641597028783658 0.04132231404958678
1 0.7957288765088208 0.15289256198347106 0.018570102135561747 0.04132231404958678
1 0.8254410399257196 0.20578512396694215 0.02042711234911792 0.04132231404958678
1 0.8040854224698236 0.23801652892561984 0.025998142989786442 0.049586776859504134
1 0.7896935933147632 0.27107438016528923 0.028783658310120707 0.05950413223140496
1 0.7562674094707521 0.33884297520661155 0.036211699164345405 0.07603305785123966
1 0.7952646239554317 0.39669421487603307 0.039925719591457756 0.07603305785123966
1 0.83008356545961 0.32231404958677684 0.025998142989786442 0.0628099173553719
1 0.8263695450324977 0.13884297520661157 0.012999071494893221 0.02975206611570248
1 0.83008356545961 0.12479338842975206 0.014856081708449397 0.03140495867768595
1 0.8495821727019499 0.14132231404958678 0.014856081708449397 0.028099173553719006
1 0.8472609099350047 0.17272727272727273 0.015784586815227482 0.03471074380165289
1 0.8644382544103992 0.2115702479338843 0.02042711234911792 0.04297520661157025
1 0.8597957288765088 0.256198347107438 0.018570102135561747 0.04297520661157025
1 0.8918291550603529 0.3776859504132231 0.036211699164345405 0.08429752066115702
1 0.8974001857010213 0.2975206611570248 0.028783658310120707 0.06942148760330578
1 0.9076137418755803 0.2628099173553719 0.019498607242339833 0.04297520661157025
1 0.9173630454967502 0.23636363636363636 0.016713091922005572 0.03636363636363636
1 0.9155060352831941 0.20909090909090908 0.011142061281337047 0.028099173553719006
1 0.8802228412256268 0.17107438016528925 0.016713091922005572 0.03801652892561983
1 0.8862581244196843 0.14132231404958678 0.017641597028783658 0.03140495867768595
1 0.8755803156917363 0.13305785123966943 0.012999071494893221 0.028099173553719006
1 0.9196843082636954 0.1586776859504132 0.012070566388115135 0.03305785123966942
