1 0.08064516129032258 0.4620535714285714 0.06451612903225806 0.20089285714285712
1 0.17580645161290323 0.53125 0.054838709677419356 0.1607142857142857
1 0.26370967741935486 0.5558035714285714 0.043548387096774194 0.16517857142857142
1 0.3314516129032258 0.8616071428571428 0.06290322580645161 0.19642857142857142
1 0.4774193548387097 0.8861607142857142 0.06774193548387097 0.22767857142857142
1 0.646774193548387 0.9084821428571428 0.06774193548387097 0.18303571428571427
1 0.3435483870967742 0.609375 0.06129032258064516 0.14732142857142858
1 0.4153225806451613 0.6316964285714285 0.043548387096774194 0.15625
1 0.4814516129032258 0.59375 0.0532258064516129 0.15178571428571427
1 0.5556451612903226 0.5691964285714285 0.0467741935483871 0.15625
1 0.6443548387096775 0.5736607142857143 0.056451612903225805 0.16517857142857142
1 0.725 0.59375 0.0532258064516129 0.15178571428571427
1 0.8217741935483871 0.5892857142857143 0.05 0.16964285714285712
1 0.9411290322580645 0.5602678571428571 0.05967741935483871 0.17410714285714285
