1 0.3529980657640232 0.2120689655172414 0.019342359767891684 0.041379310344827586
1 0.4047388781431335 0.2482758620689655 0.022243713733075435 0.04482758620689655
1 0.4332688588007737 0.21724137931034482 0.013539651837524178 0.034482758620689655
1 0.45454545454545453 0.22241379310344828 0.019342359767891684 0.041379310344827586
1 0.5135396518375241 0.21982758620689655 0.019342359767891684 0.03620689655172414
1 0.5174081237911026 0.18362068965517242 0.017408123791102514 0.029310344827586206
1 0.5531914893617021 0.19310344827586207 0.015473887814313346 0.03793103448275862
1 0.5991295938104448 0.1706896551724138 0.020309477756286266 0.03103448275862069
1 0.6382978723404256 0.13706896551724138 0.013539651837524178 0.03275862068965517
1 0.7195357833655706 0.06293103448275862 0.013539651837524178 0.029310344827586206
1 0.7330754352030948 0.18275862068965518 0.019342359767891684 0.041379310344827586
1 0.6813346228239845 0.1939655172413793 0.0183752417794971 0.03275862068965517
1 0.6561895551257253 0.25689655172413794 0.022243713733075435 0.04482758620689655
1 0.7441972920696325 0.2775862068965517 0.022243713733075435 0.05517241379310345
1 0.7935203094777563 0.2603448275862069 0.020309477756286266 0.041379310344827586
1 0.8660541586073501 0.3439655172413793 0.022243713733075435 0.05
1 0.8873307543520309 0.2956896551724138 0.0183752417794971 0.05
1 0.8549323017408124 0.23275862068965517 0.015473887814313346 0.03793103448275862
1 0.8660541586073501 0.2 0.014506769825918761 0.03793103448275862
1 0.9134429400386848 0.22413793103448276 0.01644100580270793 0.034482758620689655
1 0.9477756286266925 0.2103448275862069 0.015473887814313346 0.03793103448275862
1 0.9516441005802708 0.2827586206896552 0.017408123791102514 0.041379310344827586
