1 0.11970684039087949 0.5443037974683544 0.04071661237785017 0.07313642756680731
1 0.21579804560260588 0.34247538677918427 0.01954397394136808 0.0379746835443038
1 0.24389250814332247 0.3769338959212377 0.021986970684039087 0.0450070323488045
1 0.2756514657980456 0.37130801687763715 0.021986970684039087 0.047819971870604785
1 0.2723941368078176 0.31856540084388185 0.020358306188925084 0.035161744022503515
1 0.32410423452768733 0.36075949367088606 0.024429967426710098 0.046413502109704644
1 0.3399837133550489 0.3361462728551336 0.020358306188925084 0.03656821378340366
1 0.3367263843648209 0.3030942334739803 0.01710097719869707 0.035161744022503515
1 0.36807817589576547 0.3410689170182841 0.017915309446254073 0.0379746835443038
1 0.3945439739413681 0.33825597749648384 0.021986970684039087 0.04078762306610408
1 0.3933224755700326 0.30520393811533053 0.017915309446254073 0.02812939521800281
1 0.3754071661237785 0.2679324894514768 0.01465798045602606 0.026722925457102673
1 0.38762214983713356 0.2841068917018284 0.017915309446254073 0.02812939521800281
1 0.41042345276872966 0.26230661040787623 0.016286644951140065 0.026722925457102673
1 0.42996742671009774 0.26441631504922647 0.01465798045602606 0.030942334739803096
1 0.4450325732899023 0.2749648382559775 0.018729641693811076 0.035161744022503515
1 0.44991856677524433 0.24472573839662448 0.015472312703583062 0.030942334739803096
1 0.49144951140065146 0.2651195499296765 0.01710097719869707 0.035161744022503515
1 0.504071661237785 0.28270042194092826 0.017915309446254073 0.03375527426160338
1 0.50814332247557 0.2545710267229255 0.01465798045602606 0.02812939521800281
1 0.5317589576547231 0.2841068917018284 0.017915309446254073 0.03656821378340366
1 0.48697068403908794 0.3340365682137834 0.01954397394136808 0.0379746835443038
1 0.4466612377850163 0.3241912798874824 0.023615635179153095 0.0379746835443038
1 0.4189739413680782 0.3150492264416315 0.020358306188925084 0.03656821378340366
1 0.43444625407166126 0.3537271448663854 0.023615635179153095 0.0379746835443038
1 0.5166938110749186 0.3670886075949367 0.025244299674267102 0.047819971870604785
1 0.45114006514657984 0.43037974683544306 0.02931596091205212 0.05907172995780591
1 0.5211726384364821 0.4345991561181435 0.03420195439739414 0.06188466947960619
1 0.5382736156351792 0.25035161744022505 0.016286644951140065 0.03375527426160338
1 0.5411237785016287 0.22222222222222224 0.015472312703583062 0.02812939521800281
1 0.5557817589576548 0.2580872011251758 0.015472312703583062 0.029535864978902954
1 0.5586319218241043 0.23417721518987342 0.013029315960912053 0.03234880450070324
1 0.5806188925081434 0.2545710267229255 0.016286644951140065 0.02531645569620253
1 0.5850977198697068 0.23277074542897327 0.015472312703583062 0.029535864978902954
1 0.5928338762214984 0.21378340365682139 0.013029315960912053 0.02812939521800281
1 0.613599348534202 0.21448663853727146 0.013843648208469056 0.029535864978902954
1 0.6221498371335505 0.229957805907173 0.01465798045602606 0.026722925457102673
1 0.6478013029315961 0.2180028129395218 0.013843648208469056 0.02812939521800281
1 0.6592019543973942 0.23277074542897327 0.012214983713355049 0.029535864978902954
1 0.6673452768729642 0.22151898734177217 0.01710097719869707 0.03234880450070324
1 0.614413680781759 0.2609001406469761 0.01710097719869707 0.029535864978902954
1 0.5850977198697068 0.33052039381153303 0.025244299674267102 0.047819971870604785
1 0.5659609120521173 0.4606188466947961 0.03745928338762215 0.07454289732770746
1 0.6172638436482085 0.47538677918424754 0.03745928338762215 0.08157524613220817
1 0.6046416938110749 0.37130801687763715 0.025244299674267102 0.0450070323488045
1 0.637214983713355 0.3755274261603376 0.025244299674267102 0.06188466947960619
1 0.6722312703583062 0.37763713080168776 0.023615635179153095 0.04922644163150492
1 0.7015472312703583 0.4078762306610408 0.03175895765472313 0.05625879043600562
1 0.618485342019544 0.3108298171589311 0.020358306188925084 0.04219409282700422
1 0.6551302931596091 0.2841068917018284 0.020358306188925084 0.03375527426160338
1 0.6657166123778502 0.319971870604782 0.021986970684039087 0.04922644163150492
1 0.6860749185667753 0.3030942334739803 0.018729641693811076 0.0379746835443038
1 0.6881107491856678 0.2538677918424754 0.016286644951140065 0.0379746835443038
1 0.7214983713355049 0.2651195499296765 0.016286644951140065 0.03234880450070324
1 0.7182410423452769 0.2419127988748242 0.013029315960912053 0.030942334739803096
1 0.7292345276872965 0.2320675105485232 0.015472312703583062 0.030942334739803096
1 0.748371335504886 0.26230661040787623 0.01465798045602606 0.03234880450070324
1 0.757328990228013 0.2883263009845288 0.01465798045602606 0.03375527426160338
1 0.7658794788273616 0.24753867791842477 0.01710097719869707 0.03375527426160338
1 0.7935667752442997 0.24613220815752462 0.01710097719869707 0.030942334739803096
1 0.6848534201954398 0.5443037974683544 0.03745928338762215 0.07876230661040788
1 0.7593648208469056 0.4360056258790436 0.030130293159609123 0.06469760900140648
1 0.7931596091205212 0.3663853727144866 0.021172638436482087 0.052039381153305204
1 0.8070032573289903 0.5028129395218003 0.03420195439739414 0.08016877637130802
1 0.8224755700325733 0.4711673699015471 0.03420195439739414 0.07313642756680731
1 0.8367263843648208 0.3987341772151899 0.02687296416938111 0.052039381153305204
1 0.8945439739413681 0.4704641350210971 0.033387622149837134 0.07172995780590717
1 0.9197882736156352 0.3663853727144866 0.021986970684039087 0.052039381153305204
1 0.9039087947882737 0.33755274261603374 0.021172638436482087 0.04219409282700422
1 0.9169381107491857 0.3171589310829817 0.016286644951140065 0.035161744022503515
1 0.876628664495114 0.2805907172995781 0.01710097719869707 0.0379746835443038
1 0.873371335504886 0.32841068917018285 0.01710097719869707 0.035161744022503515
1 0.8530130293159609 0.34247538677918427 0.020358306188925084 0.04360056258790436
1 0.8306188925081434 0.3319268635724332 0.02280130293159609 0.0450070323488045
1 0.7984527687296418 0.30520393811533053 0.018729641693811076 0.03938115330520394
1 0.7968241042345278 0.2742616033755274 0.015472312703583062 0.02812939521800281
1 0.8241042345276873 0.2616033755274262 0.016286644951140065 0.03938115330520394
1 0.8359120521172638 0.2819971870604782 0.018729641693811076 0.04078762306610408
1 0.8493485342019544 0.2658227848101266 0.01954397394136808 0.03938115330520394
