1 0.905 0.7875 0.07 0.095
1 0.8775000000000001 0.73625 0.05166666666666667 0.0775
1 0.8683333333333334 0.70375 0.05 0.0725
1 0.9775 0.73625 0.035 0.0675
1 0.6458333333333334 0.59 0.045000000000000005 0.065
1 0.5708333333333334 0.6975 0.035 0.055
1 0.54 0.70375 0.04 0.0575
1 0.45333333333333337 0.72375 0.05 0.0675
1 0.4866666666666667 0.67875 0.030000000000000002 0.0525
1 0.41833333333333333 0.69625 0.043333333333333335 0.0625
1 0.35583333333333333 0.6900000000000001 0.03166666666666667 0.045
1 0.2733333333333334 0.74375 0.07333333333333333 0.10250000000000001
1 0.305 0.70625 0.05 0.08750000000000001
1 0.17 0.6900000000000001 0.04 0.05
1 0.1 0.72875 0.06666666666666667 0.08750000000000001
1 0.04083333333333333 0.68125 0.04166666666666667 0.0675
1 0.0775 0.6675 0.04166666666666667 0.075
