1 0.055 0.5439672801635992 0.043333333333333335 0.0572597137014315
1 0.09166666666666667 0.5224948875255624 0.03666666666666667 0.051124744376278126
1 0.1366666666666667 0.5224948875255624 0.043333333333333335 0.06339468302658487
1 0.16833333333333333 0.5214723926380369 0.03333333333333333 0.049079754601227
1 0.18500000000000003 0.4928425357873211 0.03333333333333333 0.0408997955010225
1 0.22166666666666668 0.4856850715746422 0.03666666666666667 0.04703476482617587
1 0.2566666666666667 0.516359918200409 0.04 0.04703476482617587
1 0.2025 0.5419222903885481 0.035 0.049079754601227
1 0.21666666666666667 0.614519427402863 0.043333333333333335 0.055214723926380375
1 0.3041666666666667 0.5194274028629857 0.035 0.044989775051124746
1 0.33333333333333337 0.48875255623721886 0.030000000000000002 0.044989775051124746
1 0.36500000000000005 0.5265848670756647 0.03666666666666667 0.06339468302658487
1 0.33 0.6308793456032721 0.04 0.04703476482617587
1 0.4033333333333334 0.49488752556237225 0.03333333333333333 0.049079754601227
1 0.4133333333333334 0.5460122699386504 0.030000000000000002 0.049079754601227
1 0.42833333333333334 0.6196319018404909 0.04 0.049079754601227
1 0.4566666666666667 0.5102249488752557 0.04 0.051124744376278126
1 0.4816666666666667 0.5378323108384458 0.03333333333333333 0.049079754601227
1 0.5358333333333334 0.5419222903885481 0.035 0.05316973415132925
1 0.5416666666666667 0.6247443762781186 0.04666666666666667 0.06339468302658487
1 0.56 0.49182004089979553 0.03333333333333333 0.051124744376278126
1 0.6166666666666667 0.4693251533742332 0.03666666666666667 0.051124744376278126
1 0.5950000000000001 0.5449897750511248 0.03666666666666667 0.051124744376278126
1 0.6441666666666667 0.6206543967280164 0.04166666666666667 0.059304703476482624
1 0.6575000000000001 0.532719836400818 0.035 0.04703476482617587
1 0.6775 0.5092024539877301 0.035 0.05316973415132925
1 0.7166666666666667 0.539877300613497 0.043333333333333335 0.0572597137014315
1 0.7558333333333334 0.5061349693251534 0.035 0.051124744376278126
1 0.7608333333333334 0.5541922290388549 0.035 0.049079754601227
1 0.7350000000000001 0.6308793456032721 0.04 0.059304703476482624
1 0.8216666666666668 0.5521472392638037 0.04 0.05316973415132925
1 0.7983333333333333 0.514314928425358 0.03666666666666667 0.051124744376278126
1 0.8525 0.5173824130879346 0.03833333333333334 0.049079754601227
1 0.8833333333333334 0.5603271983640082 0.04 0.049079754601227
1 0.9066666666666667 0.5214723926380369 0.03666666666666667 0.044989775051124746
1 0.9333333333333333 0.5368098159509203 0.04 0.051124744376278126
1 0.8933333333333334 0.6370143149284254 0.043333333333333335 0.06339468302658487
