1 0.2309090909090909 0.6178082191780822 0.06545454545454546 0.09041095890410959
1 0.34545454545454546 0.6205479452054795 0.07272727272727272 0.10684931506849316
1 0.20363636363636364 0.5726027397260274 0.06545454545454546 0.08767123287671233
1 0.13727272727272727 0.5575342465753425 0.04181818181818182 0.057534246575342465
1 0.3118181818181818 0.541095890410959 0.045454545454545456 0.07397260273972603
1 0.30727272727272725 0.48356164383561645 0.03636363636363636 0.057534246575342465
1 0.3718181818181818 0.5452054794520548 0.04181818181818182 0.07671232876712329
1 0.4254545454545455 0.5698630136986301 0.04 0.0821917808219178
1 0.46454545454545454 0.5835616438356165 0.04909090909090909 0.0821917808219178
1 0.5218181818181818 0.6054794520547945 0.05818181818181818 0.0821917808219178
1 0.5018181818181818 0.4986301369863014 0.04 0.07123287671232877
1 0.46454545454545454 0.5013698630136987 0.03090909090909091 0.049315068493150684
1 0.43454545454545457 0.5219178082191781 0.02909090909090909 0.052054794520547946
1 0.40454545454545454 0.5054794520547945 0.03090909090909091 0.04657534246575343
1 0.5672727272727273 0.46986301369863015 0.025454545454545455 0.0410958904109589
1 0.5836363636363636 0.5287671232876713 0.025454545454545455 0.0547945205479452
1 0.6209090909090909 0.5493150684931507 0.04181818181818182 0.07397260273972603
1 0.6045454545454545 0.4808219178082192 0.03090909090909091 0.052054794520547946
1 0.7181818181818181 0.4712328767123288 0.03636363636363636 0.06575342465753425
1 0.7763636363636364 0.5684931506849316 0.06181818181818182 0.10136986301369863
1 0.8472727272727273 0.5712328767123288 0.05454545454545454 0.08493150684931507
1 0.8236363636363636 0.541095890410959 0.03636363636363636 0.052054794520547946
1 0.8109090909090909 0.4958904109589041 0.03636363636363636 0.06027397260273973
1 0.78 0.473972602739726 0.03636363636363636 0.07123287671232877
1 0.8690909090909091 0.5287671232876713 0.02909090909090909 0.049315068493150684
1 0.9163636363636364 0.5547945205479452 0.04727272727272727 0.07945205479452055
1 0.9472727272727273 0.5273972602739726 0.03272727272727273 0.07945205479452055
1 0.9863636363636363 0.5602739726027397 0.02727272727272727 0.07397260273972603
