1 0.037500000000000006 0.5326633165829145 0.03833333333333334 0.06532663316582915
1 0.11333333333333334 0.5389447236180904 0.03333333333333333 0.06281407035175879
1 0.11750000000000001 0.7600502512562815 0.09833333333333334 0.17336683417085427
1 0.11666666666666667 0.6494974874371859 0.05333333333333334 0.09296482412060302
1 0.27083333333333337 0.6520100502512562 0.06833333333333334 0.12814070351758794
1 0.275 0.5339195979899497 0.043333333333333335 0.07788944723618091
1 0.3433333333333334 0.5979899497487438 0.04666666666666667 0.08040201005025126
1 0.3725 0.5653266331658292 0.035 0.06030150753768844
1 0.4058333333333334 0.5251256281407035 0.03166666666666667 0.05527638190954774
1 0.31833333333333336 0.5477386934673367 0.03333333333333333 0.05527638190954774
1 0.5608333333333334 0.44095477386934673 0.03166666666666667 0.052763819095477386
1 0.5675 0.5841708542713568 0.035 0.052763819095477386
1 0.5775 0.5577889447236181 0.03166666666666667 0.06030150753768844
1 0.6325000000000001 0.6243718592964824 0.058333333333333334 0.10301507537688442
1 0.6533333333333333 0.5552763819095478 0.02666666666666667 0.06532663316582915
1 0.6675000000000001 0.5753768844221105 0.03166666666666667 0.05527638190954774
1 0.6975 0.5678391959798995 0.035 0.06532663316582915
1 0.7333333333333334 0.6557788944723618 0.07 0.135678391959799
1 0.7841666666666667 0.6030150753768845 0.04166666666666667 0.07537688442211056
1 0.8808333333333334 0.5402010050251257 0.045000000000000005 0.05025125628140704
1 0.9216666666666667 0.699748743718593 0.08333333333333334 0.13316582914572864
1 0.9716666666666667 0.5703517587939698 0.03333333333333333 0.06030150753768844
1 0.9600000000000001 0.5489949748743719 0.030000000000000002 0.0678391959798995
