1 0.12131653992395437 0.48493589743589743 0.05869771863117871 0.08205128205128205
1 0.23229562737642587 0.6977564102564102 0.16183460076045628 0.23717948717948717
1 0.19427281368821292 0.5621794871794872 0.07723384030418251 0.11217948717948718
1 0.3521863117870722 0.6096153846153847 0.09600760456273764 0.16923076923076924
1 0.33246197718631176 0.5275641025641026 0.05655893536121673 0.07692307692307693
1 0.34874049429657794 0.27884615384615385 0.043013307984790874 0.06025641025641026
1 0.4758792775665399 0.8560897435897435 0.20651140684410646 0.2794871794871795
1 0.6213165399239544 0.5740384615384615 0.07580798479087453 0.09807692307692308
1 0.6251188212927756 0.5294871794871795 0.06392585551330798 0.08525641025641026
1 0.6611216730038023 0.4823717948717949 0.051330798479087454 0.08525641025641026
1 0.8868821292775665 0.7764423076923077 0.16730038022813687 0.2503205128205128
1 0.8597908745247148 0.5349358974358974 0.0803231939163498 0.1141025641025641
1 0.9525903041825095 0.5346153846153846 0.0625 0.1032051282051282
1 0.9454610266159695 0.5004807692307692 0.05869771863117871 0.08301282051282051
