1 0.01956521739130435 0.26811594202898553 0.034782608695652174 0.12318840579710146
1 0.04782608695652174 0.23731884057971014 0.06086956521739131 0.09782608695652174
1 0.12934782608695652 0.2807971014492754 0.06304347826086956 0.11231884057971014
1 0.23152173913043478 0.4891304347826087 0.11521739130434783 0.21014492753623187
1 0.4315217391304348 0.5126811594202899 0.12391304347826088 0.19927536231884058
1 0.4326086956521739 0.26811594202898553 0.07391304347826087 0.13768115942028986
1 0.3978260869565217 0.24094202898550726 0.05652173913043478 0.11231884057971014
1 0.6228260869565218 0.3333333333333333 0.08043478260869566 0.14492753623188406
1 0.6293478260869565 0.18115942028985507 0.05 0.09420289855072464
1 0.7967391304347826 0.19021739130434784 0.05 0.08333333333333333
