1 0.11785714285714287 0.8361774744027304 0.18333333333333335 0.27986348122866894
1 0.2619047619047619 0.5938566552901023 0.12380952380952381 0.18430034129692832
1 0.2916666666666667 0.4129692832764505 0.06904761904761905 0.10921501706484642
1 0.32261904761904764 0.36177474402730375 0.05476190476190477 0.08191126279863481
1 0.43214285714285716 0.16382252559726962 0.09285714285714286 0.17064846416382254
1 0.6083333333333334 0.5494880546075085 0.10714285714285715 0.16382252559726962
1 0.7023809523809524 0.7474402730375427 0.14761904761904762 0.26621160409556316
1 0.048809523809523817 0.4129692832764505 0.07380952380952381 0.10238907849829351
1 0.10238095238095239 0.3839590443686007 0.05714285714285715 0.09215017064846416
1 0.17023809523809524 0.3395904436860068 0.05 0.08532423208191127
