1 0.3239715189873418 0.21001390820584143 0.01819620253164557 0.03894297635605007
1 0.34533227848101267 0.21418636995827536 0.01977848101265823 0.041724617524339355
1 0.3817246835443038 0.29694019471488176 0.029272151898734177 0.04589707927677329
1 0.48061708860759494 0.20027816411682892 0.01661392405063291 0.03894297635605007
1 0.46875 0.14673157162726008 0.01661392405063291 0.02920723226703755
1 0.5534018987341772 0.12030598052851181 0.015031645569620253 0.02642559109874826
1 0.5593354430379747 0.16968011126564672 0.0189873417721519 0.03894297635605007
1 0.8010284810126582 0.38803894297635605 0.038765822784810125 0.07788595271210014
1 0.8623417721518987 0.1356050069541029 0.012658227848101266 0.02920723226703755
1 0.8931962025316456 0.14255910987482615 0.011075949367088608 0.03477051460361613
