1 0.5425373134328358 0.5834990059642147 0.10895522388059702 0.12922465208747513
1 0.7686567164179104 0.5089463220675944 0.1044776119402985 0.147117296222664
1 0.8843283582089553 0.4135188866799204 0.07014925373134329 0.1033797216699801
1 0.9589552238805971 0.2872763419483101 0.0373134328358209 0.06560636182902584
1 0.7388059701492538 0.29224652087475145 0.04776119402985075 0.0636182902584493
1 0.6686567164179105 0.38270377733598404 0.0746268656716418 0.08548707753479125
1 0.6350746268656716 0.3001988071570576 0.04328358208955224 0.05566600397614314
1 0.582089552238806 0.27634194831013914 0.03582089552238806 0.04771371769383698
1 0.5470149253731343 0.2952286282306163 0.034328358208955224 0.04572564612326043
1 0.5455223880597015 0.35288270377733594 0.06119402985074627 0.08548707753479125
1 0.4791044776119403 0.3856858846918489 0.0626865671641791 0.06759443339960237
1 0.4291044776119403 0.35188866799204765 0.04626865671641791 0.059642147117296214
1 0.4388059701492537 0.2982107355864811 0.03582089552238806 0.05168986083499005
1 0.5067164179104477 0.2813121272365805 0.03134328358208955 0.049701789264413515
1 0.46417910447761196 0.5029821073558648 0.08059701492537313 0.10735586481113318
1 0.26119402985074625 0.573558648111332 0.10149253731343284 0.12922465208747513
1 0.22238805970149253 0.5119284294234592 0.0626865671641791 0.0934393638170974
1 0.14701492537313432 0.5397614314115308 0.07611940298507462 0.08946322067594432
1 0.1335820895522388 0.45228628230616297 0.06119402985074627 0.07753479125248508
1 0.1664179104477612 0.4214711729622266 0.04626865671641791 0.05566600397614314
1 0.20671641791044776 0.36878727634194824 0.049253731343283584 0.057654075546719676
1 0.30522388059701494 0.41053677932405563 0.058208955223880594 0.06163021868787276
1 0.2985074626865672 0.3588469184890656 0.041791044776119404 0.06163021868787276
1 0.11865671641791045 0.3777335984095427 0.04029850746268657 0.05168986083499005
1 0.020149253731343283 0.3946322067594433 0.0373134328358209 0.07753479125248508
