1 0.0175 0.4566666666666667 0.03 0.06666666666666667
1 0.02625 0.4033333333333334 0.0225 0.04666666666666667
1 0.07625 0.41000000000000003 0.0275 0.04666666666666667
1 0.16375 0.4166666666666667 0.0275 0.04666666666666667
1 0.17375000000000002 0.39666666666666667 0.0225 0.03333333333333333
1 0.20875 0.4066666666666667 0.0275 0.04666666666666667
1 0.2 0.4916666666666667 0.055 0.07666666666666667
1 0.2775 0.3866666666666667 0.025 0.04
1 0.31125 0.39666666666666667 0.0225 0.03333333333333333
1 0.3525 0.3916666666666667 0.02 0.03666666666666667
1 0.33625 0.515 0.0575 0.07
1 0.41125 0.43500000000000005 0.0375 0.05666666666666667
1 0.41625 0.38833333333333336 0.0225 0.043333333333333335
1 0.46375 0.42000000000000004 0.0275 0.05333333333333334
1 0.505 0.44333333333333336 0.035 0.05333333333333334
1 0.525 0.4133333333333334 0.025 0.04666666666666667
1 0.59 0.385 0.02 0.03666666666666667
1 0.59 0.4366666666666667 0.035 0.05333333333333334
1 0.64375 0.4083333333333334 0.0275 0.05
1 0.6725 0.39333333333333337 0.025 0.04
1 0.73375 0.46 0.0375 0.07333333333333333
1 0.74375 0.5783333333333334 0.0725 0.10333333333333335
1 0.75 0.40166666666666667 0.03 0.043333333333333335
1 0.8150000000000001 0.29500000000000004 0.045 0.07
1 0.88625 0.29000000000000004 0.0725 0.08666666666666667
