1 0.10246913580246914 0.45370370370370366 0.04197530864197531 0.08922558922558922
1 0.18641975308641975 0.2735690235690236 0.015637860082304528 0.03535353535353535
1 0.2139917695473251 0.2887205387205387 0.02139917695473251 0.04882154882154882
1 0.2551440329218107 0.23737373737373738 0.01646090534979424 0.03367003367003367
1 0.2938271604938272 0.24579124579124578 0.01646090534979424 0.0404040404040404
1 0.29958847736625516 0.20117845117845118 0.01316872427983539 0.03872053872053872
1 0.3201646090534979 0.23232323232323232 0.01316872427983539 0.043771043771043766
1 0.3374485596707819 0.21717171717171715 0.014814814814814815 0.04713804713804714
1 0.3617283950617284 0.25757575757575757 0.015637860082304528 0.04713804713804714
1 0.35061728395061725 0.19865319865319864 0.014814814814814815 0.03367003367003367
1 0.3794238683127572 0.1893939393939394 0.01316872427983539 0.028619528619528618
1 0.3818930041152263 0.2441077441077441 0.01646090534979424 0.0404040404040404
1 0.42386831275720166 0.19444444444444445 0.01316872427983539 0.03535353535353535
1 0.4345679012345679 0.17087542087542087 0.009876543209876543 0.03535353535353535
1 0.4510288065843621 0.18181818181818182 0.014814814814814815 0.026936026936026935
1 0.4860082304526749 0.20538720538720537 0.010699588477366255 0.03367003367003367
1 0.4613168724279835 0.25 0.01728395061728395 0.04882154882154882
1 0.42345679012345677 0.31397306397306396 0.015637860082304528 0.045454545454545456
1 0.5452674897119342 0.2222222222222222 0.015637860082304528 0.03367003367003367
1 0.48641975308641977 0.15151515151515152 0.011522633744855966 0.026936026936026935
1 0.5135802469135803 0.17003367003367004 0.014814814814814815 0.043771043771043766
1 0.5510288065843622 0.15824915824915825 0.012345679012345678 0.0303030303030303
1 0.5477366255144033 0.13047138047138046 0.013991769547325103 0.025252525252525252
1 0.5740740740740741 0.132996632996633 0.013991769547325103 0.026936026936026935
1 0.5753086419753086 0.1675084175084175 0.01316872427983539 0.028619528619528618
1 0.5662551440329218 0.20117845117845118 0.014814814814814815 0.03535353535353535
1 0.6061728395061728 0.17508417508417506 0.012345679012345678 0.0303030303030303
1 0.5876543209876544 0.12205387205387205 0.014814814814814815 0.028619528619528618
1 0.6189300411522634 0.19696969696969696 0.01316872427983539 0.037037037037037035
1 0.6539094650205761 0.18518518518518517 0.012345679012345678 0.03367003367003367
1 0.6465020576131687 0.14646464646464646 0.012345679012345678 0.0303030303030303
1 0.6283950617283951 0.12878787878787878 0.012345679012345678 0.03535353535353535
1 0.6020576131687243 0.14814814814814814 0.012345679012345678 0.0202020202020202
1 0.6604938271604938 0.12794612794612795 0.013991769547325103 0.03367003367003367
1 0.6847736625514403 0.13215488215488214 0.01316872427983539 0.025252525252525252
1 0.6843621399176955 0.16582491582491582 0.013991769547325103 0.03535353535353535
1 0.7119341563786008 0.15488215488215487 0.011522633744855966 0.03367003367003367
1 0.6621399176954732 0.23316498316498316 0.018930041152263374 0.03872053872053872
1 0.5674897119341563 0.3409090909090909 0.022222222222222223 0.045454545454545456
1 0.6090534979423868 0.2904040404040404 0.019753086419753086 0.05218855218855219
1 0.7061728395061728 0.21717171717171715 0.01316872427983539 0.037037037037037035
1 0.7238683127572016 0.2617845117845118 0.018930041152263374 0.04882154882154882
1 0.7395061728395061 0.22895622895622894 0.012345679012345678 0.03367003367003367
1 0.776954732510288 0.21127946127946126 0.01316872427983539 0.03198653198653199
1 0.7473251028806585 0.19276094276094274 0.014814814814814815 0.03198653198653199
1 0.7765432098765432 0.18013468013468012 0.010699588477366255 0.02356902356902357
1 0.811522633744856 0.18855218855218855 0.01316872427983539 0.03367003367003367
1 0.8164609053497942 0.2281144781144781 0.01316872427983539 0.03535353535353535
1 0.7950617283950617 0.24747474747474746 0.01316872427983539 0.043771043771043766
1 0.7440329218106996 0.2946127946127946 0.014814814814814815 0.04713804713804714
1 0.6061728395061728 0.3737373737373737 0.023868312757201644 0.057239057239057235
1 0.6617283950617284 0.4006734006734007 0.027983539094650206 0.05387205387205387
1 0.7205761316872428 0.40909090909090906 0.023868312757201644 0.0606060606060606
1 0.7843621399176954 0.44781144781144777 0.02633744855967078 0.07744107744107744
1 0.8695473251028807 0.5176767676767676 0.02880658436213992 0.08249158249158249
1 0.8757201646090534 0.42508417508417506 0.02139917695473251 0.06902356902356901
1 0.8135802469135802 0.29713804713804715 0.01728395061728395 0.05218855218855219
1 0.8753086419753087 0.3148148148148148 0.018930041152263374 0.04713804713804714
1 0.8934156378600823 0.28787878787878785 0.013991769547325103 0.037037037037037035
1 0.8300411522633745 0.21632996632996632 0.015637860082304528 0.03872053872053872
1 0.8695473251028807 0.2281144781144781 0.013991769547325103 0.03535353535353535
1 0.9061728395061728 0.22390572390572389 0.01316872427983539 0.0303030303030303
1 0.9074074074074074 0.25757575757575757 0.010699588477366255 0.0303030303030303
1 0.9349794238683128 0.26936026936026936 0.01316872427983539 0.0404040404040404
1 0.9275720164609054 0.3164983164983165 0.014814814814814815 0.04713804713804714
1 0.8621399176954733 0.37457912457912457 0.015637860082304528 0.05218855218855219
1 0.9633744855967078 0.45538720538720534 0.0205761316872428 0.062289562289562284
1 0.9539094650205762 0.3787878787878788 0.014814814814814815 0.050505050505050504
1 0.9794238683127572 0.36952861952861954 0.01316872427983539 0.04882154882154882
1 0.9806584362139917 0.32154882154882153 0.013991769547325103 0.04713804713804714
1 0.988477366255144 0.2567340067340067 0.011522633744855966 0.04208754208754208
1 0.9547325102880658 0.24326599326599327 0.01316872427983539 0.03872053872053872
