1 0.045 0.4752650176678445 0.065 0.13074204946996465
1 0.065 0.3939929328621908 0.065 0.10247349823321554
1 0.13125 0.4416961130742049 0.0675 0.1413427561837456
1 0.12125 0.33568904593639576 0.0475 0.0706713780918728
1 0.185 0.35159010600706714 0.055 0.06713780918727916
1 0.2025 0.42226148409893993 0.055 0.10247349823321554
1 0.25125000000000003 0.4558303886925795 0.0675 0.10600706713780919
1 0.25375000000000003 0.36042402826855124 0.0475 0.08480565371024734
1 0.41375 0.3657243816254417 0.0575 0.06713780918727916
1 0.73875 0.32332155477031804 0.0925 0.1519434628975265
