1 0.03791666666666667 0.5222088835534213 0.07416666666666667 0.12004801920768307
1 0.25875000000000004 0.5096038415366146 0.11916666666666667 0.15726290516206481
1 0.27958333333333335 0.4381752701080432 0.08583333333333334 0.12004801920768307
1 0.11 0.3799519807923169 0.02666666666666667 0.04441776710684273
1 0.3541666666666667 0.471188475390156 0.05666666666666667 0.10444177671068426
1 0.4341666666666667 0.559423769507803 0.095 0.15126050420168066
1 0.4683333333333334 0.471188475390156 0.06833333333333334 0.12605042016806722
1 0.5004166666666667 0.49099639855942373 0.03916666666666667 0.11044417767106841
1 0.5337500000000001 0.49099639855942373 0.0425 0.0864345738295318
1 0.58375 0.5072028811524609 0.04916666666666667 0.0900360144057623
1 0.7879166666666667 0.25810324129651857 0.11416666666666668 0.1680672268907563
1 0.5533333333333333 0.3763505402160864 0.02 0.03241296518607443
1 0.6000000000000001 0.39255702280912363 0.023333333333333334 0.03841536614645858
1 0.45125000000000004 0.375750300120048 0.020833333333333336 0.03841536614645858
1 0.47000000000000003 0.38955582232893154 0.016666666666666666 0.02280912364945978
1 0.49000000000000005 0.38955582232893154 0.018333333333333333 0.030012004801920768
1 0.5125000000000001 0.3997599039615846 0.02 0.028811524609843937
1 0.41125 0.44057623049219685 0.0475 0.07923169267707082
1 0.37625000000000003 0.375750300120048 0.020833333333333336 0.031212484993997598
