1 0.10191846522781774 0.5511204481792717 0.0583533173461231 0.10504201680672269
1 0.2214228617106315 0.3480392156862745 0.019184652278177457 0.0350140056022409
1 0.2597921662669864 0.34103641456582634 0.02078337330135891 0.046218487394957986
1 0.2853717026378897 0.296218487394958 0.019184652278177457 0.037815126050420166
1 0.28457234212629895 0.3704481792717087 0.02238209432454037 0.049019607843137254
1 0.3173461231015188 0.3795518207282913 0.025579536370903277 0.047619047619047616
1 0.35291766586730616 0.32563025210084034 0.019984012789768184 0.04341736694677871
1 0.3545163868904876 0.2920168067226891 0.01838529176658673 0.037815126050420166
1 0.38369304556354916 0.3284313725490196 0.014388489208633093 0.0350140056022409
1 0.40687450039968026 0.3319327731092437 0.019184652278177457 0.04201680672268908
1 0.40447641886490804 0.29551820728291317 0.01598721023181455 0.03361344537815126
1 0.4380495603517186 0.3291316526610644 0.02078337330135891 0.036414565826330535
1 0.43725019984012786 0.29971988795518206 0.019184652278177457 0.036414565826330535
1 0.4668265387689848 0.29411764705882354 0.019184652278177457 0.036414565826330535
1 0.5083932853717026 0.3088235294117647 0.017585931254996003 0.037815126050420166
1 0.4028776978417266 0.23599439775910364 0.014388489208633093 0.0350140056022409
1 0.4292565947242206 0.2605042016806723 0.012789768185451638 0.028011204481792718
1 0.44324540367705834 0.24439775910364145 0.013589128697042365 0.029411764705882353
1 0.45643485211830537 0.2710084033613445 0.014388489208633093 0.03221288515406163
1 0.4628297362110312 0.23669467787114845 0.012789768185451638 0.025210084033613446
1 0.4900079936051159 0.25910364145658266 0.014388489208633093 0.028011204481792718
1 0.5231814548361311 0.25980392156862747 0.015187849720223821 0.03221288515406163
1 0.5139888089528377 0.23319327731092437 0.014388489208633093 0.02661064425770308
1 0.5283772981614708 0.24789915966386555 0.012789768185451638 0.025210084033613446
1 0.5447641886490807 0.28291316526610644 0.015187849720223821 0.03361344537815126
1 0.5695443645083933 0.24859943977591037 0.013589128697042365 0.029411764705882353
1 0.5419664268585132 0.22338935574229693 0.012789768185451638 0.029411764705882353
1 0.5631494804156675 0.21568627450980393 0.013589128697042365 0.025210084033613446
1 0.5883293365307753 0.24019607843137256 0.012789768185451638 0.02661064425770308
1 0.592326139088729 0.22128851540616246 0.014388489208633093 0.028011204481792718
1 0.6039168665067945 0.19817927170868346 0.013589128697042365 0.02661064425770308
1 0.6191047162270183 0.20448179271708683 0.015187849720223821 0.028011204481792718
1 0.6278976818545163 0.23739495798319327 0.015187849720223821 0.03221288515406163
1 0.6502797761790567 0.21428571428571427 0.013589128697042365 0.028011204481792718
1 0.6622701838529177 0.22338935574229693 0.011990407673860911 0.029411764705882353
1 0.6754596322941646 0.22338935574229693 0.012789768185451638 0.03221288515406163
1 0.6946442845723421 0.24299719887955182 0.01598721023181455 0.0350140056022409
1 0.4724220623501199 0.3914565826330532 0.030375699440447643 0.06302521008403361
1 0.5239808153477218 0.3648459383753501 0.027977617905675458 0.0546218487394958
1 0.5383693045563549 0.39705882352941174 0.032773780975219824 0.06302521008403361
1 0.5787370103916867 0.42507002801120447 0.035171862509992005 0.07142857142857142
1 0.6087130295763389 0.3403361344537815 0.023181454836131096 0.047619047619047616
1 0.5915267785771383 0.32072829131652664 0.023980815347721823 0.05322128851540616
1 0.6290967226219024 0.2927170868347339 0.017585931254996003 0.04201680672268908
1 0.6382893685051958 0.32633053221288516 0.019984012789768184 0.047619047619047616
1 0.6562749800159872 0.3641456582633053 0.025579536370903277 0.056022408963585436
1 0.6766586730615507 0.34663865546218486 0.026378896882494004 0.06302521008403361
1 0.6302957633892885 0.4446778711484594 0.037569944044764186 0.07142857142857142
1 0.6870503597122302 0.5035014005602241 0.04236610711430855 0.0938375350140056
1 0.6662669864108713 0.25910364145658266 0.01838529176658673 0.03361344537815126
1 0.7114308553157473 0.2801120448179272 0.014388489208633093 0.03081232492997199
1 0.7194244604316546 0.2556022408963585 0.019184652278177457 0.04061624649859944
1 0.7302158273381295 0.2415966386554622 0.013589128697042365 0.037815126050420166
1 0.7430055955235811 0.22338935574229693 0.016786570743405275 0.03221288515406163
1 0.7677857713828937 0.23529411764705882 0.015187849720223821 0.036414565826330535
1 0.7561950439648282 0.27380952380952384 0.017585931254996003 0.04061624649859944
1 0.7513988808952837 0.2556022408963585 0.014388489208633093 0.03221288515406163
1 0.7278177458033573 0.3949579831932773 0.027977617905675458 0.058823529411764705
1 0.7581934452438049 0.43487394957983194 0.027977617905675458 0.06862745098039216
1 0.7957633892885692 0.5070028011204482 0.03916866506794564 0.0784313725490196
1 0.8313349320543565 0.44047619047619047 0.028776978417266185 0.06302521008403361
1 0.8968824940047961 0.4698879551820728 0.03357314148681055 0.06862745098039216
1 0.7941646682653877 0.3508403361344538 0.01838529176658673 0.0546218487394958
1 0.8025579536370903 0.34593837535014005 0.02078337330135891 0.04481792717086835
1 0.8485211830535572 0.3711484593837535 0.02158273381294964 0.058823529411764705
1 0.8613109512390088 0.36904761904761907 0.016786570743405275 0.04061624649859944
1 0.8896882494004796 0.3851540616246499 0.02078337330135891 0.05322128851540616
1 0.9108713029576339 0.3445378151260504 0.016786570743405275 0.04201680672268908
1 0.9212629896083133 0.3200280112044818 0.016786570743405275 0.037815126050420166
1 0.9124700239808153 0.28711484593837533 0.011990407673860911 0.028011204481792718
1 0.9180655475619505 0.265406162464986 0.016786570743405275 0.0350140056022409
1 0.8820943245403677 0.288515406162465 0.015187849720223821 0.03361344537815126
1 0.8661071143085531 0.3165266106442577 0.01838529176658673 0.04481792717086835
1 0.8289368505195843 0.30532212885154064 0.019184652278177457 0.036414565826330535
1 0.7985611510791367 0.3011204481792717 0.019184652278177457 0.03361344537815126
1 0.8105515587529976 0.2661064425770308 0.017585931254996003 0.03361344537815126
1 0.8245403677058353 0.2605042016806723 0.013589128697042365 0.03361344537815126
1 0.7977617905675459 0.2556022408963585 0.014388489208633093 0.029411764705882353
1 0.8437250199840127 0.265406162464986 0.015187849720223821 0.03221288515406163
1 0.8557154276578737 0.25280112044817926 0.013589128697042365 0.03221288515406163
