1 0.1006006006006006 0.26287744227353466 0.017017017017017015 0.028419182948490232
1 0.16566566566566565 0.23001776198934282 0.01901901901901902 0.03730017761989343
1 0.26876876876876876 0.25044404973357015 0.02702702702702703 0.056838365896980464
1 0.34034034034034033 0.21758436944937834 0.018018018018018018 0.04085257548845471
1 0.4314314314314314 0.19182948490230906 0.03003003003003003 0.056838365896980464
1 0.4444444444444444 0.22735346358792186 0.018018018018018018 0.03197158081705151
1 0.49099099099099097 0.22291296625222026 0.023023023023023025 0.04440497335701599
1 0.5055055055055055 0.17673179396092362 0.02002002002002002 0.04440497335701599
1 0.55005005005005 0.19182948490230906 0.01901901901901902 0.03907637655417407
1 0.5980980980980981 0.1616341030195382 0.017017017017017015 0.035523978685612786
1 0.6216216216216216 0.1447602131438721 0.014014014014014014 0.03019538188277087
1 0.6431431431431431 0.25754884547069273 0.023023023023023025 0.05328596802841919
1 0.7242242242242242 0.29484902309058614 0.02702702702702703 0.06039076376554174
1 0.8413413413413413 0.34369449378330375 0.029029029029029027 0.055062166962699825
1 0.8368368368368369 0.23268206039076378 0.02002002002002002 0.046181172291296625
1 0.9264264264264264 0.2921847246891652 0.023023023023023025 0.04085257548845471
