1 0.18400770712909442 0.47368421052631576 0.06165703275529865 0.11513157894736842
1 0.26541425818882464 0.2689144736842105 0.018304431599229287 0.044407894736842105
1 0.28034682080924855 0.2689144736842105 0.02119460500963391 0.03782894736842105
1 0.32803468208092484 0.24424342105263155 0.02023121387283237 0.03782894736842105
1 0.33622350674373797 0.21463815789473684 0.019267822736030827 0.03782894736842105
1 0.35260115606936415 0.20970394736842105 0.017341040462427744 0.041118421052631575
1 0.36416184971098264 0.22039473684210525 0.019267822736030827 0.03618421052631579
1 0.35934489402697495 0.2557565789473684 0.02119460500963391 0.04769736842105263
1 0.3766859344894027 0.2787828947368421 0.025048169556840076 0.04769736842105263
1 0.40510597302504814 0.2902960526315789 0.02601156069364162 0.05098684210526316
1 0.4055876685934489 0.2220394736842105 0.023121387283236993 0.042763157894736836
1 0.39258188824662815 0.19490131578947367 0.018304431599229287 0.03125
1 0.37524084778420036 0.1907894736842105 0.014450867052023121 0.039473684210526314
1 0.4234104046242774 0.1957236842105263 0.018304431599229287 0.03618421052631579
1 0.45809248554913296 0.18996710526315788 0.018304431599229287 0.03453947368421052
1 0.48265895953757226 0.22779605263157893 0.023121387283236993 0.044407894736842105
1 0.4653179190751445 0.22615131578947367 0.017341040462427744 0.044407894736842105
1 0.47447013487475914 0.15213815789473684 0.018304431599229287 0.03125
1 0.49229287090558765 0.1694078947368421 0.017341040462427744 0.02631578947368421
1 0.49710982658959535 0.1356907894736842 0.015414258188824663 0.03125
1 0.5067437379576107 0.14967105263157893 0.015414258188824663 0.02631578947368421
1 0.5260115606936416 0.18338815789473684 0.017341040462427744 0.03125
1 0.5433526011560693 0.20394736842105263 0.023121387283236993 0.042763157894736836
1 0.5308285163776493 0.1669407894736842 0.017341040462427744 0.03453947368421052
1 0.5669556840077071 0.16611842105263158 0.018304431599229287 0.03618421052631579
1 0.5804431599229287 0.14967105263157893 0.014450867052023121 0.02631578947368421
1 0.5814065510597303 0.12171052631578946 0.014450867052023121 0.029605263157894735
1 0.5997109826589595 0.16529605263157893 0.02023121387283237 0.03782894736842105
1 0.6127167630057804 0.14144736842105263 0.01348747591522158 0.02631578947368421
1 0.6141618497109826 0.12006578947368421 0.010597302504816955 0.023026315789473683
1 0.626204238921002 0.14802631578947367 0.017341040462427744 0.029605263157894735
1 0.6348747591522158 0.13404605263157893 0.015414258188824663 0.03125
1 0.655587668593449 0.1381578947368421 0.016377649325626204 0.03618421052631579
1 0.6661849710982659 0.12088815789473684 0.016377649325626204 0.03453947368421052
1 0.6305394990366089 0.11348684210526315 0.012524084778420038 0.023026315789473683
1 0.5679190751445087 0.25164473684210525 0.02601156069364162 0.049342105263157895
1 0.5211946050096339 0.303453947368421 0.030828516377649325 0.06414473684210525
1 0.5606936416184971 0.30838815789473684 0.03275529865125241 0.06085526315789473
1 0.6228323699421965 0.3544407894736842 0.0394990366088632 0.06085526315789473
1 0.6396917148362234 0.24671052631578946 0.025048169556840076 0.05592105263157894
1 0.6421001926782274 0.2064144736842105 0.022157996146435453 0.044407894736842105
1 0.6748554913294798 0.2006578947368421 0.022157996146435453 0.042763157894736836
1 0.6950867052023121 0.256578947368421 0.027938342967244702 0.05921052631578947
1 0.7336223506743738 0.22615131578947367 0.02601156069364162 0.05098684210526316
1 0.7389210019267822 0.29851973684210525 0.025048169556840076 0.05098684210526316
1 0.7186897880539499 0.18914473684210525 0.023121387283236993 0.039473684210526314
1 0.708092485549133 0.15296052631578946 0.017341040462427744 0.029605263157894735
1 0.697495183044316 0.1225328947368421 0.017341040462427744 0.03125
1 0.7278420038535646 0.15296052631578946 0.014450867052023121 0.029605263157894735
1 0.7408477842003853 0.17598684210526314 0.017341040462427744 0.042763157894736836
1 0.7533718689788054 0.19901315789473684 0.019267822736030827 0.042763157894736836
1 0.7480732177263969 0.12006578947368421 0.016377649325626204 0.039473684210526314
1 0.7750481695568401 0.14226973684210525 0.018304431599229287 0.03782894736842105
1 0.7861271676300577 0.1225328947368421 0.015414258188824663 0.03453947368421052
1 0.8015414258188824 0.1356907894736842 0.017341040462427744 0.03453947368421052
1 0.791907514450867 0.16611842105263158 0.017341040462427744 0.03618421052631579
1 0.819364161849711 0.16529605263157893 0.018304431599229287 0.03782894736842105
1 0.7928709055876686 0.2080592105263158 0.02697495183044316 0.044407894736842105
1 0.7817919075144508 0.24095394736842105 0.02601156069364162 0.05098684210526316
1 0.7991329479768786 0.28125 0.027938342967244702 0.0625
1 0.8723506743737958 0.3067434210526316 0.029865125240847785 0.05756578947368421
1 0.867533718689788 0.26809210526315785 0.024084778420038536 0.042763157894736836
1 0.8651252408477842 0.21299342105263155 0.023121387283236993 0.05098684210526316
1 0.869942196531792 0.18914473684210525 0.023121387283236993 0.03289473684210526
1 0.8622350674373795 0.15296052631578946 0.02119460500963391 0.03618421052631579
1 0.8795761078998073 0.15296052631578946 0.017341040462427744 0.042763157894736836
1 0.9123314065510597 0.1751644736842105 0.019267822736030827 0.041118421052631575
1 0.9214836223506744 0.16036184210526314 0.016377649325626204 0.03125
1 0.9460500963391136 0.2598684210526316 0.025048169556840076 0.05263157894736842
1 0.9513487475915221 0.22450657894736842 0.02023121387283237 0.041118421052631575
1 0.9340077071290944 0.22368421052631576 0.018304431599229287 0.03618421052631579
