1 0.09641025641025641 0.24680073126142596 0.022564102564102566 0.043875685557586835
1 0.21846153846153846 0.3482632541133455 0.043076923076923075 0.07861060329067641
1 0.44051282051282054 0.1453382084095064 0.011282051282051283 0.031078610603290677
1 0.46205128205128204 0.14442413162705667 0.011282051282051283 0.029250457038391225
1 0.4846153846153846 0.15082266910420475 0.015384615384615385 0.031078610603290677
1 0.5169230769230769 0.06581352833638025 0.014358974358974359 0.018281535648994516
1 0.5164102564102564 0.13345521023765997 0.013333333333333332 0.021937842778793418
1 0.4958974358974359 0.20109689213893966 0.015384615384615385 0.029250457038391225
1 0.6374358974358975 0.12157221206581353 0.011282051282051283 0.027422303473491772
1 0.6558974358974359 0.12248628884826325 0.011282051282051283 0.029250457038391225
1 0.6302564102564102 0.20749542961608775 0.02358974358974359 0.04570383912248629
1 0.6979487179487179 0.17915904936014626 0.017435897435897435 0.03290676416819013
1 0.718974358974359 0.19012797074954296 0.014358974358974359 0.03290676416819013
1 0.7251282051282051 0.1563071297989031 0.012307692307692308 0.027422303473491772
1 0.7348717948717949 0.17915904936014626 0.011282051282051283 0.029250457038391225
1 0.7764102564102564 0.1425959780621572 0.010256410256410256 0.025594149908592323
1 0.7697435897435897 0.17641681901279707 0.015384615384615385 0.031078610603290677
1 0.8123076923076923 0.13985374771480805 0.014358974358974359 0.027422303473491772
1 0.8261538461538461 0.1846435100548446 0.017435897435897435 0.03290676416819013
1 0.9046153846153846 0.17915904936014626 0.014358974358974359 0.03656307129798903
1 0.8702564102564102 0.28884826325411334 0.019487179487179488 0.051188299817184646
1 0.9282051282051282 0.236745886654479 0.01641025641025641 0.03473491773308958
1 0.9358974358974359 0.19652650822669104 0.015384615384615385 0.027422303473491772
1 0.9379487179487179 0.17093235831809872 0.011282051282051283 0.02376599634369287
