1 0.0858085808580858 0.2633663366336634 0.022002200220022 0.039603960396039604
1 0.20187018701870185 0.16930693069306932 0.0143014301430143 0.03762376237623762
1 0.385038503850385 0.16435643564356436 0.013201320132013201 0.031683168316831684
1 0.4158415841584158 0.22475247524752476 0.0176017601760176 0.0297029702970297
1 0.4537953795379538 0.23564356435643566 0.0143014301430143 0.03564356435643565
1 0.5181518151815181 0.19405940594059407 0.0176017601760176 0.04356435643564356
1 0.5616061606160616 0.19801980198019803 0.0231023102310231 0.047524752475247525
1 0.5044004400440044 0.11683168316831684 0.009900990099009901 0.023762376237623763
1 0.5786578657865786 0.12277227722772277 0.013201320132013201 0.027722772277227723
1 0.6237623762376238 0.2702970297029703 0.0242024202420242 0.04950495049504951
1 0.7882288228822882 0.22772277227722773 0.0187018701870187 0.039603960396039604
1 0.8135313531353134 0.27821782178217824 0.0209020902090209 0.04950495049504951
1 0.9246424642464246 0.2693069306930693 0.0143014301430143 0.03564356435643565
1 0.9378437843784377 0.19801980198019803 0.0165016501650165 0.03564356435643565
