1 0.1375 0.6112759643916914 0.14166666666666666 0.2551928783382789
1 0.09583333333333334 0.28635014836795253 0.045000000000000005 0.10385756676557864
1 0.16083333333333336 0.27299703264094954 0.03833333333333334 0.0712166172106825
1 0.14 0.23590504451038577 0.03666666666666667 0.06231454005934718
1 0.2325 0.2967359050445104 0.04166666666666667 0.0712166172106825
1 0.2066666666666667 0.28338278931750743 0.030000000000000002 0.06824925816023739
1 0.2725 0.2744807121661721 0.035 0.0741839762611276
1 0.26833333333333337 0.2314540059347181 0.03333333333333333 0.06528189910979229
1 0.325 0.25816023738872407 0.03666666666666667 0.06528189910979229
1 0.35750000000000004 0.30415430267062316 0.04833333333333334 0.08605341246290801
1 0.2733333333333334 0.43471810089020774 0.07666666666666667 0.12759643916913946
1 0.4108333333333334 0.56973293768546 0.09166666666666667 0.17210682492581603
1 0.48250000000000004 0.2997032640949555 0.03833333333333334 0.08308605341246292
1 0.45333333333333337 0.22403560830860536 0.030000000000000002 0.06824925816023739
1 0.5258333333333334 0.28041543026706234 0.021666666666666667 0.05637982195845698
1 0.55 0.28041543026706234 0.02666666666666667 0.06231454005934718
1 0.5691666666666667 0.2596439169139466 0.028333333333333335 0.0741839762611276
1 0.6025 0.3397626112759644 0.04166666666666667 0.08011869436201781
1 0.625 0.3219584569732938 0.04 0.0741839762611276
1 0.5966666666666667 0.27744807121661724 0.02666666666666667 0.050445103857566766
1 0.6208333333333333 0.2596439169139466 0.025 0.050445103857566766
1 0.6458333333333334 0.2685459940652819 0.03166666666666667 0.06824925816023739
1 0.6733333333333333 0.3056379821958457 0.03333333333333333 0.05341246290801187
1 0.7016666666666667 0.3367952522255193 0.043333333333333335 0.09198813056379822
1 0.6925 0.27299703264094954 0.025 0.04747774480712166
1 0.7166666666666667 0.21810089020771514 0.02666666666666667 0.050445103857566766
1 0.7441666666666668 0.31305637982195844 0.04166666666666667 0.08011869436201781
1 0.7866666666666667 0.32047477744807124 0.04666666666666667 0.0771513353115727
1 0.7966666666666667 0.2626112759643917 0.030000000000000002 0.06824925816023739
1 0.8241666666666667 0.2893175074183976 0.03166666666666667 0.05637982195845698
1 0.8591666666666667 0.271513353115727 0.028333333333333335 0.05637982195845698
1 0.88 0.3056379821958457 0.03333333333333333 0.06528189910979229
1 0.9183333333333334 0.40801186943620177 0.060000000000000005 0.10979228486646884
1 0.9491666666666667 0.3086053412462908 0.03833333333333334 0.06528189910979229
