1 0.13076923076923078 0.38683602771362585 0.08615384615384615 0.15011547344110854
1 0.2530769230769231 0.651270207852194 0.06923076923076923 0.11547344110854503
1 0.4230769230769231 0.5554272517321016 0.052307692307692305 0.09468822170900693
1 0.4707692307692308 0.523094688221709 0.04923076923076923 0.09006928406466512
1 0.5876923076923077 0.5346420323325635 0.043076923076923075 0.08545034642032333
1 0.6546153846153846 0.5300230946882217 0.04461538461538461 0.07159353348729793
1 0.7730769230769231 0.4515011547344111 0.04153846153846154 0.07159353348729793
1 0.8523076923076923 0.5958429561200924 0.06461538461538462 0.12009237875288684
1 0.9230769230769231 0.5381062355658198 0.04923076923076923 0.09699769053117782
1 0.9838461538461538 0.5404157043879908 0.03230769230769231 0.08314087759815242
