1 0.06786151960784313 0.45710784313725494 0.043198529411764705 0.07352941176470588
1 0.12745098039215685 0.5790441176470589 0.044117647058823525 0.06658496732026144
1 0.1015625 0.579248366013072 0.02849264705882353 0.058823529411764705
1 0.07689950980392157 0.5720996732026143 0.03431372549019608 0.0625
1 0.11504289215686274 0.638888888888889 0.05667892156862745 0.0784313725490196
1 0.15196078431372548 0.6911764705882353 0.06801470588235294 0.08741830065359478
1 0.20128676470588236 0.7689950980392157 0.09926470588235294 0.13766339869281047
1 0.17846200980392157 0.9162581699346406 0.1449142156862745 0.16748366013071897
1 0.4926470588235294 0.8946078431372549 0.11580882352941177 0.1772875816993464
1 0.37285539215686275 0.7111928104575164 0.08517156862745098 0.12581699346405228
1 0.296875 0.6758578431372549 0.06801470588235294 0.09681372549019608
1 0.2469362745098039 0.641748366013072 0.04840686274509804 0.07679738562091504
1 0.22794117647058823 0.5972222222222222 0.037377450980392156 0.058823529411764705
1 0.20435049019607843 0.5678104575163399 0.03799019607843137 0.06372549019607843
1 0.21400122549019607 0.5287990196078431 0.03216911764705882 0.04370915032679739
1 0.25628063725490197 0.5349264705882353 0.02542892156862745 0.037990196078431376
1 0.265625 0.5553513071895425 0.026348039215686275 0.0428921568627451
1 0.2913602941176471 0.5647467320261438 0.037377450980392156 0.061683006535947715
1 0.34972426470588236 0.5622957516339869 0.04197303921568627 0.07475490196078431
1 0.4220281862745098 0.5627042483660131 0.0389093137254902 0.05759803921568628
1 0.47472426470588236 0.5841503267973857 0.03952205882352941 0.06862745098039216
1 0.4606311274509804 0.5145016339869282 0.029105392156862746 0.046977124183006536
1 0.5078125 0.5426879084967321 0.03829656862745098 0.05759803921568628
1 0.5203737745098039 0.6011029411764706 0.05177696078431372 0.06658496732026144
1 0.5540747549019608 0.5651552287581699 0.0352328431372549 0.05269607843137255
1 0.5629595588235294 0.5228758169934641 0.026041666666666668 0.049836601307189546
1 0.6309742647058824 0.5412581699346405 0.04136029411764706 0.05473856209150327
1 0.6351102941176471 0.5882352941176471 0.041666666666666664 0.058823529411764705
1 0.6228553921568627 0.6188725490196079 0.0545343137254902 0.07679738562091504
1 0.7722120098039216 0.6887254901960784 0.08118872549019608 0.10294117647058824
1 0.742953431372549 0.6060049019607844 0.0545343137254902 0.08455882352941177
1 0.7403492647058824 0.5447303921568628 0.035845588235294115 0.051879084967320264
1 0.7352941176470588 0.5163398692810458 0.02696078431372549 0.04656862745098039
1 0.6893382352941176 0.5337009803921569 0.030637254901960783 0.04370915032679739
1 0.6753982843137255 0.513888888888889 0.022365196078431373 0.03594771241830066
1 0.6593137254901961 0.5488153594771242 0.024509803921568627 0.03390522875816994
1 0.774969362745098 0.5322712418300654 0.02542892156862745 0.049019607843137254
1 0.7625612745098039 0.5069444444444444 0.02022058823529412 0.03758169934640523
1 0.796109068627451 0.5663807189542484 0.03216911764705882 0.056781045751633986
1 0.8077512254901961 0.548202614379085 0.02971813725490196 0.04656862745098039
1 0.8347120098039216 0.5145016339869282 0.02849264705882353 0.05269607843137255
1 0.8563112745098039 0.5287990196078431 0.03125 0.051879084967320264
1 0.8880208333333334 0.5667892156862745 0.033394607843137254 0.061683006535947715
1 0.8996629901960784 0.5273692810457516 0.03278186274509804 0.04493464052287582
1 0.9459252450980392 0.5437091503267975 0.03278186274509804 0.05800653594771242
1 0.9238664215686274 0.5894607843137255 0.04258578431372549 0.06781045751633988
1 0.9131433823529411 0.6478758169934641 0.06587009803921569 0.09885620915032681
1 0.970281862745098 0.7704248366013072 0.058823529411764705 0.14624183006535948
