1 0.08333333333333334 0.5111111111111111 0.07333333333333333 0.12
1 0.13166666666666668 0.4177777777777778 0.03666666666666667 0.057777777777777775
1 0.20750000000000002 0.5977777777777777 0.115 0.2
1 0.2541666666666667 0.30333333333333334 0.065 0.12222222222222222
1 0.35500000000000004 0.39666666666666667 0.03666666666666667 0.06
1 0.4291666666666667 0.5411111111111111 0.08166666666666667 0.11777777777777777
1 0.4941666666666667 0.4033333333333333 0.035 0.06
1 0.5316666666666667 0.43 0.07333333333333333 0.08666666666666667
1 0.5608333333333334 0.31222222222222223 0.03833333333333334 0.05555555555555555
1 0.6216666666666667 0.38333333333333336 0.05 0.07777777777777778
1 0.8183333333333334 0.47 0.09333333333333334 0.14
1 0.925 0.4388888888888889 0.07666666666666667 0.11777777777777777
