1 0.208125 0.3144208037825059 0.02625 0.05200945626477541
1 0.039375 0.7009456264775413 0.051250000000000004 0.09219858156028368
1 0.098125 0.6572104018912529 0.03875 0.09929078014184398
1 0.145 0.8581560283687943 0.0975 0.1938534278959811
1 0.254375 0.8486997635933806 0.10125 0.20803782505910165
1 0.31125 0.8085106382978723 0.0625 0.13711583924349882
1 0.22125 0.6536643026004728 0.055 0.10638297872340426
1 0.218125 0.5851063829787234 0.04625 0.07801418439716312
1 0.36625 0.6205673758865248 0.0525 0.1111111111111111
1 0.37125 0.5425531914893617 0.0425 0.08274231678486997
1 0.478125 0.549645390070922 0.04125 0.07801418439716312
1 0.455625 0.5437352245862884 0.02625 0.07092198581560283
1 0.574375 0.5260047281323877 0.03625 0.08274231678486997
1 0.763125 0.6016548463356974 0.07125000000000001 0.13947990543735225
1 0.8525 0.450354609929078 0.03 0.0591016548463357
1 0.973125 0.5011820330969267 0.04875 0.1182033096926714
1 0.9325 0.48936170212765956 0.0425 0.06619385342789598
1 0.9293750000000001 0.43853427895981084 0.03625 0.06382978723404255
