1 0.4972924187725632 0.355421686746988 0.02707581227436823 0.04096385542168675
1 0.12184115523465705 0.7397590361445784 0.12454873646209387 0.1879518072289157
1 0.07490974729241877 0.6156626506024097 0.0884476534296029 0.11807228915662651
1 0.05776173285198556 0.5337349397590362 0.05054151624548737 0.06987951807228916
1 0.039711191335740074 0.48554216867469885 0.05054151624548737 0.055421686746987955
1 0.018953068592057764 0.519277108433735 0.03429602888086643 0.06024096385542169
1 0.1055956678700361 0.4987951807228916 0.048736462093862815 0.05783132530120483
1 0.14711191335740073 0.5469879518072289 0.05956678700361011 0.07228915662650603
1 0.16606498194945848 0.4771084337349398 0.043321299638989175 0.05783132530120483
1 0.22743682310469315 0.5831325301204819 0.07220216606498195 0.10602409638554218
1 0.29512635379061375 0.5795180722891566 0.052346570397111915 0.06506024096385543
1 0.3140794223826715 0.5289156626506024 0.04693140794223827 0.06024096385542169
1 0.27075812274368233 0.46867469879518076 0.036101083032490974 0.055421686746987955
1 0.23916967509025272 0.455421686746988 0.03790613718411553 0.04819277108433735
1 0.3844765342960289 0.5783132530120483 0.07220216606498195 0.11566265060240966
1 0.37003610108303253 0.7795180722891567 0.1407942238267148 0.21445783132530122
1 0.516245487364621 0.5566265060240965 0.05415162454873646 0.0819277108433735
1 0.6046931407942239 0.691566265060241 0.08664259927797835 0.13012048192771086
1 0.6227436823104693 0.5493975903614459 0.04693140794223827 0.07710843373493977
1 0.09296028880866426 0.455421686746988 0.02707581227436823 0.03855421686746988
1 0.3944043321299639 0.5048192771084338 0.04151624548736462 0.050602409638554224
1 0.36101083032490977 0.4771084337349398 0.02888086642599278 0.03855421686746988
1 0.32942238267148016 0.49277108433734945 0.02707581227436823 0.03614457831325302
1 0.30776173285198555 0.46987951807228917 0.023465703971119134 0.033734939759036145
1 0.3348375451263538 0.45662650602409643 0.023465703971119134 0.04096385542168675
1 0.3799638989169675 0.45783132530120485 0.02707581227436823 0.028915662650602414
1 0.4296028880866426 0.46987951807228917 0.02888086642599278 0.03855421686746988
1 0.4693140794223827 0.5457831325301206 0.039711191335740074 0.06987951807228916
1 0.5902527075812275 0.49277108433734945 0.043321299638989175 0.055421686746987955
1 0.6362815884476535 0.4879518072289157 0.03429602888086643 0.050602409638554224
1 0.6119133574007221 0.455421686746988 0.025270758122743684 0.04337349397590362
1 0.6705776173285198 0.45783132530120485 0.03790613718411553 0.05301204819277109
1 0.6787003610108303 0.5325301204819277 0.043321299638989175 0.06746987951807229
1 0.7229241877256318 0.5831325301204819 0.0776173285198556 0.0963855421686747
1 0.7472924187725632 0.5228915662650603 0.05054151624548737 0.05783132530120483
1 0.7490974729241877 0.47590361445783136 0.036101083032490974 0.050602409638554224
1 0.7238267148014441 0.46867469879518076 0.02888086642599278 0.050602409638554224
1 0.7851985559566788 0.48192771084337355 0.02888086642599278 0.05301204819277109
1 0.8212996389891697 0.46987951807228917 0.036101083032490974 0.05301204819277109
1 0.8339350180505416 0.5795180722891566 0.05054151624548737 0.0746987951807229
1 0.8456678700361011 0.5313253012048194 0.048736462093862815 0.06506024096385543
1 0.8754512635379061 0.5 0.03249097472924188 0.055421686746987955
1 0.8763537906137184 0.47228915662650606 0.03068592057761733 0.04819277108433735
1 0.9160649819494585 0.5024096385542169 0.03068592057761733 0.045783132530120486
1 0.9593862815884477 0.5313253012048194 0.052346570397111915 0.0891566265060241
1 0.9097472924187726 0.8602409638554218 0.16967509025270758 0.27951807228915665
1 0.9088447653429603 0.6674698795180724 0.12093862815884476 0.163855421686747
