1 0.03070175438596491 0.3313253012048193 0.05263157894736842 0.12048192771084337
1 0.08114035087719298 0.34036144578313254 0.05701754385964912 0.10240963855421688
1 0.19517543859649122 0.3072289156626506 0.06578947368421052 0.12048192771084337
1 0.17543859649122806 0.23493975903614459 0.05263157894736842 0.0963855421686747
1 0.22587719298245612 0.12650602409638556 0.05701754385964912 0.0963855421686747
1 0.3070175438596491 0.12951807228915663 0.06140350877192982 0.10240963855421688
1 0.30921052631578944 0.3674698795180723 0.06578947368421052 0.10843373493975904
1 0.40350877192982454 0.29518072289156627 0.07017543859649122 0.10843373493975904
1 0.36184210526315785 0.25 0.05701754385964912 0.10240963855421688
1 0.4780701754385965 0.10240963855421688 0.06140350877192982 0.0963855421686747
1 0.5635964912280701 0.09939759036144578 0.05701754385964912 0.11445783132530121
1 0.6907894736842105 0.09337349397590362 0.06578947368421052 0.11445783132530121
1 0.7587719298245613 0.13554216867469882 0.06140350877192982 0.11445783132530121
1 0.5285087719298245 0.2560240963855422 0.05701754385964912 0.11445783132530121
1 0.49780701754385964 0.5783132530120483 0.08333333333333333 0.13253012048192772
1 0.6425438596491228 0.6265060240963856 0.07456140350877193 0.14457831325301207
1 0.6535087719298245 0.2801204819277109 0.06140350877192982 0.12650602409638556
1 0.8048245614035088 0.35843373493975905 0.05701754385964912 0.12650602409638556
1 0.8552631578947368 0.25 0.07017543859649122 0.12650602409638556
1 0.9342105263157894 0.29518072289156627 0.06140350877192982 0.12048192771084337
1 0.969298245614035 0.29518072289156627 0.05263157894736842 0.14457831325301207
