1 0.08711507293354943 0.5579831932773109 0.04619124797406807 0.10756302521008404
1 0.1932739059967585 0.27983193277310925 0.017017828200972446 0.04537815126050421
1 0.21515397082658022 0.29327731092436976 0.02025931928687196 0.04537815126050421
1 0.2560777957860616 0.24369747899159666 0.017828200972447326 0.04369747899159664
1 0.2957860615883306 0.24705882352941178 0.01620745542949757 0.040336134453781515
1 0.2957860615883306 0.21008403361344538 0.01458670988654781 0.04369747899159664
1 0.31280388978930307 0.23781512605042018 0.01620745542949757 0.04873949579831933
1 0.336709886547812 0.22016806722689078 0.018638573743922204 0.04369747899159664
1 0.353322528363047 0.2705882352941177 0.01944894651539708 0.047058823529411764
1 0.38087520259319285 0.24369747899159666 0.01620745542949757 0.04369747899159664
1 0.35372771474878445 0.2050420168067227 0.018638573743922204 0.04369747899159664
1 0.3796596434359805 0.1957983193277311 0.017017828200972446 0.03529411764705882
1 0.42098865478119935 0.19915966386554623 0.017017828200972446 0.03529411764705882
1 0.42341977309562395 0.31092436974789917 0.018638573743922204 0.05042016806722689
1 0.4145056726094003 0.16974789915966387 0.01053484602917342 0.030252100840336138
1 0.4315235008103728 0.16974789915966387 0.017017828200972446 0.030252100840336138
1 0.4517828200972447 0.16050420168067228 0.01539708265802269 0.03529411764705882
1 0.48338735818476497 0.16554621848739498 0.01539708265802269 0.03865546218487395
1 0.4825769854132901 0.21596638655462186 0.013776337115072933 0.04537815126050421
1 0.4623176661264181 0.24789915966386555 0.023500810372771474 0.04873949579831933
1 0.5421393841166936 0.22184873949579834 0.01620745542949757 0.03697478991596639
1 0.5081037277147488 0.17310924369747901 0.017828200972447326 0.04369747899159664
1 0.5449756888168558 0.16050420168067228 0.013776337115072933 0.0319327731092437
1 0.56645056726094 0.20336134453781513 0.01620745542949757 0.033613445378151266
1 0.6118314424635332 0.20168067226890757 0.01458670988654781 0.033613445378151266
1 0.5648298217179902 0.1403361344537815 0.012965964343598054 0.025210084033613446
1 0.5449756888168558 0.13865546218487396 0.013776337115072933 0.0319327731092437
1 0.5854943273905997 0.12436974789915967 0.012155591572123176 0.033613445378151266
1 0.6017017828200972 0.18571428571428572 0.013776337115072933 0.03865546218487395
1 0.5964343598055105 0.15714285714285714 0.012965964343598054 0.028571428571428574
1 0.6219611021069692 0.13277310924369748 0.012155591572123176 0.030252100840336138
1 0.6478930307941653 0.1495798319327731 0.013776337115072933 0.030252100840336138
1 0.6499189627228524 0.1865546218487395 0.01458670988654781 0.030252100840336138
1 0.6572123176661264 0.13865546218487396 0.011345218800648298 0.0319327731092437
1 0.6782820097244733 0.16974789915966387 0.01620745542949757 0.040336134453781515
1 0.6803079416531604 0.13865546218487396 0.012155591572123176 0.0319327731092437
1 0.6985413290113451 0.16806722689075632 0.012965964343598054 0.033613445378151266
1 0.6855753646677472 0.21680672268907564 0.01620745542949757 0.040336134453781515
1 0.6049432739059968 0.292436974789916 0.021880064829821716 0.060504201680672276
1 0.655996758508914 0.25126050420168067 0.018638573743922204 0.052100840336134456
1 0.5644246353322528 0.3453781512605042 0.021880064829821716 0.05882352941176471
1 0.5992706645056726 0.36638655462184877 0.021880064829821716 0.05042016806722689
1 0.6482982171799028 0.42016806722689076 0.02431118314424635 0.0638655462184874
1 0.719611021069692 0.4218487394957983 0.01944894651539708 0.060504201680672276
1 0.7771474878444083 0.45210084033613446 0.02917341977309562 0.0773109243697479
1 0.8557536466774716 0.4957983193277311 0.02917341977309562 0.07394957983193277
1 0.8699351701782819 0.4184873949579832 0.023500810372771474 0.0638655462184874
1 0.9651539708265802 0.4605042016806723 0.022690437601296597 0.0638655462184874
1 0.9461102106969206 0.3873949579831933 0.017017828200972446 0.055462184873949584
1 0.9205834683954619 0.3596638655462185 0.01944894651539708 0.0638655462184874
1 0.8646677471636952 0.319327731092437 0.017828200972447326 0.047058823529411764
1 0.853322528363047 0.37731092436974795 0.02106969205834684 0.04537815126050421
1 0.8055105348460291 0.3050420168067227 0.02106969205834684 0.055462184873949584
1 0.7386547811993517 0.3016806722689076 0.018638573743922204 0.04873949579831933
1 0.7139384116693679 0.2630252100840336 0.017828200972447326 0.04537815126050421
1 0.7281199351701783 0.2411764705882353 0.018638573743922204 0.04873949579831933
1 0.7414910858995137 0.20252100840336135 0.01620745542949757 0.0319327731092437
1 0.7609400324149108 0.18991596638655464 0.01458670988654781 0.033613445378151266
1 0.7803889789303079 0.21764705882352942 0.01458670988654781 0.03865546218487395
1 0.7852512155591572 0.2630252100840336 0.01620745542949757 0.04201680672268908
1 0.8030794165316045 0.19327731092436976 0.012965964343598054 0.03697478991596639
1 0.8103727714748784 0.22941176470588237 0.01458670988654781 0.03865546218487395
1 0.8237439222042139 0.21680672268907564 0.013776337115072933 0.040336134453781515
1 0.8618314424635332 0.23781512605042018 0.013776337115072933 0.04537815126050421
1 0.8853322528363047 0.28571428571428575 0.018638573743922204 0.05042016806722689
1 0.8950567260940032 0.26218487394957984 0.013776337115072933 0.03697478991596639
1 0.8987034035656402 0.2319327731092437 0.01458670988654781 0.03697478991596639
1 0.923419773095624 0.2747899159663866 0.012155591572123176 0.04201680672268908
1 0.9457050243111831 0.25126050420168067 0.011345218800648298 0.03529411764705882
1 0.9777147487844408 0.26134453781512607 0.013776337115072933 0.03865546218487395
1 0.9679902755267422 0.3739495798319328 0.01539708265802269 0.04201680672268908
1 0.9671799027552673 0.3344537815126051 0.013776337115072933 0.03697478991596639
1 0.9679902755267422 0.30756302521008405 0.013776337115072933 0.030252100840336138
