1 0.5725 0.506896551724138 0.045000000000000005 0.11724137931034483
1 0.685 0.47758620689655173 0.03333333333333333 0.08620689655172414
1 0.745 0.3568965517241379 0.03666666666666667 0.0793103448275862
1 0.7741666666666667 0.3482758620689655 0.011666666666666667 0.027586206896551724
1 0.665 0.38448275862068965 0.013333333333333334 0.03793103448275862
1 0.6533333333333333 0.4068965517241379 0.016666666666666666 0.041379310344827586
1 0.6266666666666667 0.38275862068965516 0.013333333333333334 0.027586206896551724
1 0.7075 0.3431034482758621 0.011666666666666667 0.02413793103448276
1 0.5991666666666667 0.40344827586206894 0.015000000000000001 0.034482758620689655
1 0.535 0.3431034482758621 0.01 0.02413793103448276
1 0.48500000000000004 0.4103448275862069 0.02 0.06206896551724138
1 0.4341666666666667 0.3413793103448276 0.015000000000000001 0.034482758620689655
1 0.4566666666666667 0.37241379310344824 0.01 0.020689655172413793
1 0.41833333333333333 0.4810344827586207 0.03333333333333333 0.0793103448275862
1 0.4041666666666667 0.43448275862068964 0.025 0.05517241379310345
1 0.34 0.43103448275862066 0.023333333333333334 0.04827586206896552
1 0.3516666666666667 0.46379310344827585 0.023333333333333334 0.07241379310344828
1 0.28500000000000003 0.4793103448275862 0.03666666666666667 0.07586206896551724
1 0.3041666666666667 0.4396551724137931 0.018333333333333333 0.04482758620689655
1 0.3216666666666667 0.4051724137931034 0.016666666666666666 0.03793103448275862
1 0.24750000000000003 0.45 0.025 0.05862068965517241
1 0.19666666666666668 0.5465517241379311 0.04 0.08620689655172414
1 0.18833333333333335 0.45 0.023333333333333334 0.05862068965517241
1 0.16416666666666668 0.41206896551724137 0.018333333333333333 0.04482758620689655
1 0.16083333333333336 0.45517241379310347 0.021666666666666667 0.04827586206896552
1 0.13416666666666668 0.3931034482758621 0.015000000000000001 0.034482758620689655
1 0.1125 0.3913793103448276 0.011666666666666667 0.03103448275862069
1 0.10166666666666667 0.38448275862068965 0.01 0.03103448275862069
1 0.07166666666666667 0.3793103448275862 0.013333333333333334 0.027586206896551724
1 0.26916666666666667 0.35 0.008333333333333333 0.03103448275862069
1 0.22166666666666668 0.38275862068965516 0.01 0.027586206896551724
1 0.2325 0.4 0.011666666666666667 0.034482758620689655
1 0.20750000000000002 0.41379310344827586 0.011666666666666667 0.027586206896551724
