1 0.1647489539748954 0.3735849056603774 0.04497907949790795 0.09056603773584906
1 0.31171548117154807 0.2320754716981132 0.025104602510460247 0.04150943396226415
1 0.3226987447698744 0.18867924528301888 0.017782426778242676 0.033962264150943396
1 0.34832635983263593 0.19339622641509435 0.018828451882845185 0.03962264150943396
1 0.4131799163179916 0.2037735849056604 0.018828451882845185 0.03773584905660377
1 0.44351464435146437 0.20943396226415095 0.018828451882845185 0.04528301886792453
1 0.4152719665271966 0.17264150943396225 0.016736401673640166 0.02830188679245283
1 0.41213389121338906 0.15849056603773584 0.014644351464435145 0.026415094339622643
1 0.4586820083682008 0.1660377358490566 0.013598326359832635 0.03018867924528302
1 0.4738493723849372 0.18867924528301888 0.016736401673640166 0.03773584905660377
1 0.5036610878661087 0.21320754716981133 0.0198744769874477 0.04150943396226415
1 0.46757322175732213 0.1330188679245283 0.012552301255230124 0.02830188679245283
1 0.4764644351464435 0.1471698113207547 0.013598326359832635 0.026415094339622643
1 0.4869246861924686 0.14245283018867924 0.011506276150627614 0.02830188679245283
1 0.5026150627615062 0.14528301886792452 0.013598326359832635 0.033962264150943396
1 0.5125523012552301 0.11226415094339623 0.012552301255230124 0.03207547169811321
1 0.522489539748954 0.13018867924528302 0.011506276150627614 0.03018867924528302
1 0.5303347280334728 0.12264150943396226 0.012552301255230124 0.026415094339622643
1 0.5449790794979079 0.12169811320754717 0.012552301255230124 0.024528301886792454
1 0.5460251046025104 0.13773584905660377 0.012552301255230124 0.022641509433962266
1 0.5481171548117154 0.1669811320754717 0.012552301255230124 0.035849056603773584
1 0.5308577405857741 0.15377358490566037 0.013598326359832635 0.02830188679245283
1 0.559623430962343 0.1792452830188679 0.016736401673640166 0.033962264150943396
1 0.5747907949790795 0.13962264150943396 0.013598326359832635 0.033962264150943396
1 0.5899581589958158 0.180188679245283 0.014644351464435145 0.02830188679245283
1 0.5925732217573221 0.14622641509433962 0.015690376569037656 0.03962264150943396
1 0.5883891213389121 0.10943396226415095 0.013598326359832635 0.03018867924528302
1 0.6019874476987447 0.11415094339622642 0.011506276150627614 0.03207547169811321
1 0.6192468619246861 0.10754716981132076 0.012552301255230124 0.026415094339622643
1 0.6276150627615062 0.1 0.014644351464435145 0.03018867924528302
1 0.651673640167364 0.10471698113207548 0.014644351464435145 0.02830188679245283
1 0.6354602510460251 0.14150943396226415 0.015690376569037656 0.03018867924528302
1 0.6694560669456067 0.13018867924528302 0.012552301255230124 0.033962264150943396
1 0.651673640167364 0.13018867924528302 0.012552301255230124 0.022641509433962266
1 0.6814853556485355 0.12169811320754717 0.009414225941422593 0.02830188679245283
1 0.6961297071129706 0.11886792452830189 0.009414225941422593 0.026415094339622643
1 0.5857740585774058 0.2330188679245283 0.018828451882845185 0.0509433962264151
1 0.5120292887029289 0.2990566037735849 0.0303347280334728 0.05849056603773585
1 0.5826359832635982 0.27735849056603773 0.023012552301255228 0.052830188679245285
1 0.5978033472803347 0.310377358490566 0.034518828451882845 0.08113207547169811
1 0.6161087866108786 0.25660377358490566 0.02719665271966527 0.05660377358490566
1 0.6370292887029289 0.2018867924528302 0.023012552301255228 0.04905660377358491
1 0.6705020920502092 0.21320754716981133 0.02092050209205021 0.04905660377358491
1 0.6705020920502092 0.17264150943396225 0.016736401673640166 0.03962264150943396
1 0.702928870292887 0.19905660377358492 0.018828451882845185 0.04339622641509434
1 0.6935146443514644 0.17264150943396225 0.016736401673640166 0.035849056603773584
1 0.7128661087866108 0.17075471698113207 0.017782426778242676 0.03962264150943396
1 0.7405857740585774 0.1660377358490566 0.012552301255230124 0.03773584905660377
1 0.7526150627615062 0.15188679245283018 0.011506276150627614 0.035849056603773584
1 0.7510460251046025 0.12358490566037736 0.014644351464435145 0.03207547169811321
1 0.7803347280334727 0.1320754716981132 0.016736401673640166 0.04150943396226415
1 0.7798117154811715 0.17452830188679244 0.013598326359832635 0.03207547169811321
1 0.7939330543933054 0.15471698113207547 0.014644351464435145 0.033962264150943396
1 0.7934100418410042 0.19716981132075473 0.0198744769874477 0.04339622641509434
1 0.7170502092050208 0.23679245283018868 0.024058577405857737 0.04339622641509434
1 0.6851464435146443 0.2660377358490566 0.02092050209205021 0.04528301886792453
1 0.6940376569037656 0.330188679245283 0.02824267782426778 0.07169811320754717
1 0.737970711297071 0.36226415094339626 0.02824267782426778 0.06415094339622641
1 0.7667364016736401 0.27075471698113207 0.02719665271966527 0.0660377358490566
1 0.8059623430962343 0.27169811320754716 0.024058577405857737 0.04905660377358491
1 0.8253138075313807 0.3613207547169811 0.03347280334728033 0.062264150943396226
1 0.8436192468619246 0.30943396226415093 0.021966527196652718 0.05660377358490566
1 0.8729079497907949 0.2688679245283019 0.0198744769874477 0.04716981132075472
1 0.9089958158995816 0.3320754716981132 0.025104602510460247 0.06415094339622641
1 0.8933054393305438 0.4226415094339623 0.03556485355648535 0.07924528301886792
1 0.9372384937238493 0.28773584905660377 0.02719665271966527 0.0509433962264151
1 0.9168410041841003 0.24622641509433962 0.021966527196652718 0.04339622641509434
1 0.932531380753138 0.22924528301886793 0.017782426778242676 0.03962264150943396
1 0.9435146443514644 0.21132075471698114 0.016736401673640166 0.033962264150943396
1 0.9403765690376569 0.16792452830188678 0.016736401673640166 0.03773584905660377
1 0.9063807531380752 0.18207547169811322 0.015690376569037656 0.035849056603773584
1 0.9173640167364016 0.16981132075471697 0.014644351464435145 0.03018867924528302
1 0.8865062761506275 0.19905660377358492 0.021966527196652718 0.03962264150943396
1 0.8734309623430961 0.22358490566037736 0.02092050209205021 0.04716981132075472
1 0.8368200836820083 0.20754716981132076 0.018828451882845185 0.04150943396226415
1 0.8179916317991631 0.19056603773584907 0.018828451882845185 0.04150943396226415
1 0.8274058577405857 0.17075471698113207 0.012552301255230124 0.03207547169811321
1 0.8389121338912133 0.15566037735849056 0.012552301255230124 0.035849056603773584
1 0.8519874476987447 0.18867924528301888 0.015690376569037656 0.04150943396226415
1 0.8655857740585773 0.17358490566037735 0.013598326359832635 0.03773584905660377
1 0.865062761506276 0.15566037735849056 0.010460251046025104 0.024528301886792454
1 0.877092050209205 0.15377358490566037 0.013598326359832635 0.035849056603773584
