1 0.20925245098039216 0.42034313725490197 0.0545343137254902 0.09150326797385622
1 0.09191176470588235 0.8118872549019608 0.16666666666666666 0.2512254901960784
1 0.38526348039215685 0.684640522875817 0.11060049019607843 0.17238562091503268
1 0.5379901960784313 0.8978758169934641 0.25 0.2042483660130719
1 0.7506127450980392 0.7992238562091504 0.17463235294117646 0.2340686274509804
1 0.5473345588235294 0.6499183006535948 0.10324754901960784 0.13480392156862744
1 0.6430759803921569 0.6062091503267975 0.07169117647058823 0.10457516339869281
1 0.6931678921568627 0.5949754901960784 0.0701593137254902 0.10661764705882354
1 0.780484068627451 0.5647467320261438 0.07628676470588235 0.08782679738562092
1 0.9105392156862745 0.6613562091503268 0.12254901960784313 0.1895424836601307
1 0.9822303921568627 0.6225490196078431 0.03553921568627451 0.11356209150326797
1 0.9713541666666666 0.3886846405228758 0.057291666666666664 0.0886437908496732
