1 0.2418013307984791 0.558974358974359 0.05869771863117871 0.08012820512820513
1 0.3145199619771863 0.6197115384615385 0.06915399239543726 0.09519230769230769
1 0.40399239543726234 0.5951923076923077 0.08460076045627377 0.1282051282051282
1 0.47278992395437264 0.6551282051282051 0.1195342205323194 0.17435897435897435
1 0.5387357414448669 0.5995192307692307 0.05275665399239544 0.0810897435897436
1 0.5161596958174904 0.5596153846153846 0.04895437262357415 0.05897435897435897
1 0.5996910646387833 0.42275641025641025 0.037785171102661594 0.06217948717948718
1 0.6112167300380228 0.5520833333333334 0.05180608365019011 0.08237179487179487
1 0.6416349809885932 0.6331730769230769 0.07271863117870722 0.12211538461538461
1 0.6929657794676806 0.5836538461538462 0.0594106463878327 0.08717948717948718
1 0.714828897338403 0.5400641025641025 0.04847908745247148 0.06217948717948718
1 0.7312262357414449 0.7474358974358974 0.15826996197718632 0.21217948717948718
1 0.7782794676806084 0.6400641025641025 0.10408745247148289 0.16025641025641027
1 0.8574144486692015 0.6291666666666667 0.07224334600760456 0.11025641025641025
1 0.8376901140684411 0.5725961538461538 0.06844106463878327 0.08493589743589744
1 0.8540874524714829 0.541025641025641 0.05655893536121673 0.08012820512820513
1 0.9631653992395437 0.5684294871794872 0.05655893536121673 0.07916666666666666
1 0.9405893536121673 0.5379807692307692 0.051330798479087454 0.06826923076923076
