1 0.24333333333333335 0.6903440621531631 0.09333333333333334 0.13540510543840178
1 0.4341666666666667 0.8324084350721421 0.10833333333333334 0.1709211986681465
1 0.58125 0.6132075471698113 0.0475 0.06548279689234185
1 0.6845833333333334 0.574361820199778 0.04083333333333333 0.05660377358490566
1 0.8904166666666667 0.6553829078801332 0.060833333333333336 0.09433962264150944
1 0.9158333333333334 0.5965593784683685 0.05333333333333334 0.07214206437291898
1 0.5141666666666667 0.5532741398446172 0.04166666666666667 0.06326304106548279
1 0.41625 0.5516093229744728 0.05416666666666667 0.06437291897891233
1 0.3925 0.5349611542730299 0.030000000000000002 0.04439511653718091
1 0.3229166666666667 0.49889012208657046 0.02416666666666667 0.032186459489456164
1 0.28583333333333333 0.49889012208657046 0.03333333333333333 0.038845726970033294
1 0.26708333333333334 0.49500554938956715 0.025833333333333337 0.03107658157602664
1 0.21083333333333334 0.5538290788013318 0.045000000000000005 0.05549389567147614
1 0.19875 0.5044395116537181 0.035833333333333335 0.038845726970033294
1 0.11 0.5366259711431742 0.04166666666666667 0.049944506104328525
1 0.095 0.48890122086570476 0.03666666666666667 0.03662597114317425
1 0.03666666666666667 0.5138734739178691 0.04 0.04439511653718091
1 0.015416666666666667 0.6387347391786904 0.029166666666666667 0.05660377358490566
