1 0.22583333333333336 0.44318181818181823 0.095 0.1691919191919192
1 0.1375 0.3888888888888889 0.058333333333333334 0.09595959595959597
1 0.09583333333333334 0.3396464646464647 0.04833333333333334 0.07828282828282829
1 0.06916666666666667 0.3396464646464647 0.03833333333333334 0.07323232323232323
1 0.052500000000000005 0.30303030303030304 0.025 0.05050505050505051
1 0.13416666666666668 0.27525252525252525 0.025 0.030303030303030304
1 0.16416666666666668 0.29671717171717177 0.025 0.042929292929292935
1 0.18833333333333335 0.273989898989899 0.02666666666666667 0.042929292929292935
1 0.18083333333333335 0.3282828282828283 0.035 0.05555555555555556
1 0.2783333333333334 0.27651515151515155 0.02 0.03787878787878788
1 0.3416666666666667 0.2828282828282829 0.023333333333333334 0.05050505050505051
1 0.35750000000000004 0.35101010101010105 0.045000000000000005 0.07575757575757576
1 0.4091666666666667 0.29040404040404044 0.028333333333333335 0.045454545454545456
1 0.4491666666666667 0.3080808080808081 0.035 0.06060606060606061
1 0.4841666666666667 0.27146464646464646 0.025 0.042929292929292935
1 0.5225000000000001 0.38383838383838387 0.08166666666666667 0.13131313131313133
1 0.5991666666666667 0.30303030303030304 0.025 0.05050505050505051
1 0.64 0.29545454545454547 0.02666666666666667 0.045454545454545456
1 0.6625000000000001 0.2916666666666667 0.025 0.042929292929292935
1 0.65 0.40151515151515155 0.06333333333333334 0.12121212121212122
1 0.7266666666666667 0.34722222222222227 0.043333333333333335 0.06818181818181819
1 0.7891666666666667 0.3573232323232324 0.058333333333333334 0.0984848484848485
1 0.8316666666666667 0.3156565656565657 0.03666666666666667 0.06565656565656566
