1 0.0775 0.3862876254180602 0.025 0.043478260869565216
1 0.11875000000000001 0.4180602006688963 0.0275 0.04013377926421405
1 0.1525 0.42642140468227424 0.025 0.03678929765886287
1 0.35375 0.43812709030100333 0.0225 0.04013377926421405
1 0.44125000000000003 0.43812709030100333 0.0275 0.046822742474916385
1 0.4925 0.451505016722408 0.02 0.033444816053511704
1 0.6587500000000001 0.6755852842809364 0.1325 0.18729096989966554
1 0.5775 0.5518394648829431 0.09 0.12709030100334448
1 0.5387500000000001 0.46655518394648826 0.0475 0.08361204013377926
1 0.58 0.45819397993311034 0.03 0.06020066889632107
1 0.62125 0.4632107023411371 0.0225 0.043478260869565216
1 0.6725 0.49665551839464883 0.045 0.06354515050167224
1 0.71125 0.5367892976588629 0.0625 0.08361204013377926
1 0.8200000000000001 0.5919732441471571 0.085 0.12040133779264214
1 0.88875 0.5585284280936454 0.0725 0.10033444816053512
1 0.9712500000000001 0.5518394648829431 0.0575 0.12040133779264214
1 0.93625 0.479933110367893 0.0525 0.07023411371237458
1 0.88375 0.4899665551839465 0.0375 0.056856187290969896
1 0.83625 0.45652173913043476 0.0375 0.05016722408026756
1 0.80375 0.5066889632107023 0.0525 0.06354515050167224
1 0.80625 0.46655518394648826 0.0325 0.03678929765886287
1 0.77875 0.45484949832775917 0.0275 0.04013377926421405
1 0.75625 0.45819397993311034 0.0375 0.046822742474916385
1 0.73375 0.4782608695652174 0.0325 0.046822742474916385
1 0.7175 0.45484949832775917 0.035 0.046822742474916385
1 0.98375 0.4280936454849498 0.0275 0.05351170568561873
1 0.96875 0.4632107023411371 0.0225 0.05016722408026756
1 0.65125 0.46655518394648826 0.0375 0.056856187290969896
1 0.03125 0.5852842809364548 0.0575 0.13377926421404682
1 0.0625 0.5117056856187291 0.055 0.07357859531772575
1 0.10875 0.4816053511705686 0.0725 0.10702341137123746
1 0.19 0.540133779264214 0.055 0.07692307692307693
1 0.17250000000000001 0.4882943143812709 0.045 0.06020066889632107
1 0.18875 0.45652173913043476 0.0375 0.07023411371237458
1 0.23375 0.451505016722408 0.0425 0.07357859531772575
1 0.27875 0.45652173913043476 0.0425 0.056856187290969896
1 0.31625000000000003 0.44648829431438125 0.0325 0.043478260869565216
1 0.0575 0.46655518394648826 0.03 0.056856187290969896
1 0.01875 0.49498327759197325 0.0325 0.06688963210702341
