1 0.09 0.2598944591029024 0.02727272727272727 0.039577836411609495
1 0.07363636363636364 0.26121372031662266 0.023636363636363636 0.036939313984168866
1 0.056363636363636366 0.2651715039577836 0.025454545454545455 0.03430079155672823
1 0.019090909090909092 0.26121372031662266 0.02727272727272727 0.04221635883905013
1 0.14727272727272728 0.2546174142480211 0.03272727272727273 0.055408970976253295
1 0.12090909090909091 0.23218997361477572 0.02 0.02638522427440633
1 0.20272727272727273 0.2651715039577836 0.04909090909090909 0.06596306068601583
1 0.2809090909090909 0.2796833773087071 0.045454545454545456 0.06860158311345646
1 0.36272727272727273 0.29023746701846964 0.04181818181818182 0.07387862796833773
1 0.4 0.2730870712401055 0.04 0.055408970976253295
1 0.4727272727272727 0.26912928759894456 0.04 0.06860158311345646
1 0.5536363636363636 0.2651715039577836 0.045454545454545456 0.07124010554089709
1 0.6563636363636364 0.2651715039577836 0.04727272727272727 0.08179419525065963
1 0.6145454545454545 0.2532981530343008 0.025454545454545455 0.047493403693931395
1 0.7263636363636363 0.26912928759894456 0.038181818181818185 0.0633245382585752
1 0.7881818181818182 0.26649076517150394 0.05272727272727273 0.08443271767810026
1 0.91 0.21635883905013192 0.03090909090909091 0.036939313984168866
1 0.9690909090909091 0.27704485488126646 0.05818181818181818 0.10554089709762532
1 0.7081818181818181 0.21899736147757254 0.023636363636363636 0.036939313984168866
1 0.7090909090909091 0.17678100263852242 0.014545454545454545 0.02638522427440633
1 0.7272727272727273 0.18073878627968337 0.01090909090909091 0.023746701846965697
1 0.7436363636363637 0.17150395778364116 0.014545454545454545 0.021108179419525065
1 0.7754545454545455 0.19525065963060687 0.016363636363636365 0.02638522427440633
1 0.7645454545454545 0.18205804749340368 0.012727272727272728 0.021108179419525065
1 0.7745454545454545 0.16622691292875988 0.014545454545454545 0.02638522427440633
1 0.8145454545454546 0.18469656992084432 0.01818181818181818 0.02638522427440633
1 0.8081818181818182 0.16622691292875988 0.012727272727272728 0.02638522427440633
1 0.8318181818181818 0.17546174142480211 0.016363636363636365 0.023746701846965697
1 0.8372727272727273 0.16094986807387862 0.012727272727272728 0.021108179419525065
1 0.8490909090909091 0.18865435356200527 0.01818181818181818 0.03430079155672823
1 0.8854545454545455 0.18205804749340368 0.01818181818181818 0.0316622691292876
1 0.9390909090909091 0.19393139841688653 0.016363636363636365 0.03430079155672823
1 0.9618181818181818 0.20184696569920843 0.014545454545454545 0.029023746701846966
1 0.9827272727272727 0.21635883905013192 0.034545454545454546 0.04221635883905013
1 0.99 0.18997361477572558 0.02 0.036939313984168866
1 0.6427272727272727 0.20976253298153033 0.02 0.039577836411609495
1 0.6118181818181818 0.21240105540897097 0.023636363636363636 0.039577836411609495
1 0.5118181818181818 0.22691292875989444 0.02 0.036939313984168866
1 0.49727272727272726 0.2467018469656992 0.02 0.044854881266490766
