1 0.1586206896551724 0.4625435540069686 0.05123152709359605 0.09233449477351917
1 0.33546798029556646 0.22822299651567945 0.014778325123152709 0.03484320557491289
1 0.33251231527093594 0.19686411149825783 0.014778325123152709 0.0313588850174216
1 0.34384236453201966 0.20470383275261325 0.013793103448275862 0.029616724738675958
1 0.40886699507389157 0.20644599303135888 0.01773399014778325 0.033101045296167246
1 0.4423645320197044 0.2221254355400697 0.019704433497536943 0.033101045296167246
1 0.4783251231527093 0.22386759581881532 0.020689655172413793 0.036585365853658534
1 0.4157635467980295 0.18118466898954705 0.015763546798029555 0.0313588850174216
1 0.44581280788177335 0.18466898954703834 0.016748768472906402 0.0313588850174216
1 0.4669950738916256 0.1986062717770035 0.01773399014778325 0.03484320557491289
1 0.42315270935960586 0.15766550522648085 0.014778325123152709 0.02613240418118467
1 0.43940886699507387 0.16114982578397213 0.015763546798029555 0.02613240418118467
1 0.46009852216748764 0.14547038327526132 0.013793103448275862 0.02264808362369338
1 0.47389162561576353 0.15156794425087108 0.015763546798029555 0.0313588850174216
1 0.49556650246305417 0.16202090592334495 0.015763546798029555 0.03484320557491289
1 0.4985221674876847 0.14111498257839722 0.013793103448275862 0.024390243902439025
1 0.5024630541871921 0.12630662020905922 0.009852216748768471 0.02613240418118467
1 0.5152709359605911 0.13763066202090593 0.011822660098522167 0.027874564459930314
1 0.5231527093596059 0.12282229965156795 0.011822660098522167 0.02613240418118467
1 0.5334975369458128 0.13937282229965156 0.014778325123152709 0.027874564459930314
1 0.5315270935960591 0.1602787456445993 0.014778325123152709 0.0313588850174216
1 0.538423645320197 0.18641114982578397 0.016748768472906402 0.0313588850174216
1 0.5600985221674877 0.16463414634146342 0.014778325123152709 0.02613240418118467
1 0.5625615763546797 0.14721254355400698 0.015763546798029555 0.02613240418118467
1 0.5827586206896551 0.11585365853658537 0.012807881773399013 0.02613240418118467
1 0.6083743842364532 0.10278745644599303 0.012807881773399013 0.020905923344947737
1 0.6009852216748768 0.12369337979094076 0.011822660098522167 0.0313588850174216
1 0.6152709359605911 0.12195121951219512 0.012807881773399013 0.024390243902439025
1 0.6295566502463054 0.10801393728222997 0.009852216748768471 0.027874564459930314
1 0.5921182266009852 0.1480836236933798 0.015763546798029555 0.0313588850174216
1 0.5857142857142856 0.17334494773519163 0.016748768472906402 0.036585365853658534
1 0.5694581280788177 0.24128919860627177 0.02167487684729064 0.047038327526132406
1 0.5467980295566502 0.2961672473867596 0.027586206896551724 0.0627177700348432
1 0.5133004926108374 0.29181184668989546 0.029556650246305417 0.05400696864111498
1 0.6192118226600984 0.1524390243902439 0.014778325123152709 0.033101045296167246
1 0.6251231527093596 0.20818815331010454 0.020689655172413793 0.050522648083623695
1 0.6118226600985222 0.27090592334494773 0.023645320197044333 0.047038327526132406
1 0.5990147783251231 0.3057491289198606 0.029556650246305417 0.06794425087108014
1 0.6423645320197043 0.13414634146341464 0.011822660098522167 0.020905923344947737
1 0.6536945812807882 0.11149825783972125 0.01083743842364532 0.024390243902439025
1 0.6532019704433497 0.14285714285714285 0.011822660098522167 0.027874564459930314
1 0.6748768472906403 0.11933797909407666 0.009852216748768471 0.02264808362369338
1 0.6817733990147783 0.1297909407665505 0.009852216748768471 0.02613240418118467
1 0.7019704433497537 0.1332752613240418 0.01083743842364532 0.02613240418118467
1 0.7182266009852216 0.15069686411149827 0.013793103448275862 0.033101045296167246
1 0.7029556650246305 0.16637630662020905 0.014778325123152709 0.033101045296167246
1 0.702463054187192 0.19250871080139373 0.01773399014778325 0.036585365853658534
1 0.6625615763546797 0.2221254355400697 0.020689655172413793 0.04355400696864112
1 0.6517241379310345 0.20034843205574912 0.018719211822660096 0.041811846689895474
1 0.6738916256157635 0.2787456445993031 0.023645320197044333 0.04529616724738676
1 0.6768472906403941 0.32229965156794427 0.027586206896551724 0.06620209059233449
1 0.7177339901477832 0.23780487804878048 0.020689655172413793 0.05400696864111498
1 0.7472906403940887 0.13066202090592335 0.012807881773399013 0.0313588850174216
1 0.7532019704433497 0.12717770034843207 0.01083743842364532 0.024390243902439025
1 0.751231527093596 0.15331010452961671 0.014778325123152709 0.0313588850174216
1 0.7423645320197044 0.17682926829268292 0.012807881773399013 0.036585365853658534
1 0.7600985221674876 0.19250871080139373 0.016748768472906402 0.036585365853658534
1 0.7738916256157635 0.14111498257839722 0.012807881773399013 0.0313588850174216
1 0.7960591133004925 0.1759581881533101 0.013793103448275862 0.0313588850174216
1 0.783743842364532 0.20993031358885017 0.018719211822660096 0.036585365853658534
1 0.7935960591133004 0.2883275261324042 0.022660098522167486 0.05749128919860627
1 0.8029556650246304 0.27177700348432055 0.01773399014778325 0.04878048780487805
1 0.8078817733990147 0.2073170731707317 0.013793103448275862 0.03832752613240418
1 0.8251231527093595 0.18118466898954705 0.014778325123152709 0.03832752613240418
1 0.834975369458128 0.16202090592334495 0.012807881773399013 0.03484320557491289
1 0.8463054187192117 0.19250871080139373 0.013793103448275862 0.04006968641114982
1 0.8566502463054186 0.18292682926829268 0.014778325123152709 0.03484320557491289
1 0.8684729064039408 0.15853658536585366 0.012807881773399013 0.03484320557491289
1 0.8275862068965517 0.2308362369337979 0.01773399014778325 0.04355400696864112
1 0.8778325123152708 0.14982578397212543 0.013793103448275862 0.024390243902439025
1 0.9088669950738916 0.1681184668989547 0.012807881773399013 0.033101045296167246
1 0.9019704433497536 0.1794425087108014 0.01083743842364532 0.024390243902439025
1 0.8960591133004926 0.19599303135888502 0.014778325123152709 0.033101045296167246
1 0.886206896551724 0.20209059233449478 0.014778325123152709 0.0313588850174216
1 0.8748768472906403 0.24477351916376305 0.019704433497536943 0.05400696864111498
1 0.8650246305418718 0.2735191637630662 0.019704433497536943 0.05226480836236934
1 0.8399014778325122 0.3153310104529617 0.02463054187192118 0.05226480836236934
1 0.8280788177339901 0.3588850174216028 0.02463054187192118 0.06620209059233449
1 0.7527093596059112 0.34146341463414637 0.027586206896551724 0.06620209059233449
1 0.90935960591133 0.3353658536585366 0.019704433497536943 0.05749128919860627
1 0.9266009852216748 0.31010452961672474 0.020689655172413793 0.05574912891986063
1 0.922167487684729 0.25435540069686413 0.02167487684729064 0.04878048780487805
1 0.9206896551724137 0.22909407665505227 0.018719211822660096 0.04006968641114982
1 0.9413793103448275 0.2073170731707317 0.014778325123152709 0.0313588850174216
1 0.934975369458128 0.1803135888501742 0.013793103448275862 0.036585365853658534
