1 0.2684466019417476 0.2556131260794473 0.010679611650485437 0.027633851468048358
1 0.27815533980582524 0.2469775474956822 0.008737864077669903 0.027633851468048358
1 0.29708737864077667 0.2625215889464594 0.019417475728155338 0.048359240069084625
1 0.36262135922330097 0.25215889464594127 0.02233009708737864 0.05872193436960276
1 0.39174757281553396 0.2694300518134715 0.018446601941747572 0.037996545768566495
1 0.3631067961165048 0.19775474956822106 0.015533980582524271 0.02936096718480138
1 0.4072815533980582 0.2219343696027634 0.016504854368932037 0.03281519861830742
1 0.4451456310679611 0.22797927461139894 0.018446601941747572 0.04145077720207253
1 0.4174757281553398 0.1623488773747841 0.011650485436893204 0.024179620034542312
1 0.4495145631067961 0.1848013816925734 0.015533980582524271 0.03454231433506045
1 0.466504854368932 0.16321243523316062 0.016504854368932037 0.025906735751295335
1 0.479126213592233 0.18652849740932642 0.01262135922330097 0.037996545768566495
1 0.49805825242718443 0.16321243523316062 0.011650485436893204 0.03281519861830742
1 0.5169902912621359 0.20293609671848012 0.018446601941747572 0.039723661485319514
1 0.5247572815533981 0.16666666666666666 0.01262135922330097 0.02936096718480138
1 0.5427184466019417 0.17184801381692572 0.015533980582524271 0.03281519861830742
1 0.5310679611650485 0.12435233160621761 0.011650485436893204 0.027633851468048358
1 0.5563106796116505 0.10967184801381692 0.011650485436893204 0.02245250431778929
1 0.5635922330097087 0.1312607944732297 0.01262135922330097 0.031088082901554404
1 0.5810679611650486 0.1692573402417962 0.02233009708737864 0.03454231433506045
1 0.5864077669902913 0.13730569948186527 0.011650485436893204 0.02936096718480138
1 0.6024271844660194 0.153713298791019 0.014563106796116504 0.027633851468048358
1 0.5936893203883495 0.10362694300518134 0.010679611650485437 0.024179620034542312
1 0.6155339805825243 0.10103626943005181 0.009708737864077669 0.025906735751295335
1 0.6393203883495145 0.10276338514680483 0.010679611650485437 0.025906735751295335
1 0.6699029126213591 0.10449050086355785 0.011650485436893204 0.025906735751295335
1 0.7009708737864078 0.1001727115716753 0.009708737864077669 0.027633851468048358
1 0.6427184466019418 0.13212435233160622 0.011650485436893204 0.025906735751295335
1 0.4936893203883495 0.29620034542314333 0.02815533980582524 0.0535405872193437
1 0.5305825242718446 0.3290155440414508 0.02233009708737864 0.046632124352331605
1 0.5558252427184466 0.2504317789291882 0.02233009708737864 0.04145077720207253
1 0.6072815533980582 0.20984455958549222 0.020388349514563107 0.03626943005181347
1 0.6067961165048543 0.26424870466321243 0.019417475728155338 0.04145077720207253
1 0.6116504854368932 0.32124352331606215 0.033009708737864074 0.06563039723661485
1 0.6558252427184466 0.17271157167530224 0.018446601941747572 0.037996545768566495
1 0.6805825242718446 0.153713298791019 0.013592233009708738 0.031088082901554404
1 0.658252427184466 0.21157167530224524 0.02330097087378641 0.039723661485319514
1 0.674757281553398 0.3290155440414508 0.02524271844660194 0.06735751295336788
1 0.7067961165048543 0.2659758203799654 0.02524271844660194 0.048359240069084625
1 0.7029126213592233 0.23402417962003452 0.02330097087378641 0.02936096718480138
1 0.7058252427184466 0.18221070811744386 0.015533980582524271 0.04317789291882556
1 0.7310679611650485 0.1856649395509499 0.019417475728155338 0.05008635578583765
1 0.7504854368932039 0.22020725388601034 0.019417475728155338 0.0535405872193437
1 0.7611650485436893 0.2763385146804836 0.029126213592233007 0.055267702936096716
1 0.7509708737864077 0.33074265975820377 0.03398058252427184 0.06390328151986183
1 0.7888349514563107 0.40587219343696024 0.03203883495145631 0.07599309153713299
1 0.7757281553398058 0.15716753022452504 0.015533980582524271 0.04145077720207253
1 0.7859223300970873 0.21243523316062174 0.016504854368932037 0.048359240069084625
1 0.8237864077669903 0.13730569948186527 0.014563106796116504 0.02936096718480138
1 0.837378640776699 0.11830742659758203 0.010679611650485437 0.03281519861830742
1 0.8567961165048543 0.14162348877374784 0.014563106796116504 0.027633851468048358
1 0.8718446601941747 0.1252158894645941 0.009708737864077669 0.02936096718480138
1 0.8844660194174757 0.14939550949913644 0.011650485436893204 0.02245250431778929
1 0.8961165048543689 0.13989637305699482 0.013592233009708738 0.031088082901554404
1 0.9199029126213591 0.1623488773747841 0.01262135922330097 0.03454231433506045
1 0.8776699029126214 0.1701208981001727 0.017475728155339806 0.03281519861830742
1 0.8228155339805825 0.20293609671848012 0.018446601941747572 0.05008635578583765
1 0.8728155339805825 0.20984455958549222 0.021359223300970873 0.04317789291882556
1 0.9213592233009709 0.21243523316062174 0.015533980582524271 0.037996545768566495
1 0.8053398058252427 0.2392055267702936 0.02233009708737864 0.039723661485319514
1 0.8621359223300971 0.2538860103626943 0.017475728155339806 0.04490500863557858
1 0.9223300970873786 0.2538860103626943 0.017475728155339806 0.04145077720207253
1 0.8398058252427184 0.33160621761658027 0.02524271844660194 0.06217616580310881
1 0.9121359223300971 0.29533678756476683 0.02815533980582524 0.055267702936096716
1 0.8990291262135922 0.39982728842832466 0.029126213592233007 0.07772020725388601
1 0.8291262135922329 0.153713298791019 0.015533980582524271 0.03454231433506045
1 0.6111650485436892 0.13385146804835923 0.014563106796116504 0.02936096718480138
1 0.49174757281553394 0.1934369602763385 0.014563106796116504 0.03454231433506045
1 0.3878640776699029 0.19775474956822106 0.01262135922330097 0.03281519861830742
1 0.3966019417475728 0.19948186528497408 0.016504854368932037 0.03626943005181347
