1 0.88268156424581 0.5103626943005182 0.1340782122905028 0.19689119170984457
1 0.8845437616387337 0.4028497409326425 0.1005586592178771 0.14766839378238342
1 0.6443202979515829 0.405440414507772 0.1042830540037244 0.15803108808290156
1 0.6731843575418994 0.3471502590673575 0.08007448789571694 0.11917098445595856
1 0.2709497206703911 0.6152849740932643 0.14338919925512103 0.23575129533678757
1 0.10148975791433892 0.41709844559585496 0.10986964618249534 0.1761658031088083
1 0.030726256983240222 0.32642487046632124 0.05772811918063315 0.13989637305699482
1 0.04748603351955307 0.16709844559585493 0.042830540037243944 0.08031088082901555
1 0.08100558659217877 0.15932642487046633 0.042830540037243944 0.07512953367875648
1 0.10614525139664804 0.16580310880829016 0.0335195530726257 0.08808290155440415
1 0.14059590316573556 0.17875647668393782 0.04655493482309125 0.07253886010362695
1 0.18528864059590316 0.1373056994818653 0.04655493482309125 0.07253886010362695
1 0.1945996275605214 0.2227979274611399 0.054003724394785846 0.09326424870466321
1 0.22160148975791433 0.17746113989637308 0.037243947858473 0.06476683937823835
1 0.25512104283054005 0.24093264248704663 0.048417132216014895 0.09326424870466321
1 0.33798882681564246 0.29533678756476683 0.06517690875232775 0.11398963730569948
1 0.33054003724394787 0.2305699481865285 0.04655493482309125 0.06217616580310881
1 0.329608938547486 0.1878238341968912 0.0446927374301676 0.05958549222797928
1 0.31564245810055863 0.1411917098445596 0.03910614525139665 0.054404145077720206
1 0.2839851024208566 0.18911917098445596 0.035381750465549346 0.07253886010362695
1 0.26256983240223464 0.1606217616580311 0.040968342644320296 0.06735751295336788
1 0.37337057728119183 0.17098445595854922 0.03910614525139665 0.07253886010362695
1 0.43854748603351956 0.15544041450777202 0.035381750465549346 0.07772020725388601
1 0.44227188081936686 0.2551813471502591 0.054003724394785846 0.09067357512953368
1 0.4543761638733706 0.3432642487046632 0.0893854748603352 0.14248704663212436
1 0.5325884543761639 0.266839378238342 0.0670391061452514 0.11398963730569948
1 0.5037243947858473 0.18652849740932642 0.04655493482309125 0.07253886010362695
1 0.46834264432029793 0.15155440414507773 0.03165735567970205 0.06994818652849741
1 0.5493482309124768 0.16321243523316062 0.037243947858473 0.07253886010362695
1 0.5856610800744879 0.15414507772020725 0.035381750465549346 0.08549222797927461
1 0.6210428305400373 0.20077720207253888 0.03165735567970205 0.05958549222797928
1 0.6098696461824954 0.27979274611398963 0.05027932960893855 0.08808290155440415
1 0.6666666666666666 0.20595854922279794 0.048417132216014895 0.08031088082901555
1 0.6843575418994413 0.17098445595854922 0.035381750465549346 0.07253886010362695
1 0.7309124767225326 0.19689119170984457 0.03910614525139665 0.06735751295336788
1 0.7262569832402235 0.15932642487046633 0.0297951582867784 0.04922279792746114
1 0.776536312849162 0.172279792746114 0.0335195530726257 0.05958549222797928
1 0.8081936685288641 0.2422279792746114 0.0521415270018622 0.09067357512953368
1 0.8240223463687151 0.18134715025906736 0.027932960893854747 0.05699481865284974
1 0.861266294227188 0.19041450777202074 0.042830540037243944 0.08031088082901555
1 0.9003724394785847 0.2033678756476684 0.05027932960893855 0.08031088082901555
1 0.9199255121042831 0.22797927461139897 0.048417132216014895 0.07253886010362695
1 0.9581005586592178 0.27849740932642486 0.05772811918063315 0.10103626943005181
1 0.9720670391061452 0.20984455958549222 0.040968342644320296 0.06735751295336788
1 0.9329608938547486 0.09196891191709845 0.040968342644320296 0.08031088082901555
