1 0.15 0.27666666666666667 0.12 0.2866666666666667
1 0.085 0.25833333333333336 0.09 0.22333333333333336
1 0.136 0.115 0.088 0.16333333333333333
1 0.293 0.45833333333333337 0.15 0.3166666666666667
1 0.495 0.08333333333333334 0.078 0.16
1 0.635 0.34833333333333333 0.13 0.29000000000000004
1 0.621 0.18500000000000003 0.122 0.21000000000000002
1 0.5680000000000001 0.21833333333333335 0.092 0.25
1 0.8130000000000001 0.08166666666666667 0.078 0.15666666666666668
1 0.853 0.17 0.08600000000000001 0.18666666666666668
1 0.901 0.13166666666666668 0.106 0.2566666666666667
1 0.917 0.45833333333333337 0.146 0.35000000000000003
1 0.96 0.3116666666666667 0.076 0.27666666666666667
1 0.926 0.2366666666666667 0.088 0.22
