1 0.13370473537604458 0.478369384359401 0.051996285979572884 0.11480865224625625
1 0.25719591457753016 0.27953410981697174 0.016713091922005572 0.036605657237936774
1 0.27158774373259054 0.26788685524126454 0.017641597028783658 0.036605657237936774
1 0.28969359331476324 0.2787021630615641 0.016713091922005572 0.03494176372712147
1 0.3050139275766017 0.24625623960066556 0.019498607242339833 0.036605657237936774
1 0.3161559888579387 0.2803660565723794 0.019498607242339833 0.04159733777038269
1 0.34447539461467036 0.27953410981697174 0.02042711234911792 0.036605657237936774
1 0.40250696378830086 0.2895174708818636 0.025069637883008356 0.05324459234608985
1 0.31708449396471683 0.22129783693843594 0.017641597028783658 0.033277870216306155
1 0.3375116063138347 0.2329450915141431 0.015784586815227482 0.033277870216306155
1 0.361652739090065 0.21630615640599002 0.015784586815227482 0.029950083194675542
1 0.37186629526462395 0.21214642262895175 0.017641597028783658 0.03826955074875208
1 0.3890436397400186 0.19717138103161397 0.016713091922005572 0.03494176372712147
1 0.40807799442896936 0.22628951747088186 0.02135561745589601 0.036605657237936774
1 0.4401114206128134 0.21880199667221298 0.02042711234911792 0.04159733777038269
1 0.46332404828226553 0.2312811980033278 0.022284122562674095 0.04658901830282862
1 0.44986072423398327 0.1896838602329451 0.019498607242339833 0.036605657237936774
1 0.4322191272051996 0.18718801996672213 0.015784586815227482 0.028286189683860232
1 0.41225626740947074 0.16888519134775376 0.012999071494893221 0.028286189683860232
1 0.4456824512534819 0.15474209650582363 0.014856081708449397 0.029950083194675542
1 0.47818012999071496 0.1605657237936772 0.014856081708449397 0.03161397670549085
1 0.4767873723305478 0.13893510815307822 0.012070566388115135 0.02495840266222962
1 0.5088207985143919 0.1821963394342762 0.018570102135561747 0.03494176372712147
1 0.5366759517177344 0.1913477537437604 0.02042711234911792 0.036605657237936774
1 0.5538532961931291 0.15058236272878536 0.015784586815227482 0.03494176372712147
1 0.5306406685236769 0.13560732113144758 0.015784586815227482 0.03161397670549085
1 0.4851439182915506 0.1264559068219634 0.012070566388115135 0.019966722129783693
1 0.5603528319405757 0.11397670549084858 0.012070566388115135 0.02495840266222962
1 0.574744661095636 0.15474209650582363 0.016713091922005572 0.036605657237936774
1 0.585886722376973 0.14059900166389352 0.014856081708449397 0.03161397670549085
1 0.5835654596100278 0.12312811980033278 0.012070566388115135 0.02329450915141431
1 0.5942432683379759 0.09234608985024959 0.014856081708449397 0.03161397670549085
1 0.6100278551532033 0.12229617304492513 0.014856081708449397 0.03161397670549085
1 0.6225626740947076 0.13976705490848587 0.015784586815227482 0.036605657237936774
1 0.6253481894150418 0.09816971713810316 0.012070566388115135 0.02329450915141431
1 0.6513463324048282 0.0956738768718802 0.013927576601671309 0.03161397670549085
1 0.6462395543175488 0.11231281198003328 0.012999071494893221 0.03161397670549085
1 0.6713091922005571 0.10898502495840266 0.014856081708449397 0.03494176372712147
1 0.5608170844939647 0.24958402662229617 0.02042711234911792 0.04658901830282862
1 0.4856081708449396 0.30948419301164726 0.027855153203342618 0.0632279534109817
1 0.5389972144846796 0.3136439267886855 0.03064066852367688 0.06156405990016639
1 0.585422469823584 0.37104825291181365 0.028783658310120707 0.06655574043261231
1 0.6722376973073352 0.3361064891846922 0.033426183844011144 0.06655574043261231
1 0.6137418755803157 0.24459234608985025 0.025998142989786442 0.04658901830282862
1 0.6081708449396471 0.2096505823627288 0.02042711234911792 0.03993344425956739
1 0.6467038068709378 0.17054908485856907 0.019498607242339833 0.04159733777038269
1 0.6634168987929434 0.19051580698835274 0.02135561745589601 0.04492512479201331
1 0.6615598885793872 0.26039933444259566 0.02321262766945218 0.05823627287853578
1 0.6973073351903436 0.21963394342762063 0.02414113277623027 0.04991680532445924
1 0.6959145775301764 0.1788685524126456 0.019498607242339833 0.03161397670549085
1 0.6815227483751161 0.15307820299500832 0.018570102135561747 0.03993344425956739
1 0.7033426183844012 0.13477537437603992 0.013927576601671309 0.033277870216306155
1 0.7256267409470752 0.28119800332778705 0.025069637883008356 0.059900166389351084
1 0.7497678737233054 0.2454242928452579 0.02321262766945218 0.048252911813643926
1 0.7270194986072424 0.19217970049916805 0.022284122562674095 0.05490848585690516
1 0.7409470752089137 0.15973377703826955 0.014856081708449397 0.033277870216306155
1 0.7428040854224698 0.12895174708818635 0.014856081708449397 0.03494176372712147
1 0.7302692664809657 0.11314475873544093 0.013927576601671309 0.036605657237936774
1 0.7479108635097493 0.11148086522462562 0.013927576601671309 0.029950083194675542
1 0.7641597028783659 0.12562396006655574 0.014856081708449397 0.03161397670549085
1 0.7729805013927576 0.11730449251247921 0.013927576601671309 0.03494176372712147
1 0.7948003714020427 0.13311148086522462 0.014856081708449397 0.029950083194675542
1 0.7753017641597029 0.15474209650582363 0.014856081708449397 0.033277870216306155
1 0.7943361188486536 0.17637271214642264 0.017641597028783658 0.03993344425956739
1 0.8147632311977716 0.1638935108153078 0.015784586815227482 0.03494176372712147
1 0.7989786443825441 0.11397670549084858 0.012070566388115135 0.02495840266222962
1 0.8291550603528319 0.13477537437603992 0.016713091922005572 0.033277870216306155
1 0.8426183844011143 0.18635607321131448 0.017641597028783658 0.04326123128119801
1 0.7827298050139275 0.27121464226289516 0.027855153203342618 0.059900166389351084
1 0.8170844939647168 0.2504159733777038 0.02042711234911792 0.05490848585690516
1 0.8700092850510678 0.21880199667221298 0.018570102135561747 0.048252911813643926
1 0.9220055710306406 0.2878535773710483 0.02414113277623027 0.056572379367720464
1 0.8844011142061281 0.19051580698835274 0.017641597028783658 0.04492512479201331
1 0.8602599814298979 0.15141430948419302 0.013927576601671309 0.036605657237936774
1 0.8885793871866295 0.15806988352745424 0.012999071494893221 0.033277870216306155
1 0.8941504178272981 0.13643926788685523 0.014856081708449397 0.029950083194675542
1 0.9229340761374187 0.19633943427620631 0.018570102135561747 0.04326123128119801
1 0.9233983286908078 0.1622296173044925 0.015784586815227482 0.03161397670549085
