1 0.08203125 0.331712962962963 0.025520833333333333 0.04861111111111111
1 0.10989583333333333 0.39490740740740743 0.052083333333333336 0.1
1 0.17864583333333334 0.3458333333333333 0.0265625 0.04259259259259259
1 0.20234375 0.34328703703703706 0.017708333333333333 0.043055555555555555
1 0.22604166666666667 0.38958333333333334 0.028125 0.05694444444444444
1 0.24348958333333334 0.3597222222222222 0.019270833333333334 0.04351851851851852
1 0.2817708333333333 0.3615740740740741 0.021875 0.05
1 0.32252604166666665 0.36574074074074076 0.026822916666666665 0.05092592592592593
1 0.38125 0.38472222222222224 0.0234375 0.04537037037037037
1 0.3932291666666667 0.3145833333333333 0.019791666666666666 0.04398148148148148
1 0.2989583333333333 0.4518518518518519 0.05364583333333333 0.10092592592592593
1 0.5329427083333333 0.6094907407407407 0.09401041666666667 0.19490740740740742
1 0.5227864583333334 0.46319444444444446 0.040364583333333336 0.08750000000000001
1 0.5826822916666666 0.47175925925925927 0.03567708333333333 0.07777777777777778
1 0.6697916666666667 0.40046296296296297 0.021875 0.04259259259259259
1 0.79296875 0.6002314814814815 0.06302083333333333 0.12546296296296297
1 0.858203125 0.5 0.031510416666666666 0.06574074074074074
1 0.96328125 0.5206018518518519 0.034895833333333334 0.07546296296296297
