1 0.1295843520782396 0.5491923641703377 0.04400977995110024 0.0763582966226138
1 0.2200488997555012 0.3634361233480176 0.017929910350448247 0.02790014684287812
1 0.2885085574572127 0.3788546255506608 0.019559902200488997 0.041116005873715125
1 0.31988590057049715 0.3986784140969163 0.02526487367563162 0.04552129221732746
1 0.2921760391198044 0.3443465491923641 0.02200488997555012 0.033773861967694566
1 0.2856560717196414 0.3105726872246696 0.017114914425427872 0.033773861967694566
1 0.3528932355338223 0.342143906020558 0.017929910350448247 0.041116005873715125
1 0.35778321108394456 0.29955947136563876 0.017929910350448247 0.02936857562408223
1 0.3801955990220049 0.342143906020558 0.015484922575387122 0.04405286343612334
1 0.40383048084759576 0.33920704845814975 0.020374898125509373 0.041116005873715125
1 0.3850855745721271 0.2804698972099853 0.015484922575387122 0.035242290748898675
1 0.40342298288508555 0.2819383259911894 0.013039934800325998 0.02936857562408223
1 0.41075794621026895 0.29955947136563876 0.014669926650366748 0.035242290748898675
1 0.4400977995110024 0.2701908957415565 0.014669926650366748 0.032305433186490456
1 0.44865525672371637 0.2599118942731277 0.013854930725346373 0.02936857562408223
1 0.4409127954360228 0.30469897209985314 0.021189894050529748 0.042584434654919234
1 0.4559902200488997 0.34287812041116006 0.02200488997555012 0.042584434654919234
1 0.46862265688671556 0.31571218795888395 0.017929910350448247 0.041116005873715125
1 0.45843520782396086 0.28120411160058734 0.013854930725346373 0.03083700440528634
1 0.4706601466992665 0.237151248164464 0.013854930725346373 0.024963289280469897
1 0.4678076609616952 0.26138032305433184 0.013039934800325998 0.032305433186490456
1 0.4820700896495517 0.28487518355359764 0.015484922575387122 0.0381791483113069
1 0.5134474327628361 0.3223201174743025 0.019559902200488997 0.042584434654919234
1 0.471882640586797 0.4052863436123348 0.030969845150774243 0.06754772393538913
1 0.5293398533007335 0.42217327459618204 0.02526487367563162 0.057268722466960346
1 0.5313773431132844 0.3729809104258443 0.024449877750611245 0.04698972099853157
1 0.5142624286878565 0.25697503671071953 0.013039934800325998 0.026431718061674006
1 0.5236348818255908 0.28120411160058734 0.015484922575387122 0.033773861967694566
1 0.5460472697636511 0.2488986784140969 0.014669926650366748 0.03083700440528634
1 0.5574572127139364 0.27826725403817915 0.016299918500407497 0.033773861967694566
1 0.571719641401793 0.26945668135095446 0.013854930725346373 0.03964757709251101
1 0.571719641401793 0.2459618208516887 0.013854930725346373 0.024963289280469897
1 0.5554197229013854 0.22687224669603523 0.012224938875305623 0.024963289280469897
1 0.5737571312143439 0.2224669603524229 0.013039934800325998 0.024963289280469897
1 0.6006519967400162 0.25256975036710716 0.013039934800325998 0.02936857562408223
1 0.6112469437652811 0.20704845814977973 0.013039934800325998 0.026431718061674006
1 0.6246943765281173 0.21806167400881057 0.013854930725346373 0.024963289280469897
1 0.6430317848410758 0.2599118942731277 0.014669926650366748 0.032305433186490456
1 0.6577017114914425 0.2187958883994126 0.011409942950285247 0.026431718061674006
1 0.6707416462917685 0.22980910425844345 0.011409942950285247 0.02790014684287812
1 0.6813365933170333 0.2254038179148311 0.011409942950285247 0.02790014684287812
1 0.7025264873675632 0.2606461086637298 0.017929910350448247 0.03964757709251101
1 0.5961695191524042 0.3340675477239354 0.02200488997555012 0.03964757709251101
1 0.5920945395273023 0.39941262848751835 0.02852485737571312 0.049926578560939794
1 0.571719641401793 0.4618208516886931 0.03341483292583537 0.06901615271659324
1 0.636919315403423 0.5014684287812041 0.036674816625916866 0.07195301027900146
1 0.7008964955175224 0.5550660792951542 0.034229828850855744 0.07929515418502202
1 0.6621841890790545 0.3935389133627019 0.02526487367563162 0.05873715124816446
1 0.6858190709046454 0.37591776798825255 0.020374898125509373 0.04405286343612334
1 0.7106764466177669 0.42731277533039647 0.026079869600651995 0.05873715124816446
1 0.7775061124694376 0.4486049926578561 0.029339853300733496 0.057268722466960346
1 0.8011409942950285 0.36930983847283405 0.024449877750611245 0.0513950073421439
1 0.6336593317033414 0.30837004405286345 0.018744906275468622 0.0381791483113069
1 0.643439282803586 0.342143906020558 0.02200488997555012 0.041116005873715125
1 0.6780766096169519 0.32819383259911894 0.022819885900570495 0.03671071953010279
1 0.6678891605541972 0.2819383259911894 0.015484922575387122 0.035242290748898675
1 0.711083944580277 0.30249632892804695 0.018744906275468622 0.0381791483113069
1 0.7298288508557457 0.24743024963289278 0.013854930725346373 0.03671071953010279
1 0.7396088019559902 0.24743024963289278 0.015484922575387122 0.03671071953010279
1 0.7485737571312143 0.22907488986784139 0.012224938875305623 0.02936857562408223
1 0.7766911165444172 0.2305433186490455 0.013039934800325998 0.032305433186490456
1 0.7770986145069274 0.2753303964757709 0.013854930725346373 0.03671071953010279
1 0.763243683781581 0.29148311306901614 0.017114914425427872 0.042584434654919234
1 0.7999185004074979 0.2599118942731277 0.013854930725346373 0.026431718061674006
1 0.8341483292583537 0.26798825256975034 0.012224938875305623 0.03083700440528634
1 0.8092909535452323 0.2790014684287812 0.014669926650366748 0.02936857562408223
1 0.8072534637326813 0.30837004405286345 0.015484922575387122 0.04405286343612334
1 0.8410757946210269 0.3076358296622614 0.014669926650366748 0.042584434654919234
1 0.8549307253463733 0.3120411160058737 0.013039934800325998 0.033773861967694566
1 0.8553382233088834 0.27459618208516884 0.012224938875305623 0.0381791483113069
1 0.8700081499592501 0.263582966226138 0.010594947025264874 0.033773861967694566
1 0.8822330888345558 0.28707782672540383 0.017114914425427872 0.03964757709251101
1 0.9250203748981255 0.2966226138032305 0.013039934800325998 0.023494860499265784
1 0.9286878565607172 0.3098384728340675 0.013854930725346373 0.032305433186490456
1 0.9356153219233904 0.32819383259911894 0.016299918500407497 0.03671071953010279
1 0.9193154034229828 0.3399412628487518 0.016299918500407497 0.033773861967694566
1 0.9225753871230643 0.3619676945668135 0.016299918500407497 0.03964757709251101
1 0.8985330073349633 0.34140969162995594 0.017114914425427872 0.042584434654919234
1 0.8700081499592501 0.3810572687224669 0.02200488997555012 0.05433186490455213
1 0.8773431132844335 0.42070484581497797 0.02526487367563162 0.05433186490455213
1 0.8488182559087204 0.40895741556534504 0.018744906275468622 0.0513950073421439
1 0.9103504482477587 0.4809104258443465 0.027709861450692746 0.06901615271659324
1 0.8402607986960065 0.45814977973568277 0.027709861450692746 0.05580029368575624
1 0.7942135289323553 0.5822320117474302 0.02689486552567237 0.07488986784140969
