1 0.2542857142857143 0.2408026755852843 0.015238095238095238 0.030100334448160536
1 0.2704761904761905 0.18394648829431437 0.017142857142857144 0.030100334448160536
1 0.32047619047619047 0.25 0.018095238095238095 0.03177257525083612
1 0.32142857142857145 0.22324414715719063 0.01619047619047619 0.02508361204013378
1 0.3523809523809524 0.20819397993311037 0.01904761904761905 0.03177257525083612
1 0.35428571428571426 0.23411371237458192 0.01904761904761905 0.033444816053511704
1 0.3657142857142857 0.26505016722408026 0.02095238095238095 0.038461538461538464
1 0.3352380952380952 0.2725752508361204 0.017142857142857144 0.030100334448160536
1 0.39476190476190476 0.290133779264214 0.02761904761904762 0.051839464882943144
1 0.4042857142857143 0.21822742474916387 0.018095238095238095 0.04180602006688963
1 0.3871428571428571 0.1948160535117057 0.01619047619047619 0.03177257525083612
1 0.370952380952381 0.18561872909698995 0.012380952380952381 0.030100334448160536
1 0.42142857142857143 0.20986622073578595 0.018095238095238095 0.028428093645484948
1 0.43476190476190474 0.18478260869565216 0.01619047619047619 0.03511705685618729
1 0.4504761904761905 0.18896321070234112 0.017142857142857144 0.033444816053511704
1 0.46904761904761905 0.23244147157190634 0.023809523809523808 0.06020066889632107
1 0.4876190476190476 0.1354515050167224 0.013333333333333332 0.023411371237458192
1 0.49952380952380954 0.15301003344481606 0.012380952380952381 0.028428093645484948
1 0.4847619047619048 0.1939799331103679 0.02095238095238095 0.033444816053511704
1 0.5157142857142857 0.1906354515050167 0.018095238095238095 0.03678929765886287
1 0.5347619047619048 0.2048494983277592 0.02 0.04180602006688963
1 0.5380952380952381 0.15384615384615385 0.015238095238095238 0.03678929765886287
1 0.5604761904761905 0.1605351170568562 0.01619047619047619 0.033444816053511704
1 0.590952380952381 0.16387959866220736 0.01619047619047619 0.033444816053511704
1 0.5728571428571428 0.1245819397993311 0.012380952380952381 0.028428093645484948
1 0.5823809523809523 0.06354515050167224 0.012380952380952381 0.020066889632107024
1 0.6028571428571429 0.14297658862876253 0.013333333333333332 0.028428093645484948
1 0.6185714285714285 0.1471571906354515 0.014285714285714285 0.026755852842809364
1 0.6495238095238095 0.1346153846153846 0.013333333333333332 0.02508361204013378
1 0.6233333333333333 0.12959866220735786 0.014285714285714285 0.02508361204013378
1 0.659047619047619 0.12040133779264214 0.011428571428571429 0.030100334448160536
1 0.6904761904761905 0.12123745819397994 0.013333333333333332 0.028428093645484948
1 0.7157142857142857 0.07107023411371237 0.01619047619047619 0.038461538461538464
1 0.7219047619047619 0.15468227424749165 0.015238095238095238 0.03177257525083612
1 0.7438095238095238 0.1262541806020067 0.015238095238095238 0.03177257525083612
1 0.7138095238095238 0.18478260869565216 0.018095238095238095 0.03511705685618729
1 0.7038095238095238 0.15384615384615385 0.015238095238095238 0.030100334448160536
1 0.6771428571428572 0.20735785953177258 0.02095238095238095 0.043478260869565216
1 0.6442857142857142 0.21070234113712374 0.021904761904761906 0.05016722408026756
1 0.5847619047619048 0.2842809364548495 0.030476190476190476 0.06020066889632107
1 0.4876190476190476 0.33612040133779264 0.030476190476190476 0.046822742474916385
1 0.6242857142857143 0.3311036789297659 0.03333333333333333 0.056856187290969896
1 0.6157142857142857 0.28595317725752506 0.021904761904761906 0.043478260869565216
1 0.6757142857142857 0.2717391304347826 0.03142857142857143 0.06521739130434782
1 0.731904761904762 0.2951505016722408 0.02761904761904762 0.05518394648829431
1 0.7261904761904762 0.2625418060200669 0.025714285714285714 0.043478260869565216
1 0.758095238095238 0.1948160535117057 0.02095238095238095 0.04180602006688963
1 0.7814285714285715 0.21989966555183946 0.023809523809523808 0.0451505016722408
1 0.7557142857142857 0.16722408026755853 0.014285714285714285 0.030100334448160536
1 0.7761904761904762 0.13879598662207357 0.017142857142857144 0.033444816053511704
1 0.7942857142857143 0.15551839464882944 0.013333333333333332 0.026755852842809364
1 0.8114285714285714 0.17307692307692307 0.01904761904761905 0.038461538461538464
1 0.8457142857142858 0.14966555183946487 0.015238095238095238 0.028428093645484948
1 0.8523809523809524 0.17391304347826086 0.013333333333333332 0.030100334448160536
1 0.8471428571428572 0.2165551839464883 0.02 0.04180602006688963
1 0.8257142857142857 0.24832775919732442 0.02095238095238095 0.05518394648829431
1 0.7719047619047619 0.3285953177257525 0.02761904761904762 0.048494983277591976
1 0.8580952380952381 0.3068561872909699 0.024761904761904763 0.06521739130434782
1 0.8576190476190476 0.2692307692307692 0.023809523809523808 0.043478260869565216
1 0.93 0.2909698996655518 0.021904761904761906 0.05016722408026756
1 0.9219047619047619 0.23160535117056855 0.022857142857142857 0.0451505016722408
1 0.900952380952381 0.19648829431438128 0.015238095238095238 0.038461538461538464
1 0.8961904761904762 0.16304347826086957 0.015238095238095238 0.03511705685618729
