1 0.20132325141776938 0.46134868421052627 0.045368620037807186 0.1069078947368421
1 0.2561436672967864 0.4407894736842105 0.045368620037807186 0.09868421052631579
1 0.3227788279773157 0.28289473684210525 0.021739130434782608 0.039473684210526314
1 0.3790170132325142 0.2598684210526316 0.022684310018903593 0.046052631578947366
1 0.42060491493383745 0.24095394736842105 0.022684310018903593 0.03125
1 0.45415879017013233 0.2269736842105263 0.023629489603024575 0.039473684210526314
1 0.4607750472589792 0.1907894736842105 0.021739130434782608 0.03618421052631579
1 0.4806238185255199 0.2006578947368421 0.021739130434782608 0.029605263157894735
1 0.46975425330812853 0.15625 0.013232514177693762 0.023026315789473683
1 0.47542533081285443 0.15789473684210525 0.013232514177693762 0.02631578947368421
1 0.4896030245746692 0.09375 0.01890359168241966 0.029605263157894735
1 0.5023629489603024 0.15542763157894737 0.014177693761814745 0.02796052631578947
1 0.5401701323251418 0.1439144736842105 0.017958412098298678 0.03125
1 0.5477315689981097 0.1981907894736842 0.021739130434782608 0.041118421052631575
1 0.5590737240075615 0.15789473684210525 0.01606805293005671 0.03289473684210526
1 0.5916824196597353 0.1513157894736842 0.01890359168241966 0.03618421052631579
1 0.529773156899811 0.1751644736842105 0.019848771266540645 0.03125
1 0.4390359168241966 0.28125 0.027410207939508508 0.05263157894736842
1 0.4848771266540643 0.3289473684210526 0.030245746691871456 0.05263157894736842
1 0.6635160680529301 0.26480263157894735 0.020793950850661626 0.049342105263157895
1 0.7003780718336484 0.15625 0.017013232514177693 0.042763157894736836
1 0.7216446124763706 0.14802631578947367 0.014177693761814745 0.03618421052631579
1 0.7405482041587902 0.1595394736842105 0.017958412098298678 0.03289473684210526
1 0.7594517958412098 0.13898026315789472 0.01606805293005671 0.03453947368421052
1 0.7684310018903592 0.18338815789473684 0.017013232514177693 0.041118421052631575
1 0.8114366729678639 0.18996710526315788 0.019848771266540645 0.044407894736842105
1 0.8260869565217391 0.1356907894736842 0.011342155009451797 0.041118421052631575
1 0.8809073724007561 0.21463815789473684 0.017013232514177693 0.04769736842105263
1 0.7726843100189036 0.2919407894736842 0.023629489603024575 0.05427631578947368
1 0.7282608695652174 0.2886513157894737 0.02551984877126654 0.05756578947368421
