1 0.07056936647955092 0.5588235294117647 0.05934242181234964 0.11437908496732027
1 0.2558139534883721 0.238562091503268 0.024057738572574178 0.05555555555555556
1 0.599037690457097 0.11683006535947713 0.019246190858059342 0.03758169934640523
1 0.5805934242181234 0.125 0.01764234161988773 0.04084967320261438
1 0.5585404971932638 0.12581699346405228 0.02165196471531676 0.04575163398692811
1 0.5541299117882919 0.14705882352941177 0.01603849238171612 0.03594771241830066
1 0.5316760224538893 0.14705882352941177 0.01603849238171612 0.04575163398692811
1 0.49558941459502803 0.13480392156862744 0.01764234161988773 0.05065359477124183
1 0.44306335204490777 0.15441176470588236 0.016840417000801924 0.04084967320261438
1 0.458700882117081 0.14787581699346405 0.019246190858059342 0.03758169934640523
1 0.47674418604651164 0.16013071895424838 0.015236567762630313 0.042483660130718956
1 0.632317562149158 0.11519607843137256 0.015236567762630313 0.05065359477124183
1 0.6503608660785886 0.12663398692810457 0.01764234161988773 0.03758169934640523
1 0.3740978348035285 0.17565359477124184 0.015236567762630313 0.04084967320261438
1 0.3151563753007217 0.19526143790849673 0.01764234161988773 0.04084967320261438
1 0.3067361668003208 0.2303921568627451 0.016840417000801924 0.05228758169934641
1 0.3356054530874098 0.21895424836601307 0.024859663191659984 0.04575163398692811
1 0.3536487570168404 0.2042483660130719 0.01603849238171612 0.049019607843137254
1 0.3937449879711307 0.1781045751633987 0.01764234161988773 0.03594771241830066
1 0.4322373696872494 0.18055555555555555 0.01603849238171612 0.03758169934640523
1 0.3692862870890136 0.25571895424836605 0.016840417000801924 0.04738562091503268
1 0.40136327185244586 0.22222222222222224 0.015236567762630313 0.03594771241830066
1 0.5020048115477145 0.1911764705882353 0.019246190858059342 0.042483660130718956
1 0.47714514835605454 0.2238562091503268 0.019246190858059342 0.049019607843137254
1 0.5513231756214916 0.19444444444444445 0.016840417000801924 0.03594771241830066
1 0.5705693664795509 0.19362745098039216 0.016840417000801924 0.04411764705882353
1 0.6948676824378508 0.12418300653594772 0.015236567762630313 0.032679738562091505
1 0.6864474739374499 0.14052287581699346 0.020850040096230954 0.05228758169934641
1 0.714514835605453 0.14787581699346405 0.014434643143544507 0.03758169934640523
1 0.4374498797113071 0.2965686274509804 0.028067361668003207 0.06045751633986928
1 0.5553327987169207 0.3243464052287582 0.018444266238973536 0.05065359477124183
1 0.615477145148356 0.18709150326797386 0.018444266238973536 0.04738562091503268
1 0.6575781876503608 0.1707516339869281 0.012830793905372895 0.02777777777777778
1 0.781074578989575 0.1593137254901961 0.014434643143544507 0.04084967320261438
1 0.7497995188452286 0.18055555555555555 0.014434643143544507 0.03758169934640523
1 0.7137129109863672 0.2034313725490196 0.01764234161988773 0.04738562091503268
1 0.6603849238171612 0.2426470588235294 0.023255813953488372 0.05392156862745098
1 0.6166800320769847 0.27450980392156865 0.020850040096230954 0.05555555555555556
1 0.6090617481956696 0.35784313725490197 0.02165196471531676 0.05555555555555556
1 0.6603849238171612 0.3897058823529412 0.026463512429831595 0.05392156862745098
1 0.723336006415397 0.38562091503267976 0.0272654370489174 0.06535947712418301
1 0.7153167602245389 0.2679738562091503 0.0272654370489174 0.06209150326797386
1 0.8131515637530072 0.17973856209150327 0.01764234161988773 0.042483660130718956
1 0.7818765036086608 0.2042483660130719 0.019246190858059342 0.03594771241830066
1 0.7453889334402566 0.22794117647058823 0.026463512429831595 0.04738562091503268
1 0.7369687249398557 0.19526143790849673 0.019246190858059342 0.04084967320261438
1 0.7654370489174017 0.2728758169934641 0.018444266238973536 0.042483660130718956
1 0.789093825180433 0.2581699346405229 0.019246190858059342 0.04575163398692811
1 0.8291900561347233 0.20751633986928106 0.020850040096230954 0.04575163398692811
1 0.8147554129911788 0.2818627450980392 0.019246190858059342 0.04738562091503268
1 0.871692060946271 0.22222222222222224 0.012830793905372895 0.0392156862745098
1 0.9053728949478749 0.2181372549019608 0.012830793905372895 0.04411764705882353
1 0.8640737770649559 0.32598039215686275 0.020048115477145148 0.057189542483660136
1 0.9506816359262229 0.22630718954248366 0.012028869286287089 0.04084967320261438
1 0.9899759422614274 0.25163398692810457 0.0136327185244587 0.042483660130718956
1 0.9226142742582197 0.3055555555555556 0.016840417000801924 0.058823529411764705
1 0.9558941459502807 0.35375816993464054 0.020850040096230954 0.05065359477124183
1 0.9775461106655974 0.28431372549019607 0.01603849238171612 0.03594771241830066
1 0.9558941459502807 0.4207516339869281 0.01764234161988773 0.06045751633986928
1 0.8861267040898155 0.37745098039215685 0.024057738572574178 0.05555555555555556
1 0.8648757016840417 0.4991830065359477 0.02967121090617482 0.08660130718954248
1 0.7854851643945469 0.42401960784313725 0.028067361668003207 0.08006535947712419
1 0.9017642341619888 0.2647058823529412 0.018444266238973536 0.04575163398692811
1 0.9346431435445068 0.2581699346405229 0.018444266238973536 0.04575163398692811
