1 0.525 0.23290758827948913 0.052000000000000005 0.10067618332081142
1 0.56925 0.6175807663410969 0.1125 0.18181818181818182
1 0.60925 0.5488354620586026 0.0615 0.09241172051089407
1 0.717 0.5811419984973705 0.062 0.10593538692712247
1 0.8300000000000001 0.7261457550713749 0.161 0.2637114951164538
1 0.46925 0.6589030803906837 0.0925 0.15326821938392188
1 0.39575 0.7779864763335839 0.1345 0.21863260706235915
1 0.2485 0.6664162283996995 0.105 0.18782870022539444
1 0.1765 0.6712997746055598 0.09 0.11945905334335087
1 0.162 0.5833959429000751 0.07200000000000001 0.11044327573253193
1 0.2745 0.54282494365139 0.07100000000000001 0.101427498121713
