1 0.06962025316455696 0.5895953757225433 0.081374321880651 0.13872832369942195
1 0.20253164556962025 0.5895953757225433 0.09403254972875226 0.16184971098265896
1 0.3065099457504521 0.3352601156069364 0.081374321880651 0.15028901734104044
1 0.3191681735985533 0.6199421965317918 0.0922242314647378 0.15317919075144507
1 0.3887884267631103 0.5939306358381503 0.08318264014466546 0.15317919075144507
1 0.4891500904159132 0.5491329479768786 0.10307414104882459 0.1907514450867052
1 0.6338155515370705 0.5332369942196532 0.11030741410488246 0.1936416184971098
1 0.5732368896925859 0.5664739884393063 0.0759493670886076 0.17341040462427745
1 0.7540687160940325 0.5895953757225433 0.0867992766726944 0.17341040462427745
1 0.837251356238698 0.5809248554913294 0.09403254972875226 0.15606936416184972
1 0.9421338155515371 0.5823699421965317 0.08318264014466546 0.15895953757225434
