1 0.8825000000000001 0.25318066157760816 0.055 0.09414758269720103
1 0.4625 0.38295165394402036 0.03166666666666667 0.0534351145038168
1 0.3866666666666667 0.3944020356234097 0.04 0.06615776081424937
1 0.35083333333333333 0.3816793893129771 0.025 0.05597964376590331
1 0.29500000000000004 0.4122137404580153 0.04 0.05597964376590331
1 0.28583333333333333 0.37277353689567433 0.028333333333333335 0.04325699745547074
1 0.21000000000000002 0.38804071246819344 0.03666666666666667 0.058524173027989825
1 0.1125 0.37786259541984735 0.028333333333333335 0.033078880407124686
1 0.14583333333333334 0.6106870229007634 0.14833333333333334 0.2137404580152672
1 0.020833333333333336 0.4681933842239186 0.03833333333333334 0.11704834605597965
1 0.0625 0.3982188295165395 0.035 0.04834605597964377
1 0.016666666666666666 0.3804071246819339 0.023333333333333334 0.0534351145038168
