1 0.632 0.29772079772079774 0.044 0.08262108262108263
1 0.648 0.4515669515669516 0.052000000000000005 0.08831908831908833
1 0.719 0.4971509971509972 0.062 0.09401709401709402
1 0.8260000000000001 0.5527065527065528 0.084 0.11396011396011396
1 0.914 0.47293447293447294 0.052000000000000005 0.08547008547008547
1 0.9510000000000001 0.5740740740740741 0.08600000000000001 0.1339031339031339
1 0.841 0.8005698005698006 0.20600000000000002 0.3247863247863248
1 0.6990000000000001 0.7293447293447294 0.11800000000000001 0.21652421652421652
1 0.588 0.5470085470085471 0.084 0.11965811965811966
1 0.494 0.5341880341880342 0.068 0.10541310541310542
1 0.447 0.49572649572649574 0.062 0.10826210826210826
1 0.399 0.4985754985754986 0.05 0.06837606837606838
1 0.133 0.48005698005698005 0.066 0.08831908831908833
1 0.11900000000000001 0.5897435897435898 0.066 0.10256410256410257
1 0.054 0.6182336182336182 0.1 0.13105413105413105
