1 0.0873320537428023 0.3182565789473684 0.02111324376199616 0.044407894736842105
1 0.15067178502879078 0.30180921052631576 0.02111324376199616 0.044407894736842105
1 0.38675623800383874 0.26809210526315785 0.023032629558541268 0.042763157894736836
1 0.3574856046065259 0.24424342105263155 0.022072936660268713 0.041118421052631575
1 0.42418426103646834 0.1644736842105263 0.019193857965451054 0.03289473684210526
1 0.4707293666026871 0.22532894736842105 0.022072936660268713 0.046052631578947366
1 0.4980806142034549 0.3157894736842105 0.026871401151631478 0.05921052631578947
1 0.5484644913627639 0.3338815789473684 0.03166986564299424 0.05592105263157894
1 0.5460652591170825 0.14473684210526316 0.01727447216890595 0.029605263157894735
1 0.5834932821497121 0.1381578947368421 0.015355086372360844 0.03618421052631579
1 0.6065259117082533 0.12006578947368421 0.011516314779270634 0.02631578947368421
1 0.6434740882917466 0.24177631578947367 0.02015355086372361 0.03618421052631579
1 0.65978886756238 0.22861842105263155 0.02015355086372361 0.042763157894736836
1 0.8071017274472169 0.27796052631578944 0.02495201535508637 0.05921052631578947
1 0.8656429942418425 0.31414473684210525 0.036468330134357005 0.0625
1 0.9265834932821497 0.15213815789473684 0.012476007677543186 0.024671052631578948
1 0.956813819577735 0.15707236842105263 0.015355086372360844 0.03453947368421052
