1 0.9455645161290323 0.1783783783783784 0.012096774193548387 0.032432432432432434
1 0.9390120967741935 0.21621621621621623 0.013104838709677418 0.036036036036036036
1 0.9324596774193548 0.23603603603603604 0.014112903225806451 0.03963963963963964
1 0.9299395161290323 0.25045045045045045 0.015120967741935484 0.03963963963963964
1 0.9254032258064516 0.2828828828828829 0.020161290322580645 0.05045045045045045
1 0.8881048387096774 0.23153153153153153 0.016129032258064516 0.03783783783783784
1 0.891633064516129 0.20810810810810812 0.017137096774193547 0.04144144144144144
1 0.905241935483871 0.1891891891891892 0.012096774193548387 0.036036036036036036
1 0.9097782258064516 0.17297297297297298 0.00907258064516129 0.032432432432432434
1 0.9173387096774194 0.17297297297297298 0.008064516129032258 0.02882882882882883
1 0.9042338709677419 0.33513513513513515 0.01814516129032258 0.06486486486486487
1 0.8558467741935484 0.2954954954954955 0.020161290322580645 0.043243243243243246
1 0.8785282258064516 0.15675675675675677 0.013104838709677418 0.036036036036036036
1 0.876008064516129 0.17027027027027028 0.012096774193548387 0.03423423423423423
1 0.8674395161290323 0.1810810810810811 0.013104838709677418 0.03423423423423423
1 0.8548387096774194 0.1963963963963964 0.014112903225806451 0.043243243243243246
1 0.8432459677419355 0.21441441441441442 0.015120967741935484 0.03963963963963964
1 0.8432459677419355 0.16126126126126125 0.011088709677419355 0.03063063063063063
1 0.830141129032258 0.1810810810810811 0.013104838709677418 0.03423423423423423
1 0.7923387096774194 0.209009009009009 0.016129032258064516 0.03963963963963964
1 0.8029233870967741 0.1783783783783784 0.013104838709677418 0.032432432432432434
1 0.8130040322580645 0.20540540540540542 0.015120967741935484 0.036036036036036036
1 0.8079637096774194 0.2828828828828829 0.021169354838709676 0.05045045045045045
1 0.8150201612903225 0.26666666666666666 0.015120967741935484 0.03963963963963964
1 0.8382056451612903 0.35945945945945945 0.02721774193548387 0.06666666666666667
1 0.7494959677419355 0.34144144144144145 0.029233870967741934 0.07027027027027027
1 0.7570564516129032 0.12792792792792793 0.012096774193548387 0.02882882882882883
1 0.7560483870967741 0.15045045045045044 0.014112903225806451 0.03423423423423423
1 0.7716733870967741 0.12522522522522522 0.00907258064516129 0.02702702702702703
1 0.7847782258064516 0.13783783783783785 0.011088709677419355 0.02702702702702703
1 0.7767137096774194 0.18288288288288287 0.013104838709677418 0.03423423423423423
1 0.7439516129032258 0.18018018018018017 0.012096774193548387 0.032432432432432434
1 0.7182459677419355 0.22522522522522523 0.019153225806451613 0.03963963963963964
1 0.703125 0.2045045045045045 0.013104838709677418 0.04144144144144144
1 0.7106854838709677 0.16846846846846847 0.014112903225806451 0.03783783783783784
1 0.7247983870967741 0.14324324324324325 0.014112903225806451 0.03423423423423423
1 0.6995967741935484 0.12612612612612611 0.010080645161290322 0.02882882882882883
1 0.7091733870967741 0.12702702702702703 0.00907258064516129 0.023423423423423424
1 0.6754032258064516 0.12252252252252252 0.008064516129032258 0.021621621621621623
1 0.6794354838709677 0.17927927927927928 0.016129032258064516 0.04144144144144144
1 0.6446572580645161 0.2036036036036036 0.017137096774193547 0.043243243243243246
1 0.6668346774193549 0.2153153153153153 0.017137096774193547 0.04864864864864865
1 0.672883064516129 0.2585585585585586 0.017137096774193547 0.04504504504504504
1 0.6602822580645161 0.10540540540540541 0.008064516129032258 0.023423423423423424
1 0.6340725806451613 0.10540540540540541 0.008064516129032258 0.023423423423423424
1 0.6123991935483871 0.10720720720720721 0.00907258064516129 0.01981981981981982
1 0.640625 0.14504504504504503 0.011088709677419355 0.02702702702702703
1 0.6542338709677419 0.15675675675675677 0.012096774193548387 0.025225225225225224
1 0.6290322580645161 0.14144144144144144 0.012096774193548387 0.03063063063063063
1 0.6542338709677419 0.13153153153153152 0.010080645161290322 0.021621621621621623
1 0.6275201612903225 0.12162162162162163 0.011088709677419355 0.023423423423423424
1 0.59375 0.12252252252252252 0.008064516129032258 0.025225225225225224
1 0.6068548387096774 0.14234234234234233 0.014112903225806451 0.032432432432432434
1 0.5786290322580645 0.13963963963963963 0.012096774193548387 0.03063063063063063
1 0.578125 0.18288288288288287 0.015120967741935484 0.03783783783783784
1 0.561491935483871 0.17477477477477477 0.012096774193548387 0.032432432432432434
1 0.5922379032258064 0.24504504504504504 0.019153225806451613 0.05045045045045045
1 0.6234879032258064 0.24594594594594596 0.019153225806451613 0.04864864864864865
1 0.6255040322580645 0.2936936936936937 0.029233870967741934 0.06486486486486487
1 0.6819556451612903 0.3387387387387387 0.029233870967741934 0.06846846846846846
1 0.5856854838709677 0.281981981981982 0.024193548387096774 0.055855855855855854
1 0.5272177419354839 0.2882882882882883 0.02217741935483871 0.05405405405405406
1 0.5383064516129032 0.18468468468468469 0.016129032258064516 0.03423423423423423
1 0.5362903225806451 0.15675675675675677 0.014112903225806451 0.032432432432432434
1 0.5126008064516129 0.13063063063063063 0.011088709677419355 0.023423423423423424
1 0.4904233870967742 0.14414414414414414 0.011088709677419355 0.025225225225225224
1 0.5075604838709677 0.15315315315315314 0.013104838709677418 0.032432432432432434
1 0.4627016129032258 0.13963963963963963 0.012096774193548387 0.03063063063063063
1 0.4420362903225806 0.15045045045045044 0.00907258064516129 0.02702702702702703
1 0.4692540322580645 0.15315315315315314 0.013104838709677418 0.02882882882882883
1 0.42338709677419356 0.18288288288288287 0.012096774193548387 0.03063063063063063
1 0.4102822580645161 0.2099099099099099 0.016129032258064516 0.04144144144144144
1 0.4501008064516129 0.1810810810810811 0.013104838709677418 0.03783783783783784
1 0.4788306451612903 0.1954954954954955 0.016129032258064516 0.04144144144144144
1 0.4495967741935484 0.21171171171171171 0.016129032258064516 0.04144144144144144
1 0.4788306451612903 0.24144144144144145 0.02217741935483871 0.03963963963963964
1 0.140625 0.4036036036036036 0.04133064516129032 0.08648648648648649
1 0.3245967741935484 0.1990990990990991 0.014112903225806451 0.03063063063063063
1 0.3548387096774194 0.1990990990990991 0.012096774193548387 0.03423423423423423
1 0.3165322580645161 0.23693693693693693 0.014112903225806451 0.03423423423423423
