1 0.0475 0.8192592592592592 0.058333333333333334 0.08296296296296296
1 0.11791666666666667 0.5718518518518518 0.030833333333333334 0.047407407407407405
1 0.22583333333333336 0.6444444444444444 0.03833333333333334 0.059259259259259255
1 0.2379166666666667 0.5903703703703703 0.03416666666666667 0.06074074074074074
1 0.3875 0.6874074074074074 0.04166666666666667 0.06814814814814814
1 0.2808333333333333 0.4918518518518518 0.021666666666666667 0.035555555555555556
1 0.29833333333333334 0.5007407407407407 0.02 0.035555555555555556
1 0.34 0.522962962962963 0.021666666666666667 0.04444444444444444
1 0.33125000000000004 0.5044444444444445 0.015833333333333335 0.025185185185185185
1 0.35625 0.4837037037037037 0.014166666666666668 0.028148148148148148
1 0.3770833333333334 0.4748148148148148 0.015833333333333335 0.03407407407407407
1 0.3891666666666667 0.4874074074074074 0.02 0.029629629629629627
1 0.3916666666666667 0.5281481481481481 0.025 0.04296296296296296
1 0.42625 0.4666666666666666 0.01916666666666667 0.038518518518518514
1 0.3925 0.3977777777777778 0.015000000000000001 0.028148148148148148
1 0.4441666666666667 0.45925925925925926 0.02 0.038518518518518514
1 0.4633333333333334 0.4874074074074074 0.016666666666666666 0.03259259259259259
1 0.4758333333333334 0.5155555555555555 0.021666666666666667 0.04444444444444444
1 0.48583333333333334 0.49851851851851847 0.021666666666666667 0.03407407407407407
1 0.4758333333333334 0.45555555555555555 0.015000000000000001 0.03111111111111111
1 0.4904166666666667 0.4659259259259259 0.01916666666666667 0.025185185185185185
1 0.5108333333333334 0.44740740740740736 0.013333333333333334 0.03259259259259259
1 0.5258333333333334 0.4792592592592592 0.016666666666666666 0.04296296296296296
1 0.50625 0.5518518518518518 0.022500000000000003 0.037037037037037035
1 0.55 0.5607407407407408 0.028333333333333335 0.05481481481481481
1 0.6158333333333333 0.5599999999999999 0.03333333333333333 0.059259259259259255
1 0.5929166666666668 0.5325925925925926 0.01916666666666667 0.045925925925925926
1 0.5604166666666667 0.4755555555555555 0.020833333333333336 0.035555555555555556
1 0.5354166666666667 0.43037037037037035 0.0125 0.028148148148148148
1 0.58125 0.44370370370370366 0.014166666666666668 0.028148148148148148
1 0.5900000000000001 0.4237037037037037 0.016666666666666666 0.026666666666666665
1 0.6004166666666667 0.45555555555555555 0.01916666666666667 0.03407407407407407
1 0.6079166666666667 0.4837037037037037 0.01916666666666667 0.03407407407407407
1 0.6179166666666667 0.46518518518518515 0.015833333333333335 0.03259259259259259
1 0.6179166666666667 0.4274074074074074 0.015833333333333335 0.03111111111111111
1 0.6416666666666667 0.4237037037037037 0.018333333333333333 0.029629629629629627
1 0.64625 0.46888888888888886 0.015833333333333335 0.03407407407407407
1 0.6683333333333333 0.4911111111111111 0.02666666666666667 0.037037037037037035
1 0.6408333333333334 0.522962962962963 0.021666666666666667 0.056296296296296296
1 0.6666666666666667 0.5496296296296296 0.030000000000000002 0.04444444444444444
1 0.7154166666666667 0.4881481481481481 0.020833333333333336 0.04
1 0.6904166666666667 0.44740740740740736 0.0175 0.035555555555555556
1 0.6720833333333334 0.4414814814814815 0.014166666666666668 0.03259259259259259
1 0.7225 0.43037037037037035 0.02 0.04
1 0.755 0.42666666666666664 0.018333333333333333 0.038518518518518514
1 0.7645833333333334 0.45185185185185184 0.015833333333333335 0.029629629629629627
1 0.7916666666666667 0.49481481481481476 0.025 0.038518518518518514
1 0.8250000000000001 0.4955555555555555 0.023333333333333334 0.045925925925925926
1 0.7925000000000001 0.4748148148148148 0.016666666666666666 0.037037037037037035
1 0.7400000000000001 0.4762962962962963 0.02 0.04
1 0.68125 0.6185185185185185 0.03916666666666667 0.07259259259259258
1 0.6516666666666667 0.7918518518518518 0.06333333333333334 0.10814814814814815
1 0.8458333333333334 0.8414814814814814 0.07 0.13629629629629628
1 0.8558333333333333 0.6674074074074073 0.05 0.09037037037037036
1 0.9475 0.5748148148148148 0.03833333333333334 0.06222222222222222
1 0.9854166666666667 0.6933333333333332 0.029166666666666667 0.08592592592592592
