1 0.10794392523364486 0.456198347107438 0.05514018691588785 0.11570247933884298
1 0.27009345794392525 0.23223140495867767 0.01869158878504673 0.03801652892561983
1 0.32897196261682243 0.2512396694214876 0.020560747663551402 0.04297520661157025
1 0.3280373831775701 0.20909090909090908 0.020560747663551402 0.04462809917355372
1 0.37336448598130845 0.1933884297520661 0.017757009345794394 0.03636363636363636
1 0.391588785046729 0.20330578512396694 0.016822429906542057 0.03636363636363636
1 0.38878504672897196 0.17355371900826447 0.011214953271028038 0.02975206611570248
1 0.4051401869158879 0.1743801652892562 0.014018691588785047 0.03140495867768595
1 0.41869158878504675 0.21818181818181817 0.020560747663551402 0.0396694214876033
1 0.40560747663551405 0.2462809917355372 0.022429906542056077 0.0396694214876033
1 0.41448598130841124 0.27768595041322314 0.02149532710280374 0.04628099173553719
1 0.48785046728971965 0.22727272727272727 0.01869158878504673 0.04462809917355372
1 0.4429906542056075 0.2115702479338843 0.01869158878504673 0.04297520661157025
1 0.44205607476635517 0.17520661157024792 0.014953271028037384 0.03305785123966942
1 0.433177570093458 0.1537190082644628 0.014018691588785047 0.026446280991735537
1 0.47616822429906547 0.16942148760330578 0.014018691588785047 0.03471074380165289
1 0.4719626168224299 0.20413223140495868 0.01869158878504673 0.03801652892561983
1 0.502803738317757 0.20826446280991734 0.01869158878504673 0.0396694214876033
1 0.5191588785046729 0.1768595041322314 0.01588785046728972 0.03305785123966942
1 0.508411214953271 0.1487603305785124 0.013084112149532711 0.023140495867768594
1 0.48785046728971965 0.1537190082644628 0.013084112149532711 0.026446280991735537
1 0.4752336448598131 0.14214876033057852 0.010280373831775701 0.023140495867768594
1 0.5392523364485982 0.14628099173553719 0.014953271028037384 0.028099173553719006
1 0.547196261682243 0.21239669421487603 0.02149532710280374 0.04462809917355372
1 0.5822429906542056 0.1677685950413223 0.016822429906542057 0.03471074380165289
1 0.5738317757009346 0.12975206611570247 0.013084112149532711 0.03140495867768595
1 0.585981308411215 0.11983471074380166 0.013084112149532711 0.03140495867768595
1 0.5985981308411216 0.1371900826446281 0.01588785046728972 0.03305785123966942
1 0.6098130841121495 0.11735537190082644 0.01588785046728972 0.02975206611570248
1 0.6228971962616823 0.13553719008264462 0.01588785046728972 0.03305785123966942
1 0.6369158878504673 0.1512396694214876 0.01588785046728972 0.03140495867768595
1 0.633177570093458 0.12396694214876033 0.012149532710280374 0.026446280991735537
1 0.6518691588785047 0.12396694214876033 0.012149532710280374 0.023140495867768594
1 0.6546728971962618 0.14628099173553719 0.01588785046728972 0.028099173553719006
1 0.6602803738317757 0.1140495867768595 0.01588785046728972 0.026446280991735537
1 0.6813084112149533 0.1140495867768595 0.013084112149532711 0.023140495867768594
1 0.6873831775700935 0.1256198347107438 0.012149532710280374 0.023140495867768594
1 0.7121495327102804 0.12479338842975206 0.011214953271028038 0.024793388429752067
1 0.5785046728971963 0.27768595041322314 0.028037383177570093 0.05950413223140496
1 0.5658878504672897 0.256198347107438 0.025233644859813085 0.049586776859504134
1 0.624766355140187 0.20991735537190082 0.017757009345794394 0.0396694214876033
1 0.6285046728971962 0.2512396694214876 0.025233644859813085 0.04628099173553719
1 0.6878504672897197 0.2628099173553719 0.024299065420560748 0.05289256198347107
1 0.6686915887850468 0.21570247933884296 0.02149532710280374 0.04462809917355372
1 0.6570093457943925 0.19421487603305784 0.020560747663551402 0.03471074380165289
1 0.7079439252336449 0.19008264462809918 0.01588785046728972 0.03305785123966942
1 0.7079439252336449 0.17107438016528925 0.01588785046728972 0.03140495867768595
1 0.7336448598130841 0.15041322314049588 0.014953271028037384 0.03636363636363636
1 0.719158878504673 0.2512396694214876 0.019626168224299065 0.049586776859504134
1 0.7397196261682243 0.26776859504132233 0.019626168224299065 0.05619834710743801
1 0.7616822429906542 0.2578512396694215 0.022429906542056077 0.049586776859504134
1 0.7448598130841122 0.21322314049586777 0.020560747663551402 0.03636363636363636
1 0.7532710280373832 0.18264462809917356 0.013084112149532711 0.03140495867768595
1 0.7616822429906542 0.14958677685950414 0.016822429906542057 0.04462809917355372
1 0.7822429906542057 0.14710743801652892 0.014953271028037384 0.0396694214876033
1 0.7976635514018692 0.16033057851239668 0.014018691588785047 0.03305785123966942
1 0.8107476635514019 0.16115702479338842 0.012149532710280374 0.03140495867768595
1 0.822429906542056 0.14710743801652892 0.011214953271028038 0.026446280991735537
1 0.7990654205607477 0.2190082644628099 0.01869158878504673 0.04132231404958678
1 0.797196261682243 0.29256198347107437 0.026168224299065422 0.05950413223140496
1 0.8588785046728973 0.35454545454545455 0.026168224299065422 0.05454545454545454
1 0.9149532710280375 0.39008264462809916 0.03177570093457944 0.0628099173553719
1 0.883177570093458 0.2611570247933884 0.028037383177570093 0.05619834710743801
1 0.8425233644859813 0.24132231404958676 0.017757009345794394 0.0396694214876033
1 0.8429906542056075 0.2066115702479339 0.016822429906542057 0.02975206611570248
1 0.8308411214953272 0.18099173553719008 0.013084112149532711 0.028099173553719006
1 0.8500000000000001 0.1537190082644628 0.014018691588785047 0.02975206611570248
1 0.8593457943925235 0.19586776859504132 0.01588785046728972 0.03471074380165289
1 0.8691588785046729 0.17355371900826447 0.014953271028037384 0.03636363636363636
1 0.8901869158878505 0.16694214876033056 0.014018691588785047 0.03305785123966942
1 0.9130841121495328 0.16363636363636364 0.013084112149532711 0.03305785123966942
1 0.894392523364486 0.21239669421487603 0.016822429906542057 0.03471074380165289
1 0.9252336448598131 0.22479338842975205 0.020560747663551402 0.04297520661157025
1 0.930373831775701 0.25702479338842976 0.017757009345794394 0.03801652892561983
1 0.9266355140186916 0.2983471074380165 0.019626168224299065 0.0512396694214876
1 0.9457943925233645 0.21818181818181817 0.016822429906542057 0.03305785123966942
1 0.9397196261682244 0.1768595041322314 0.014018691588785047 0.02975206611570248
1 0.9341121495327103 0.1975206611570248 0.012149532710280374 0.028099173553719006
