1 0.14873417721518986 0.3398876404494382 0.02689873417721519 0.056179775280898875
1 0.16811708860759494 0.3771067415730337 0.03401898734177215 0.08567415730337079
1 0.22349683544303797 0.3258426966292135 0.027689873417721517 0.0702247191011236
1 0.23022151898734178 0.2731741573033708 0.022151898734177215 0.0547752808988764
1 0.26819620253164556 0.2563202247191011 0.02373417721518987 0.04073033707865169
1 0.29430379746835444 0.22823033707865167 0.0189873417721519 0.043539325842696625
1 0.31843354430379744 0.23806179775280897 0.022943037974683545 0.05196629213483146
1 0.34295886075949367 0.23946629213483145 0.022943037974683545 0.0547752808988764
1 0.31447784810126583 0.34901685393258425 0.037183544303797465 0.07443820224719101
1 0.36194620253164556 0.44241573033707865 0.05142405063291139 0.10393258426966293
1 0.339003164556962 0.5400280898876404 0.05775316455696203 0.10814606741573034
1 0.3971518987341772 0.2148876404494382 0.022151898734177215 0.056179775280898875
1 0.4196993670886076 0.2226123595505618 0.027689873417721517 0.06601123595505617
