1 0.0475 0.34125 0.07166666666666667 0.1075
1 0.15000000000000002 0.36 0.07333333333333333 0.115
1 0.2275 0.41125 0.085 0.1375
1 0.24750000000000003 0.33125 0.065 0.0975
1 0.3066666666666667 0.53125 0.08666666666666667 0.1575
1 0.385 0.5475 0.09333333333333334 0.14
1 0.4133333333333334 0.6425 0.11666666666666667 0.20500000000000002
1 0.5775 0.685 0.12166666666666667 0.26
1 0.7558333333333334 0.6950000000000001 0.15833333333333335 0.31
1 0.7833333333333334 0.3875 0.07666666666666667 0.15
1 0.9500000000000001 0.45125 0.09000000000000001 0.1625
