1 0.085 0.4714828897338403 0.11800000000000001 0.2585551330798479
1 0.2 0.3612167300380228 0.08 0.19011406844106463
1 0.168 0.2870722433460076 0.076 0.13307984790874525
1 0.242 0.2965779467680608 0.06 0.12927756653992395
1 0.376 0.30228136882129275 0.048 0.09505703422053231
1 0.47700000000000004 0.30038022813688214 0.038 0.09125475285171103
1 0.613 0.3212927756653992 0.042 0.09505703422053231
1 0.72 0.34790874524714827 0.048 0.12547528517110265
1 0.763 0.2832699619771863 0.034 0.07984790874524715
1 0.779 0.35361216730038025 0.062 0.13688212927756654
1 0.878 0.33840304182509506 0.056 0.11406844106463879
1 0.917 0.4391634980988593 0.08600000000000001 0.17110266159695817
1 0.967 0.3688212927756654 0.054 0.11406844106463879
