1 0.29740518962075846 0.21352313167259784 0.01996007984031936 0.03558718861209964
1 0.34181636726546905 0.2099644128113879 0.01896207584830339 0.03558718861209964
1 0.3572854291417165 0.24377224199288255 0.015968063872255488 0.042704626334519574
1 0.37225548902195604 0.19750889679715303 0.01397205588822355 0.03558718861209964
1 0.41616766467065863 0.2375444839857651 0.031936127744510975 0.055160142348754444
1 0.38722554890219557 0.17437722419928825 0.017964071856287425 0.03558718861209964
1 0.4296407185628742 0.15480427046263345 0.01896207584830339 0.03202846975088968
1 0.4481037924151696 0.2188612099644128 0.02994011976047904 0.0498220640569395
1 0.4456087824351297 0.1797153024911032 0.012974051896207584 0.03558718861209964
1 0.4585828343313373 0.15124555160142347 0.016966067864271454 0.02491103202846975
1 0.4780439121756487 0.15569395017793594 0.015968063872255488 0.030249110320284697
1 0.48752495009980035 0.2286476868327402 0.028942115768463072 0.055160142348754444
1 0.4930139720558882 0.1797153024911032 0.01397205588822355 0.03558718861209964
1 0.5064870259481038 0.1868327402135231 0.020958083832335328 0.03558718861209964
1 0.5179640718562873 0.13701067615658363 0.017964071856287425 0.028469750889679714
1 0.5379241516966068 0.20640569395017794 0.02395209580838323 0.042704626334519574
1 0.5349301397205588 0.14145907473309607 0.015968063872255488 0.030249110320284697
1 0.5573852295409181 0.25266903914590744 0.028942115768463072 0.0498220640569395
1 0.5718562874251496 0.2891459074733096 0.02594810379241517 0.051601423487544484
1 0.5499001996007984 0.14590747330960854 0.011976047904191616 0.03558718861209964
1 0.5558882235528941 0.14501779359430605 0.01996007984031936 0.03380782918149466
1 0.5853293413173652 0.1307829181494662 0.016966067864271454 0.037366548042704624
1 0.5873253493013971 0.17615658362989323 0.016966067864271454 0.03558718861209964
1 0.6187624750499001 0.1681494661921708 0.015968063872255488 0.03380782918149466
1 0.6167664670658682 0.1387900355871886 0.01397205588822355 0.028469750889679714
1 0.6312375249500998 0.12277580071174377 0.01497005988023952 0.028469750889679714
1 0.6377245508982036 0.10320284697508897 0.01397205588822355 0.028469750889679714
1 0.6566866267465069 0.10854092526690391 0.015968063872255488 0.03202846975088968
1 0.6342315369261476 0.20462633451957293 0.020958083832335328 0.03914590747330961
1 0.6267465069860279 0.251779359430605 0.02594810379241517 0.05871886120996441
1 0.6776447105788422 0.10854092526690391 0.011976047904191616 0.028469750889679714
1 0.6906187624750498 0.12366548042704625 0.011976047904191616 0.02669039145907473
1 0.7105788423153692 0.12277580071174377 0.01397205588822355 0.028469750889679714
1 0.6611776447105788 0.2588967971530249 0.024950099800399198 0.04804270462633452
1 0.6686626746506985 0.22241992882562275 0.021956087824351295 0.042704626334519574
1 0.6986027944111776 0.17170818505338079 0.01996007984031936 0.04092526690391459
1 0.7005988023952096 0.19395017793594305 0.01996007984031936 0.042704626334519574
1 0.7095808383233533 0.23398576512455516 0.01996007984031936 0.04448398576512455
1 0.7619760479041916 0.12633451957295372 0.01896207584830339 0.028469750889679714
1 0.7375249500998003 0.16637010676156583 0.017964071856287425 0.03380782918149466
1 0.7255489021956087 0.2891459074733096 0.02594810379241517 0.05871886120996441
1 0.749001996007984 0.19483985765124553 0.022954091816367265 0.037366548042704624
1 0.7604790419161676 0.16281138790035588 0.015968063872255488 0.03380782918149466
1 0.7704590818363273 0.2597864768683274 0.02594810379241517 0.05693950177935943
1 0.7819361277445109 0.15124555160142347 0.01896207584830339 0.042704626334519574
1 0.7924151696606786 0.29804270462633453 0.031936127744510975 0.06227758007117437
1 0.8363273453093811 0.31316725978647686 0.02594810379241517 0.06761565836298931
1 0.8063872255489021 0.22064056939501778 0.017964071856287425 0.042704626334519574
1 0.7959081836327344 0.15480427046263345 0.012974051896207584 0.03202846975088968
1 0.808882235528942 0.15302491103202845 0.012974051896207584 0.046263345195729534
1 0.8378243512974051 0.23220640569395018 0.022954091816367265 0.051601423487544484
1 0.8248502994011976 0.1788256227758007 0.01497005988023952 0.037366548042704624
1 0.8223552894211577 0.14323843416370105 0.01397205588822355 0.03380782918149466
1 0.840818363273453 0.1494661921708185 0.01497005988023952 0.042704626334519574
1 0.8428143712574849 0.1903914590747331 0.012974051896207584 0.028469750889679714
1 0.8687624750499001 0.20106761565836298 0.01896207584830339 0.03914590747330961
1 0.8847305389221556 0.1583629893238434 0.022954091816367265 0.042704626334519574
1 0.9126746506986028 0.16103202846975087 0.01896207584830339 0.030249110320284697
1 0.8942115768463073 0.21085409252669038 0.015968063872255488 0.02669039145907473
1 0.8827345309381237 0.26245551601423484 0.024950099800399198 0.055160142348754444
1 0.8982035928143712 0.34519572953736655 0.03393213572854291 0.060498220640569395
1 0.9176646706586825 0.298932384341637 0.024950099800399198 0.05338078291814946
1 0.9256487025948102 0.21530249110320285 0.01497005988023952 0.03558718861209964
1 0.937624750499002 0.18149466192170818 0.016966067864271454 0.03558718861209964
1 0.716566866267465 0.15302491103202845 0.02395209580838323 0.03914590747330961
1 0.657185628742515 0.15035587188612098 0.026946107784431135 0.04448398576512455
1 0.5004990019960079 0.1387900355871886 0.020958083832335328 0.03558718861209964
1 0.44411177644710575 0.25622775800711745 0.03592814371257485 0.046263345195729534
1 0.39820359281437123 0.23665480427046262 0.01397205588822355 0.042704626334519574
1 0.9456087824351297 0.22153024911032027 0.01497005988023952 0.037366548042704624
1 0.3957085828343313 0.19306049822064056 0.01497005988023952 0.03380782918149466
