1 0.058333333333333334 0.4722222222222222 0.09333333333333334 0.13555555555555557
1 0.07166666666666667 0.6666666666666666 0.14 0.32
1 0.32666666666666666 0.45666666666666667 0.08 0.14
1 0.28583333333333333 0.37333333333333335 0.05166666666666667 0.08
1 0.26833333333333337 0.3333333333333333 0.05333333333333334 0.08
1 0.22083333333333335 0.3011111111111111 0.035 0.04666666666666667
1 0.10250000000000001 0.36777777777777776 0.055 0.09111111111111111
1 0.12916666666666668 0.36 0.045000000000000005 0.06222222222222222
1 0.14 0.3288888888888889 0.03333333333333333 0.04888888888888889
1 0.13 0.2966666666666667 0.030000000000000002 0.042222222222222223
1 0.014166666666666668 0.34 0.025 0.057777777777777775
1 0.3125 0.2922222222222222 0.028333333333333335 0.051111111111111114
1 0.36000000000000004 0.23 0.05666666666666667 0.09111111111111111
1 0.45083333333333336 0.3422222222222222 0.03833333333333334 0.04888888888888889
1 0.49500000000000005 0.28444444444444444 0.02666666666666667 0.044444444444444446
1 0.5191666666666667 0.31666666666666665 0.04166666666666667 0.06444444444444444
1 0.5466666666666667 0.27444444444444444 0.030000000000000002 0.042222222222222223
1 0.5491666666666667 0.3211111111111111 0.03833333333333334 0.05555555555555555
1 0.6141666666666667 0.33666666666666667 0.055 0.08222222222222222
1 0.61 0.28 0.02666666666666667 0.035555555555555556
1 0.67 0.3 0.030000000000000002 0.057777777777777775
1 0.7083333333333334 0.31555555555555553 0.04 0.08
1 0.7491666666666668 0.36 0.058333333333333334 0.10666666666666666
1 0.7366666666666667 0.29 0.030000000000000002 0.04666666666666667
1 0.7641666666666667 0.27666666666666667 0.021666666666666667 0.03777777777777778
1 0.7966666666666667 0.32 0.03666666666666667 0.07555555555555556
1 0.5900000000000001 0.54 0.18333333333333335 0.26666666666666666
1 0.8883333333333334 0.3511111111111111 0.07 0.12444444444444444
1 0.8791666666666668 0.2777777777777778 0.03166666666666667 0.04
1 0.9216666666666667 0.26666666666666666 0.030000000000000002 0.04888888888888889
1 0.9791666666666667 0.3188888888888889 0.04166666666666667 0.08222222222222222
