1 0.18616567036720752 0.4447852760736196 0.03928266438941076 0.08282208588957056
1 0.18018787361229718 0.22776073619631904 0.018787361229718188 0.04141104294478528
1 0.25491033304867633 0.2093558282208589 0.02305721605465414 0.04754601226993865
1 0.2698548249359522 0.2116564417177914 0.025619128949615714 0.05521472392638037
1 0.3304867634500427 0.18404907975460122 0.027327070879590094 0.052147239263803685
1 0.30785653287788217 0.22776073619631904 0.017933390264730998 0.03834355828220859
1 0.3471391972672929 0.18634969325153375 0.014517506404782237 0.032208588957055216
1 0.4013663535439795 0.17868098159509202 0.027327070879590094 0.05674846625766871
1 0.4188727583262169 0.16947852760736196 0.011101622544833475 0.026073619631901843
1 0.4111870196413322 0.19248466257668712 0.012809564474807857 0.032208588957055216
1 0.44321093082835183 0.13957055214723926 0.013663535439795047 0.027607361963190184
1 0.4637062339880444 0.1687116564417178 0.025619128949615714 0.049079754601226995
1 0.4637062339880444 0.14263803680981596 0.013663535439795047 0.027607361963190184
1 0.4816396242527754 0.1418711656441718 0.011955593509820665 0.023006134969325152
1 0.4927412467976089 0.13726993865030676 0.013663535439795047 0.032208588957055216
1 0.5093936806148591 0.12653374233128833 0.012809564474807857 0.02914110429447853
1 0.4803586678052946 0.223159509202454 0.016225448334756618 0.02914110429447853
1 0.4752348420153715 0.16947852760736196 0.014517506404782237 0.0352760736196319
1 0.5371477369769427 0.13266871165644173 0.015371477369769428 0.02914110429447853
1 0.5700256191289496 0.1280674846625767 0.016225448334756618 0.02914110429447853
1 0.5930828351836037 0.1388036809815951 0.016225448334756618 0.032208588957055216
1 0.6208368915456874 0.12960122699386503 0.013663535439795047 0.02914110429447853
1 0.5533731853116994 0.18328220858895705 0.017079419299743808 0.0352760736196319
1 0.513663535439795 0.16487730061349692 0.017933390264730998 0.026073619631901843
1 0.5076857386848848 0.2714723926380368 0.02134927412467976 0.05521472392638037
1 0.555935098206661 0.25306748466257667 0.018787361229718188 0.03680981595092025
1 0.5755764304013663 0.28067484662576686 0.027327070879590094 0.052147239263803685
1 0.6204099060631938 0.2983128834355828 0.024765157984628524 0.04754601226993865
1 0.6263877028181042 0.19785276073619631 0.02134927412467976 0.046012269938650305
1 0.6562766865926558 0.18251533742331288 0.017933390264730998 0.03374233128834356
1 0.6567036720751495 0.2147239263803681 0.02049530315969257 0.03987730061349693
1 0.7006831767719898 0.19861963190184048 0.017933390264730998 0.03834355828220859
1 0.7126387702818104 0.23696319018404907 0.01964133219470538 0.04447852760736196
1 0.7348420153714773 0.1664110429447853 0.016225448334756618 0.03834355828220859
1 0.7801024765157984 0.20015337423312884 0.017933390264730998 0.04754601226993865
1 0.7941929974380871 0.14570552147239263 0.015371477369769428 0.03987730061349693
1 0.8219470538001707 0.1664110429447853 0.014517506404782237 0.032208588957055216
1 0.8625106746370623 0.17177914110429449 0.015371477369769428 0.03680981595092025
1 0.8437233134073442 0.21625766871165644 0.015371477369769428 0.04294478527607362
1 0.8817250213492741 0.2254601226993865 0.016225448334756618 0.049079754601226995
1 0.9252775405636209 0.2392638036809816 0.017933390264730998 0.046012269938650305
1 0.928266438941076 0.2906441717791411 0.018787361229718188 0.04754601226993865
1 0.9111870196413322 0.34892638036809814 0.025619128949615714 0.05368098159509203
1 0.8654995730145175 0.29141104294478526 0.01964133219470538 0.03680981595092025
1 0.8467122117847993 0.3159509202453988 0.02134927412467976 0.05521472392638037
1 0.7950469684030743 0.2906441717791411 0.02391118701964133 0.0598159509202454
1 0.807002561912895 0.2561349693251534 0.02049530315969257 0.04294478527607362
1 0.892399658411614 0.48389570552147243 0.029035012809564473 0.07515337423312883
1 0.672929120409906 0.325920245398773 0.029035012809564473 0.07208588957055215
1 0.6669513236549958 0.27377300613496935 0.018787361229718188 0.03834355828220859
1 0.6345004269854825 0.2776073619631902 0.02391118701964133 0.04294478527607362
