1 0.031413612565445025 0.5736196319018405 0.055846422338568937 0.12883435582822086
1 0.031413612565445025 0.4723926380368098 0.05235602094240838 0.11042944785276074
1 0.1273996509598604 0.5628834355828221 0.11867364746945899 0.2361963190184049
1 0.21204188481675393 0.4570552147239264 0.04712041884816754 0.09202453987730061
1 0.1806282722513089 0.4325153374233129 0.02617801047120419 0.06134969325153374
1 0.2556719022687609 0.4325153374233129 0.03664921465968587 0.0736196319018405
1 0.28970331588132636 0.5276073619631902 0.059336823734729496 0.11656441717791412
1 0.30715532286212915 0.4601226993865031 0.038394415357766144 0.08588957055214724
1 0.3280977312390925 0.45552147239263807 0.027923211169284468 0.06441717791411043
1 0.37347294938917974 0.4340490797546012 0.020942408376963352 0.046012269938650305
1 0.38830715532286214 0.42024539877300615 0.022687609075043632 0.04294478527607362
1 0.4144851657940663 0.4677914110429448 0.03315881326352531 0.07668711656441718
1 0.4694589877835951 0.5966257668711656 0.11867364746945899 0.20552147239263804
1 0.4476439790575916 0.42024539877300615 0.02617801047120419 0.049079754601226995
1 0.4712041884816754 0.41411042944785276 0.020942408376963352 0.04294478527607362
1 0.4869109947643979 0.42024539877300615 0.027923211169284468 0.049079754601226995
1 0.4781849912739965 0.3834355828220859 0.020942408376963352 0.049079754601226995
1 0.5305410122164049 0.4049079754601227 0.017452006980802792 0.03680981595092025
1 0.5427574171029669 0.4171779141104295 0.02443280977312391 0.03680981595092025
1 0.5602094240837696 0.4294478527607362 0.027923211169284468 0.06134969325153374
1 0.5549738219895288 0.49386503067484666 0.041884816753926704 0.09202453987730061
1 0.6073298429319371 0.446319018404908 0.034904013961605584 0.07668711656441718
1 0.6657940663176265 0.4217791411042945 0.022687609075043632 0.052147239263803685
1 0.7146596858638744 0.4493865030674847 0.03664921465968587 0.06441717791411043
1 0.6928446771378709 0.5460122699386504 0.08376963350785341 0.15337423312883436
1 0.8045375218150087 0.41411042944785276 0.027923211169284468 0.06134969325153374
1 0.8289703315881326 0.5076687116564418 0.06631762652705062 0.12576687116564417
1 0.9136125654450262 0.4233128834355828 0.04013961605584642 0.09202453987730061
1 0.9685863874345549 0.40950920245398775 0.031413612565445025 0.06441717791411043
1 0.9781849912739965 0.48773006134969327 0.04363001745200698 0.12883435582822086
