1 0.0755 0.5014992503748126 0.045 0.07646176911544228
1 0.161 0.492503748125937 0.04 0.07646176911544228
1 0.228 0.5089955022488756 0.038 0.06146926536731634
1 0.261 0.5322338830584707 0.04 0.06296851574212893
1 0.23700000000000002 0.6206896551724138 0.04 0.06296851574212893
1 0.338 0.6334332833583208 0.04 0.0704647676161919
1 0.303 0.5067466266866567 0.038 0.06296851574212893
1 0.335 0.5149925037481259 0.038 0.06446776611694152
1 0.41100000000000003 0.49850074962518737 0.03 0.05847076461769115
1 0.4405 0.5164917541229385 0.029 0.05547226386806597
1 0.4865 0.5232383808095952 0.037 0.06296851574212893
1 0.452 0.6154422788605697 0.04 0.05847076461769115
1 0.4435 0.6964017991004497 0.033 0.06746626686656672
1 0.5660000000000001 0.6206896551724138 0.044 0.06896551724137931
1 0.5245 0.5209895052473763 0.027 0.05847076461769115
1 0.5635 0.507496251874063 0.027 0.05247376311844078
1 0.6005 0.5232383808095952 0.031 0.047976011994003
1 0.632 0.49850074962518737 0.036000000000000004 0.06146926536731634
1 0.674 0.5142428785607196 0.03 0.05997001499250375
1 0.7035 0.527736131934033 0.031 0.06596701649175413
1 0.6735 0.6341829085457271 0.043000000000000003 0.07196401799100449
1 0.75 0.5232383808095952 0.032 0.06296851574212893
1 0.788 0.5119940029985007 0.034 0.06446776611694152
1 0.868 0.5494752623688156 0.034 0.06146926536731634
1 0.9265 0.5269865067466266 0.039 0.07646176911544228
