1 0.09166666666666667 0.5365239294710328 0.10666666666666667 0.181360201511335
1 0.225 0.41435768261964734 0.09000000000000001 0.14357682619647355
1 0.2316666666666667 0.3161209068010076 0.06666666666666667 0.10831234256926951
1 0.28 0.3614609571788413 0.06333333333333334 0.09319899244332494
1 0.2966666666666667 0.2884130982367758 0.05 0.08312342569269521
1 0.21833333333333335 0.25566750629722923 0.060000000000000005 0.07808564231738035
1 0.08916666666666667 0.4345088161209068 0.08166666666666667 0.1234256926952141
1 0.10416666666666667 0.31738035264483627 0.07166666666666667 0.1158690176322418
1 0.02 0.30856423173803527 0.03666666666666667 0.0982367758186398
1 0.021666666666666667 0.40428211586901763 0.04 0.11335012594458438
1 0.36083333333333334 0.6196473551637279 0.13166666666666668 0.24181360201511334
1 0.4091666666666667 0.46851385390428213 0.085 0.14609571788413098
1 0.4691666666666667 0.40554156171284633 0.08166666666666667 0.1309823677581864
1 0.43500000000000005 0.3337531486146096 0.060000000000000005 0.10327455919395466
1 0.49833333333333335 0.31989924433249367 0.05666666666666667 0.11083123425692695
1 0.6075 0.517632241813602 0.09833333333333334 0.15365239294710328
1 0.5891666666666667 0.38161209068010077 0.065 0.11335012594458438
1 0.6866666666666668 0.37531486146095716 0.06666666666666667 0.1158690176322418
1 0.7683333333333334 0.34886649874055414 0.060000000000000005 0.10327455919395466
1 0.8116666666666668 0.3992443324937028 0.08666666666666667 0.1385390428211587
1 0.8716666666666667 0.48614609571788414 0.10666666666666667 0.181360201511335
1 0.9291666666666667 0.3778337531486146 0.085 0.14609571788413098
