1 0.19906542056074766 0.3567880794701987 0.04672897196261683 0.08774834437086093
1 0.2560747663551402 0.2847682119205298 0.022429906542056077 0.039735099337748346
1 0.28598130841121494 0.271523178807947 0.01869158878504673 0.03642384105960265
1 0.2953271028037383 0.26158940397350994 0.020560747663551402 0.039735099337748346
1 0.3037383177570094 0.23509933774834438 0.014953271028037384 0.029801324503311258
1 0.31542056074766356 0.25 0.014018691588785047 0.029801324503311258
1 0.3238317757009346 0.2591059602649007 0.01588785046728972 0.0347682119205298
1 0.33925233644859815 0.2731788079470199 0.01869158878504673 0.039735099337748346
1 0.36728971962616824 0.21274834437086093 0.013084112149532711 0.03145695364238411
1 0.38037383177570094 0.21688741721854304 0.014953271028037384 0.033112582781456956
1 0.38644859813084115 0.1986754966887417 0.01588785046728972 0.029801324503311258
1 0.40654205607476634 0.16887417218543047 0.014953271028037384 0.029801324503311258
1 0.40233644859813084 0.23344370860927152 0.01588785046728972 0.033112582781456956
1 0.4238317757009346 0.27566225165562913 0.023364485981308414 0.048013245033112585
1 0.43598130841121496 0.22847682119205298 0.02149532710280374 0.039735099337748346
1 0.46261682242990654 0.23013245033112584 0.022429906542056077 0.04304635761589404
1 0.4261682242990654 0.19370860927152317 0.014953271028037384 0.03642384105960265
1 0.45700934579439256 0.17135761589403972 0.016822429906542057 0.0347682119205298
1 0.45981308411214955 0.14817880794701987 0.014953271028037384 0.024834437086092714
1 0.4757009345794393 0.16556291390728478 0.013084112149532711 0.033112582781456956
1 0.4873831775700935 0.20447019867549668 0.019626168224299065 0.0380794701986755
1 0.4827102803738318 0.13245033112582782 0.012149532710280374 0.026490066225165563
1 0.5135514018691589 0.1498344370860927 0.01588785046728972 0.024834437086092714
1 0.5200934579439253 0.16390728476821192 0.01588785046728972 0.033112582781456956
1 0.5289719626168224 0.1945364238410596 0.01869158878504673 0.04470198675496689
1 0.5401869158878505 0.16473509933774835 0.01869158878504673 0.0347682119205298
1 0.5317757009345795 0.125 0.014953271028037384 0.024834437086092714
1 0.5476635514018692 0.12748344370860928 0.01869158878504673 0.026490066225165563
1 0.5579439252336449 0.16225165562913907 0.01869158878504673 0.046357615894039736
1 0.5747663551401869 0.15728476821192053 0.014953271028037384 0.029801324503311258
1 0.5883177570093459 0.11920529801324503 0.012149532710280374 0.029801324503311258
1 0.5855140186915888 0.10430463576158941 0.012149532710280374 0.019867549668874173
1 0.6186915887850467 0.13658940397350994 0.016822429906542057 0.0347682119205298
1 0.6074766355140188 0.12251655629139073 0.014953271028037384 0.026490066225165563
1 0.6224299065420561 0.10182119205298014 0.011214953271028038 0.024834437086092714
1 0.647196261682243 0.11754966887417219 0.012149532710280374 0.029801324503311258
1 0.6476635514018692 0.09768211920529801 0.016822429906542057 0.023178807947019868
1 0.6630841121495328 0.12003311258278146 0.014018691588785047 0.0347682119205298
1 0.680373831775701 0.10596026490066225 0.01869158878504673 0.033112582781456956
1 0.569158878504673 0.2367549668874172 0.024299065420560748 0.04966887417218543
1 0.5383177570093458 0.3054635761589404 0.028037383177570093 0.06788079470198675
1 0.4855140186915888 0.29387417218543044 0.025233644859813085 0.054635761589403975
1 0.5873831775700935 0.3526490066225166 0.03457943925233645 0.0695364238410596
1 0.6065420560747664 0.26076158940397354 0.024299065420560748 0.04470198675496689
1 0.6014018691588785 0.20943708609271522 0.019626168224299065 0.048013245033112585
1 0.6411214953271028 0.1879139072847682 0.01869158878504673 0.0380794701986755
1 0.6598130841121496 0.20033112582781457 0.01869158878504673 0.04304635761589404
1 0.6579439252336449 0.26490066225165565 0.020560747663551402 0.056291390728476824
1 0.67196261682243 0.33112582781456956 0.024299065420560748 0.059602649006622516
1 0.7252336448598131 0.30629139072847683 0.024299065420560748 0.056291390728476824
1 0.6864485981308411 0.22433774834437087 0.02149532710280374 0.048013245033112585
1 0.6990654205607477 0.17798013245033112 0.020560747663551402 0.04470198675496689
1 0.6869158878504673 0.15149006622516556 0.01869158878504673 0.0347682119205298
1 0.7042056074766355 0.14321192052980133 0.017757009345794394 0.0347682119205298
1 0.7266355140186916 0.19288079470198677 0.023364485981308414 0.05132450331125828
1 0.741588785046729 0.2367549668874172 0.023364485981308414 0.052980132450331126
1 0.7771028037383177 0.2847682119205298 0.02710280373831776 0.06291390728476821
1 0.819158878504673 0.2326158940397351 0.017757009345794394 0.04470198675496689
1 0.7967289719626168 0.17880794701986755 0.02149532710280374 0.04304635761589404
1 0.7514018691588785 0.1763245033112583 0.01869158878504673 0.0347682119205298
1 0.7392523364485981 0.13990066225165562 0.016822429906542057 0.041390728476821195
1 0.7327102803738318 0.11754966887417219 0.014953271028037384 0.033112582781456956
1 0.7429906542056075 0.11920529801324503 0.011214953271028038 0.023178807947019868
1 0.7556074766355141 0.13327814569536423 0.014018691588785047 0.0380794701986755
1 0.774766355140187 0.1216887417218543 0.011214953271028038 0.028145695364238412
1 0.7841121495327104 0.1357615894039735 0.013084112149532711 0.033112582781456956
1 0.8051401869158878 0.12582781456953643 0.014018691588785047 0.033112582781456956
1 0.8289719626168225 0.14155629139072848 0.016822429906542057 0.0347682119205298
1 0.8406542056074767 0.1870860927152318 0.01588785046728972 0.04304635761589404
1 0.8598130841121495 0.15314569536423842 0.014953271028037384 0.03145695364238411
1 0.8864485981308412 0.13410596026490065 0.010280373831775701 0.029801324503311258
1 0.8700934579439252 0.17798013245033112 0.016822429906542057 0.03145695364238411
1 0.8649532710280374 0.22764900662251655 0.017757009345794394 0.048013245033112585
1 0.9093457943925234 0.28311258278145696 0.024299065420560748 0.056291390728476824
1 0.8850467289719627 0.1986754966887417 0.01869158878504673 0.039735099337748346
1 0.8962616822429907 0.1672185430463576 0.013084112149532711 0.029801324503311258
1 0.9205607476635514 0.20364238410596028 0.026168224299065422 0.04304635761589404
1 0.9196261682242991 0.1697019867549669 0.01869158878504673 0.03145695364238411
1 0.9210280373831776 0.1498344370860927 0.010280373831775701 0.02152317880794702
