1 0.0475 0.723125 0.09333333333333334 0.16375
1 0.034583333333333334 0.59375 0.06416666666666668 0.0775
1 0.03291666666666667 0.55375 0.04583333333333334 0.065
1 0.10041666666666667 0.665625 0.07416666666666667 0.13375
1 0.14750000000000002 0.55625 0.05166666666666667 0.10250000000000001
1 0.12041666666666667 0.53125 0.0475 0.085
1 0.18333333333333335 0.589375 0.06166666666666667 0.10625
1 0.22375 0.665625 0.08416666666666667 0.13125
1 0.28583333333333333 0.5275 0.05 0.0725
1 0.33416666666666667 0.5493750000000001 0.05166666666666667 0.09625
1 0.38333333333333336 0.646875 0.06833333333333334 0.10125
1 0.40208333333333335 0.59875 0.060833333333333336 0.09
1 0.4 0.52 0.043333333333333335 0.07
1 0.4366666666666667 0.519375 0.03666666666666667 0.06875
1 0.37833333333333335 0.77875 0.1 0.1625
1 0.5316666666666667 0.395625 0.09000000000000001 0.15125
1 0.6029166666666667 0.49 0.0425 0.0725
1 0.6233333333333334 0.48875 0.02666666666666667 0.06
1 0.6570833333333334 0.530625 0.04083333333333333 0.08375
1 0.6883333333333334 0.50125 0.03833333333333334 0.06
1 0.7129166666666668 0.57625 0.05416666666666667 0.115
1 0.7416666666666667 0.55 0.060000000000000005 0.0975
1 0.8 0.48562500000000003 0.04 0.06125
1 0.8512500000000001 0.4425 0.04083333333333333 0.0625
1 0.89375 0.55625 0.060833333333333336 0.11
1 0.9016666666666667 0.51 0.05 0.0675
1 0.9133333333333334 0.47500000000000003 0.035 0.0625
1 0.9520833333333334 0.55375 0.0575 0.0925
1 0.93125 0.75625 0.1275 0.2275
1 0.9479166666666667 0.65 0.0975 0.13
