1 0.1261373035566584 0.5281690140845071 0.052109181141439205 0.08732394366197184
1 0.22580645161290322 0.34718309859154933 0.024813895781637715 0.04647887323943662
1 0.25268817204301075 0.36971830985915494 0.022332506203473945 0.04366197183098592
1 0.2894954507857734 0.38521126760563384 0.021505376344086023 0.03802816901408451
1 0.33126550868486354 0.36690140845070424 0.028949545078577336 0.04647887323943662
1 0.293631100082713 0.29859154929577464 0.018196856906534324 0.030985915492957747
1 0.3523573200992556 0.33098591549295775 0.018196856906534324 0.033802816901408454
1 0.35028949545078575 0.2971830985915493 0.01902398676592225 0.033802816901408454
1 0.4065343258891646 0.3316901408450704 0.0206782464846981 0.04366197183098592
1 0.3883374689826303 0.26408450704225356 0.012406947890818858 0.026760563380281693
1 0.402398676592225 0.27816901408450706 0.012406947890818858 0.02394366197183099
1 0.40612076095947064 0.3014084507042254 0.018196856906534324 0.030985915492957747
1 0.4325889164598842 0.3316901408450704 0.016542597187758478 0.026760563380281693
1 0.445822994210091 0.3485915492957747 0.02315963606286187 0.035211267605633804
1 0.42886683209263854 0.3098591549295775 0.015715467328370553 0.028169014084507043
1 0.42597187758478083 0.2626760563380282 0.016542597187758478 0.029577464788732397
1 0.4437551695616212 0.26197183098591553 0.017369727047146403 0.033802816901408454
1 0.45822994210090984 0.27253521126760566 0.01488833746898263 0.035211267605633804
1 0.46029776674937967 0.24295774647887325 0.012406947890818858 0.026760563380281693
1 0.47022332506203474 0.23450704225352115 0.017369727047146403 0.02394366197183099
1 0.46484698097601324 0.3176056338028169 0.021505376344086023 0.03802816901408451
1 0.49958643507030603 0.3302816901408451 0.024813895781637715 0.04647887323943662
1 0.5008271298593879 0.2746478873239437 0.0206782464846981 0.036619718309859155
1 0.5210918114143921 0.27605633802816903 0.019851116625310174 0.036619718309859155
1 0.522746071133168 0.24859154929577465 0.016542597187758478 0.029577464788732397
1 0.5529363110008271 0.2880281690140845 0.01902398676592225 0.04084507042253521
1 0.5525227460711332 0.25 0.01488833746898263 0.029577464788732397
1 0.5512820512820513 0.22605633802816902 0.015715467328370553 0.026760563380281693
1 0.5723738626964433 0.25422535211267605 0.016542597187758478 0.035211267605633804
1 0.5703060380479735 0.22535211267605634 0.015715467328370553 0.028169014084507043
1 0.598428453267163 0.2535211267605634 0.017369727047146403 0.028169014084507043
1 0.6269644334160464 0.2577464788732394 0.018196856906534324 0.033802816901408454
1 0.6021505376344086 0.23028169014084507 0.01488833746898263 0.026760563380281693
1 0.6100082712985939 0.21197183098591552 0.014061207609594707 0.026760563380281693
1 0.6311000827129859 0.2084507042253521 0.016542597187758478 0.028169014084507043
1 0.6418527708850289 0.2267605633802817 0.01488833746898263 0.028169014084507043
1 0.6670802315963607 0.21338028169014087 0.012406947890818858 0.029577464788732397
1 0.6753515301902399 0.23098591549295777 0.012406947890818858 0.030985915492957747
1 0.6840363937138131 0.2211267605633803 0.011579818031430935 0.02535211267605634
1 0.47973531844499584 0.4056338028169014 0.033085194375516956 0.0647887323943662
1 0.5413564929693961 0.3619718309859155 0.02564102564102564 0.04788732394366198
1 0.5459057071960298 0.4014084507042254 0.02977667493796526 0.056338028169014086
1 0.5963606286186931 0.43521126760563383 0.033085194375516956 0.061971830985915494
1 0.6426799007444168 0.46478873239436624 0.0413564929693962 0.06760563380281691
1 0.6153846153846154 0.3654929577464789 0.024813895781637715 0.04929577464788733
1 0.6017369727047146 0.33098591549295775 0.022332506203473945 0.04225352112676056
1 0.6315136476426799 0.2964788732394366 0.02564102564102564 0.04929577464788733
1 0.6699751861042184 0.27816901408450706 0.018196856906534324 0.03802816901408451
1 0.6985111662531017 0.3014084507042254 0.023986765922249794 0.04507042253521127
1 0.707196029776675 0.252112676056338 0.019851116625310174 0.03943661971830986
1 0.7365591397849462 0.24084507042253522 0.012406947890818858 0.030985915492957747
1 0.7435897435897436 0.2605633802816902 0.016542597187758478 0.033802816901408454
1 0.7510339123242349 0.2330985915492958 0.013234077750206782 0.029577464788732397
1 0.7043010752688172 0.5408450704225353 0.03722084367245657 0.07042253521126761
1 0.6563275434243176 0.3795774647887324 0.03225806451612903 0.06619718309859156
1 0.6472291149710504 0.3450704225352113 0.02564102564102564 0.04507042253521127
1 0.6906534325889164 0.3619718309859155 0.024813895781637715 0.04788732394366198
1 0.7233250620347395 0.4042253521126761 0.03225806451612903 0.0647887323943662
1 0.7725392886683209 0.43521126760563383 0.03143093465674111 0.061971830985915494
1 0.825889164598842 0.5014084507042254 0.03722084367245657 0.09014084507042254
1 0.8395368072787428 0.4443661971830986 0.03143093465674111 0.07183098591549296
1 0.8138957816377171 0.35845070422535213 0.024813895781637715 0.054929577464788736
1 0.8283705541770058 0.34084507042253526 0.0206782464846981 0.04788732394366198
1 0.8167907361455748 0.30492957746478877 0.0206782464846981 0.04084507042253521
1 0.7803970223325062 0.2823943661971831 0.017369727047146403 0.035211267605633804
1 0.7646815550041356 0.2626760563380282 0.017369727047146403 0.026760563380281693
1 0.7808105872622002 0.2584507042253521 0.016542597187758478 0.02394366197183099
1 0.7845326716294458 0.23802816901408452 0.015715467328370553 0.030985915492957747
1 0.8122415219189413 0.24647887323943662 0.016542597187758478 0.036619718309859155
1 0.8176178660049628 0.26408450704225356 0.017369727047146403 0.0323943661971831
1 0.8416046319272126 0.26126760563380286 0.017369727047146403 0.0323943661971831
1 0.8569065343258891 0.2823943661971831 0.018196856906534324 0.03802816901408451
1 0.8498759305210918 0.3246478873239437 0.0206782464846981 0.04929577464788733
1 0.8709677419354839 0.3345070422535211 0.018196856906534324 0.04929577464788733
1 0.8626964433416047 0.397887323943662 0.028122415219189414 0.06056338028169014
1 0.913564929693962 0.4528169014084507 0.03225806451612903 0.06901408450704226
1 0.9259718775847808 0.37183098591549296 0.023986765922249794 0.056338028169014086
1 0.9148056244830438 0.3295774647887324 0.019851116625310174 0.03943661971830986
1 0.8924731182795699 0.3232394366197183 0.016542597187758478 0.035211267605633804
1 0.8986765922249793 0.2852112676056338 0.014061207609594707 0.03802816901408451
1 0.880479735318445 0.2556338028169014 0.015715467328370553 0.03802816901408451
1 0.9317617866004962 0.3246478873239437 0.0206782464846981 0.04366197183098592
1 0.9363110008271298 0.29859154929577464 0.011579818031430935 0.028169014084507043
1 0.9429280397022333 0.2859154929577465 0.013234077750206782 0.02535211267605634
