1 0.046 0.6570996978851964 0.07200000000000001 0.1419939577039275
1 0.074 0.540785498489426 0.04 0.08459214501510574
1 0.018000000000000002 0.42900302114803623 0.032 0.060422960725075525
1 0.131 0.5362537764350453 0.046 0.0634441087613293
1 0.168 0.5347432024169184 0.036000000000000004 0.060422960725075525
1 0.191 0.45317220543806647 0.034 0.04833836858006042
1 0.214 0.6359516616314199 0.06 0.09365558912386707
1 0.224 0.5362537764350453 0.04 0.05740181268882175
1 0.281 0.5211480362537765 0.03 0.05740181268882175
1 0.34 0.6238670694864048 0.076 0.12386706948640483
1 0.331 0.5438066465256798 0.034 0.054380664652567974
1 0.383 0.527190332326284 0.03 0.0513595166163142
1 0.385 0.4395770392749245 0.03 0.045317220543806644
1 0.421 0.5211480362537765 0.026000000000000002 0.03927492447129909
1 0.425 0.5891238670694864 0.05 0.09063444108761329
1 0.47300000000000003 0.6102719033232629 0.066 0.1027190332326284
1 0.47600000000000003 0.5226586102719033 0.028 0.04229607250755287
1 0.561 0.554380664652568 0.05 0.05740181268882175
1 0.546 0.6072507552870091 0.048 0.08459214501510574
1 0.621 0.5287009063444109 0.026000000000000002 0.04833836858006042
1 0.636 0.5725075528700906 0.032 0.0634441087613293
1 0.659 0.527190332326284 0.026000000000000002 0.045317220543806644
1 0.67 0.4169184290030212 0.028 0.04229607250755287
1 0.6910000000000001 0.5362537764350453 0.026000000000000002 0.045317220543806644
1 0.903 0.6570996978851964 0.08600000000000001 0.14803625377643503
1 0.966 0.5755287009063444 0.064 0.11178247734138973
1 0.919 0.5362537764350453 0.038 0.0755287009063444
