1 0.2087087087087087 0.4666080843585237 0.04104104104104104 0.08260105448154657
1 0.2957957957957958 0.22847100175746923 0.013013013013013013 0.028119507908611598
1 0.31431431431431434 0.22847100175746923 0.014014014014014014 0.028119507908611598
1 0.34934934934934936 0.21792618629173988 0.014014014014014014 0.028119507908611598
1 0.3663663663663664 0.18980667838312829 0.014014014014014014 0.02460456942003515
1 0.3483483483483483 0.15114235500878734 0.014014014014014014 0.03163444639718805
1 0.3843843843843844 0.156414762741652 0.01001001001001001 0.0210896309314587
1 0.3908908908908909 0.2065026362038664 0.01901901901901902 0.029876977152899824
1 0.40040040040040037 0.23813708260105446 0.016016016016016016 0.040421792618629174
1 0.41791791791791794 0.24956063268892792 0.017017017017017015 0.03163444639718805
1 0.36286286286286284 0.2548330404217926 0.02102102102102102 0.03866432337434095
1 0.41541541541541543 0.21353251318101932 0.018018018018018018 0.03690685413005272
1 0.42342342342342343 0.156414762741652 0.01001001001001001 0.0210896309314587
1 0.45895895895895894 0.21441124780316342 0.01901901901901902 0.03866432337434095
1 0.47347347347347346 0.19332161687170474 0.014014014014014014 0.028119507908611598
1 0.46346346346346345 0.16608084358523725 0.012012012012012012 0.02636203866432337
1 0.45795795795795796 0.1414762741652021 0.009009009009009009 0.015817223198594025
1 0.47647647647647645 0.13093145869947276 0.012012012012012012 0.02636203866432337
1 0.49099099099099097 0.1625659050966608 0.017017017017017015 0.029876977152899824
1 0.5175175175175175 0.17926186291739893 0.016016016016016016 0.03163444639718805
1 0.55005005005005 0.18189806678383127 0.017017017017017015 0.03339191564147627
1 0.5425425425425425 0.15992970123022845 0.012012012012012012 0.02460456942003515
1 0.5165165165165165 0.13268892794376097 0.01001001001001001 0.019332161687170474
1 0.5015015015015015 0.12390158172231985 0.012012012012012012 0.022847100175746923
1 0.49149149149149146 0.14059753954305798 0.012012012012012012 0.02460456942003515
1 0.5690690690690691 0.17750439367311072 0.015015015015015015 0.02460456942003515
1 0.565065065065065 0.14938488576449913 0.015015015015015015 0.03163444639718805
1 0.5895895895895896 0.11159929701230228 0.008008008008008008 0.019332161687170474
1 0.5930930930930931 0.15377855887521968 0.013013013013013013 0.022847100175746923
1 0.6171171171171171 0.14235500878734622 0.013013013013013013 0.03163444639718805
1 0.6341341341341341 0.15992970123022845 0.013013013013013013 0.028119507908611598
1 0.6301301301301301 0.12302284710017573 0.011011011011011011 0.0210896309314587
1 0.6046046046046046 0.12478031634446396 0.01001001001001001 0.0210896309314587
1 0.6091091091091091 0.10984182776801406 0.007007007007007007 0.015817223198594025
1 0.6441441441441441 0.1133567662565905 0.009009009009009009 0.022847100175746923
1 0.6541541541541541 0.11511423550087872 0.009009009009009009 0.022847100175746923
1 0.6826826826826827 0.10544815465729349 0.01001001001001001 0.0210896309314587
1 0.5740740740740741 0.22759226713532513 0.02102102102102102 0.03339191564147627
1 0.6196196196196196 0.24428822495606325 0.018018018018018018 0.0421792618629174
1 0.6201201201201201 0.2117750439367311 0.02102102102102102 0.03339191564147627
1 0.6656656656656657 0.2337434094903339 0.02002002002002002 0.03866432337434095
1 0.7072072072072072 0.1915641476274165 0.017017017017017015 0.03866432337434095
1 0.7397397397397397 0.1766256590509666 0.016016016016016016 0.03339191564147627
1 0.7332332332332332 0.14674868189806678 0.011011011011011011 0.03339191564147627
1 0.7592592592592593 0.13268892794376097 0.011011011011011011 0.022847100175746923
1 0.7397397397397397 0.23550087873462214 0.014014014014014014 0.03866432337434095
1 0.7662662662662663 0.23813708260105446 0.02102102102102102 0.040421792618629174
1 0.7747747747747747 0.2126537785588752 0.012012012012012012 0.028119507908611598
1 0.7937937937937938 0.21704745166959577 0.014014014014014014 0.03339191564147627
1 0.7917917917917918 0.16783831282952547 0.014014014014014014 0.02636203866432337
1 0.7837837837837838 0.14499121265377854 0.014014014014014014 0.029876977152899824
1 0.7677677677677678 0.12565905096660807 0.012012012012012012 0.022847100175746923
1 0.8083083083083084 0.13268892794376097 0.009009009009009009 0.022847100175746923
1 0.8238238238238238 0.13971880492091387 0.012012012012012012 0.02636203866432337
1 0.8278278278278278 0.17838312829525482 0.014014014014014014 0.02636203866432337
1 0.8393393393393394 0.164323374340949 0.013013013013013013 0.02636203866432337
1 0.8533533533533534 0.14938488576449913 0.011011011011011011 0.03163444639718805
1 0.8668668668668669 0.17135325131810192 0.014014014014014014 0.03339191564147627
1 0.8658658658658659 0.20913884007029876 0.016016016016016016 0.035149384885764495
1 0.8488488488488488 0.2398945518453427 0.022022022022022022 0.04393673110720562
1 0.7782782782782782 0.3031634446397188 0.025025025025025023 0.05799648506151142
1 0.9119119119119119 0.3339191564147627 0.022022022022022022 0.056239015817223195
1 0.8833833833833834 0.23198594024604569 0.017017017017017015 0.0421792618629174
1 0.9254254254254254 0.2521968365553603 0.015015015015015015 0.040421792618629174
1 0.9164164164164164 0.23198594024604569 0.015015015015015015 0.03866432337434095
1 0.9369369369369369 0.2038664323374341 0.012012012012012012 0.028119507908611598
1 0.9394394394394394 0.1766256590509666 0.009009009009009009 0.02636203866432337
1 0.9544544544544544 0.17926186291739893 0.011011011011011011 0.028119507908611598
1 0.9174174174174174 0.156414762741652 0.013013013013013013 0.035149384885764495
1 0.9134134134134134 0.18980667838312829 0.009009009009009009 0.028119507908611598
1 0.9034034034034034 0.18189806678383127 0.011011011011011011 0.02636203866432337
1 0.8888888888888888 0.16520210896309315 0.012012012012012012 0.03163444639718805
