1 0.04625 0.1962962962962963 0.0425 0.05925925925925926
1 0.09375 0.24444444444444446 0.0525 0.05925925925925926
1 0.13875 0.2740740740740741 0.0575 0.06666666666666667
1 0.10250000000000001 0.3685185185185185 0.075 0.08518518518518518
1 0.05 0.47222222222222227 0.095 0.12222222222222223
1 0.29 0.4314814814814815 0.115 0.12962962962962962
1 0.2575 0.3314814814814815 0.06 0.07777777777777778
1 0.305 0.20555555555555557 0.05 0.06296296296296297
1 0.2625 0.1388888888888889 0.04 0.07777777777777778
1 0.36875 0.16111111111111112 0.0475 0.04814814814814815
1 0.4 0.19074074074074074 0.05 0.06296296296296297
1 0.45125 0.17962962962962964 0.0425 0.05555555555555556
1 0.42375 0.2537037037037037 0.0625 0.1
1 0.3925 0.3648148148148148 0.08 0.10740740740740741
1 0.52 0.32592592592592595 0.07 0.10370370370370371
1 0.52 0.14074074074074075 0.04 0.05925925925925926
1 0.52 0.040740740740740744 0.045 0.05925925925925926
1 0.5525 0.12407407407407407 0.035 0.06296296296296297
1 0.6025 0.16666666666666669 0.045 0.08148148148148149
1 0.63875 0.17962962962962964 0.0575 0.1
1 0.7212500000000001 0.2777777777777778 0.0575 0.08888888888888889
1 0.65 0.4462962962962963 0.105 0.15925925925925927
1 0.4875 0.5833333333333334 0.145 0.2111111111111111
1 0.3725 0.6444444444444445 0.18 0.23703703703703705
1 0.73875 0.2240740740740741 0.0375 0.06296296296296297
1 0.7325 0.16666666666666669 0.035 0.05185185185185186
1 0.78 0.14814814814814814 0.035 0.05925925925925926
1 0.84375 0.2611111111111111 0.0575 0.08518518518518518
1 0.89875 0.22222222222222224 0.0675 0.10370370370370371
1 0.8675 0.17407407407407408 0.035 0.06666666666666667
