1 0.016796875 0.23958333333333334 0.032031250000000004 0.09305555555555556
1 0.06015625 0.2791666666666667 0.0421875 0.08611111111111111
1 0.10703125000000001 0.23680555555555557 0.053125000000000006 0.10694444444444445
1 0.2109375 0.33333333333333337 0.060937500000000006 0.1277777777777778
1 0.19843750000000002 0.22847222222222224 0.037500000000000006 0.07916666666666666
1 0.259765625 0.26180555555555557 0.04296875 0.08472222222222223
1 0.309375 0.4152777777777778 0.0765625 0.16666666666666669
1 0.310546875 0.24583333333333335 0.04296875 0.08055555555555556
1 0.380859375 0.19583333333333333 0.03359375 0.0638888888888889
1 0.44296875 0.2715277777777778 0.0890625 0.16805555555555557
1 0.56171875 0.26805555555555555 0.035937500000000004 0.07222222222222223
1 0.6566406250000001 0.21944444444444444 0.030468750000000003 0.061111111111111116
1 0.6734375 0.2916666666666667 0.0421875 0.08888888888888889
1 0.6531250000000001 0.5215277777777778 0.1078125 0.25416666666666665
1 0.7835937500000001 0.3805555555555556 0.0765625 0.15555555555555556
1 0.7566406250000001 0.3013888888888889 0.05234375 0.08611111111111111
1 0.7671875 0.2423611111111111 0.045312500000000006 0.07083333333333333
1 0.96484375 0.2569444444444445 0.0484375 0.1
1 0.9324218750000001 0.3215277777777778 0.07109375 0.12916666666666668
