1 0.27166666666666667 0.6924778761061947 0.13 0.16371681415929204
1 0.465 0.6039823008849557 0.07 0.11061946902654868
1 0.34500000000000003 0.6017699115044248 0.06333333333333334 0.07964601769911504
1 0.405 0.5265486725663717 0.05 0.08849557522123894
1 0.54 0.5508849557522124 0.07333333333333333 0.10176991150442477
1 0.505 0.4823008849557522 0.043333333333333335 0.05309734513274336
1 0.5583333333333333 0.3230088495575221 0.030000000000000002 0.04424778761061947
1 0.6566666666666667 0.4911504424778761 0.04666666666666667 0.07079646017699115
1 0.77 0.5132743362831859 0.05333333333333334 0.061946902654867256
1 0.675 0.5398230088495575 0.05 0.07079646017699115
1 0.9016666666666667 0.5110619469026548 0.043333333333333335 0.0752212389380531
1 0.19166666666666668 0.5199115044247787 0.030000000000000002 0.048672566371681415
1 0.2783333333333334 0.5 0.043333333333333335 0.061946902654867256
1 0.060000000000000005 0.5154867256637168 0.04 0.05752212389380531
