1 0.39306640625 0.5982404692082112 0.0947265625 0.17888563049853373
1 0.3017578125 0.46920821114369504 0.048828125 0.07917888563049853
1 0.24951171875 0.4530791788856305 0.0361328125 0.04985337243401759
1 0.23291015625 0.4274193548387097 0.0244140625 0.039589442815249266
1 0.29345703125 0.4215542521994135 0.0224609375 0.039589442815249266
1 0.32958984375 0.4464809384164223 0.0224609375 0.039589442815249266
1 0.37841796875 0.4633431085043988 0.0361328125 0.06158357771260997
1 0.4375 0.5139296187683284 0.060546875 0.10410557184750734
1 0.43603515625 0.46114369501466274 0.0478515625 0.0718475073313783
1 0.4013671875 0.4244868035190616 0.02734375 0.04838709677419355
1 0.43408203125 0.37390029325513197 0.0205078125 0.03812316715542522
1 0.49169921875 0.45527859237536655 0.0283203125 0.039589442815249266
1 0.47265625 0.4244868035190616 0.0234375 0.03372434017595308
1 0.5107421875 0.4237536656891496 0.021484375 0.03225806451612903
1 0.5791015625 0.4626099706744868 0.02734375 0.036656891495601175
1 0.623046875 0.436950146627566 0.025390625 0.03812316715542522
1 0.63330078125 0.49853372434017595 0.0419921875 0.05571847507331378
1 0.6591796875 0.5513196480938416 0.056640625 0.07331378299120235
1 0.59912109375 0.6143695014662757 0.0576171875 0.07917888563049853
1 0.798828125 0.6913489736070382 0.08984375 0.13049853372434017
1 0.78564453125 0.5821114369501467 0.0576171875 0.07624633431085044
1 0.927734375 0.6348973607038123 0.083984375 0.12609970674486803
1 0.9814453125 0.6063049853372434 0.037109375 0.09824046920821114
1 0.98095703125 0.5197947214076246 0.0341796875 0.0718475073313783
1 0.892578125 0.5527859237536656 0.041015625 0.06158357771260997
1 0.81591796875 0.501466275659824 0.0400390625 0.05571847507331378
1 0.90380859375 0.42961876832844575 0.0341796875 0.05278592375366569
1 0.8603515625 0.42888563049853373 0.03125 0.045454545454545456
1 0.8017578125 0.42961876832844575 0.03515625 0.0469208211143695
1 0.77099609375 0.4340175953079179 0.0263671875 0.02932551319648094
1 0.7294921875 0.43328445747800587 0.0234375 0.030791788856304986
1 0.716796875 0.4655425219941349 0.02734375 0.045454545454545456
1 0.68359375 0.4640762463343108 0.037109375 0.051319648093841645
1 0.58837890625 0.4244868035190616 0.0244140625 0.039589442815249266
1 0.57373046875 0.43841642228739003 0.0263671875 0.02932551319648094
