1 0.10916666666666668 0.5822222222222222 0.085 0.14666666666666667
1 0.1675 0.48333333333333334 0.055 0.09555555555555556
1 0.20833333333333334 0.44222222222222224 0.04666666666666667 0.06666666666666667
1 0.24833333333333335 0.67 0.14 0.20222222222222222
1 0.30833333333333335 0.43777777777777777 0.043333333333333335 0.07111111111111111
1 0.36750000000000005 0.40555555555555556 0.03166666666666667 0.05555555555555555
1 0.4291666666666667 0.5222222222222223 0.055 0.09333333333333334
1 0.405 0.46444444444444444 0.04666666666666667 0.07555555555555556
1 0.4816666666666667 0.43333333333333335 0.04666666666666667 0.07111111111111111
1 0.49250000000000005 0.62 0.11166666666666668 0.15555555555555556
1 0.6125 0.5388888888888889 0.085 0.12666666666666668
1 0.555 0.4811111111111111 0.05666666666666667 0.10444444444444445
1 0.56 0.4288888888888889 0.03666666666666667 0.044444444444444446
1 0.5466666666666667 0.3977777777777778 0.02666666666666667 0.044444444444444446
1 0.65 0.41888888888888887 0.03333333333333333 0.06
1 0.6741666666666667 0.49 0.055 0.09555555555555556
1 0.7475 0.5288888888888889 0.06166666666666667 0.11555555555555555
1 0.7733333333333334 0.41888888888888887 0.04 0.07777777777777778
1 0.8441666666666667 0.4855555555555556 0.07166666666666667 0.10444444444444445
1 0.9158333333333334 0.4766666666666667 0.055 0.08666666666666667
1 0.935 0.45222222222222225 0.043333333333333335 0.08222222222222222
