1 0.47101449275362317 0.3430232558139535 0.028985507246376812 0.03875968992248062
1 0.9166666666666666 0.5852713178294574 0.04492753623188406 0.05813953488372093
1 0.9094202898550725 0.6463178294573644 0.05652173913043478 0.0755813953488372
1 0.9 0.7635658914728682 0.08985507246376812 0.12015503875968991
1 0.8869565217391304 0.7131782945736433 0.05507246376811594 0.06976744186046512
1 0.8347826086956522 0.9040697674418604 0.14202898550724638 0.16472868217054262
1 0.5014492753623189 0.8352713178294574 0.10144927536231885 0.17054263565891473
1 0.6260869565217392 0.6986434108527132 0.08695652173913043 0.12596899224806202
1 0.7086956521739131 0.6405038759689923 0.06956521739130435 0.11046511627906977
1 0.7492753623188406 0.5959302325581395 0.0463768115942029 0.0755813953488372
1 0.7797101449275362 0.5765503875968992 0.0463768115942029 0.06782945736434108
1 0.6565217391304348 0.5552325581395349 0.0463768115942029 0.06395348837209303
1 0.6057971014492753 0.6027131782945736 0.0463768115942029 0.06589147286821706
1 0.5485507246376812 0.6056201550387597 0.05652173913043478 0.07945736434108527
1 0.55 0.5368217054263565 0.036231884057971016 0.06589147286821706
1 0.48695652173913045 0.5755813953488372 0.04927536231884058 0.07364341085271317
1 0.4673913043478261 0.6705426356589147 0.06521739130434782 0.09302325581395349
1 0.4043478260869565 0.6007751937984496 0.052173913043478265 0.08527131782945736
1 0.27608695652173915 0.7713178294573644 0.09710144927536232 0.14728682170542634
1 0.3115942028985507 0.625 0.0782608695652174 0.1065891472868217
1 0.34347826086956523 0.5261627906976745 0.03768115942028986 0.0562015503875969
1 0.25869565217391305 0.5281007751937984 0.0391304347826087 0.06007751937984496
1 0.26304347826086955 0.500968992248062 0.036231884057971016 0.04457364341085271
1 0.09057971014492754 0.685077519379845 0.08260869565217391 0.12209302325581395
1 0.031159420289855074 0.5436046511627907 0.050724637681159424 0.0755813953488372
1 0.042028985507246375 0.4835271317829457 0.03768115942028986 0.04844961240310078
1 0.10652173913043478 0.5096899224806202 0.03333333333333333 0.05426356589147287
1 0.1471014492753623 0.5387596899224806 0.036231884057971016 0.05813953488372093
1 0.1427536231884058 0.48643410852713176 0.03333333333333333 0.050387596899224806
1 0.1847826086956522 0.5116279069767442 0.036231884057971016 0.05813953488372093
