1 0.10649350649350649 0.3686974789915966 0.12987012987012986 0.21218487394957983
1 0.11818181818181818 0.1449579831932773 0.08051948051948052 0.12605042016806722
1 0.2396103896103896 0.14600840336134452 0.08701298701298701 0.1407563025210084
1 0.32857142857142857 0.4579831932773109 0.15844155844155844 0.2310924369747899
1 0.32532467532467535 0.07247899159663865 0.05064935064935065 0.09033613445378151
1 0.4435064935064935 0.08928571428571429 0.07142857142857142 0.10714285714285714
1 0.4850649350649351 0.2226890756302521 0.08181818181818182 0.15546218487394958
1 0.587012987012987 0.0861344537815126 0.06493506493506493 0.13025210084033612
1 0.6448051948051948 0.2752100840336134 0.09220779220779221 0.1638655462184874
1 0.8077922077922078 0.1134453781512605 0.06233766233766234 0.13025210084033612
1 0.7688311688311689 0.06302521008403361 0.04155844155844156 0.08823529411764705
1 0.6162337662337662 0.044117647058823525 0.05064935064935065 0.08403361344537814
1 0.8467532467532467 0.0430672268907563 0.03896103896103896 0.0819327731092437
1 0.9246753246753247 0.08298319327731092 0.07272727272727272 0.11974789915966386
