1 0.3511111111111111 0.5677799607072691 0.051111111111111114 0.11001964636542239
1 0.555 0.49607072691552057 0.043333333333333335 0.09626719056974459
1 0.6205555555555555 0.5039292730844793 0.04111111111111111 0.07662082514734773
1 0.6833333333333333 0.3722986247544204 0.044444444444444446 0.0805500982318271
1 0.8216666666666667 0.48133595284872294 0.04777777777777778 0.08644400785854617
1 0.25277777777777777 0.46365422396856576 0.04555555555555556 0.07858546168958742
1 0.2361111111111111 0.36640471512770134 0.043333333333333335 0.07662082514734773
1 0.2811111111111111 0.3055009823182711 0.028888888888888888 0.060903732809430254
1 0.3138888888888889 0.3222003929273084 0.027777777777777776 0.06286836935166994
1 0.25166666666666665 0.19744597249508838 0.025555555555555557 0.05304518664047151
1 0.2677777777777778 0.17387033398821217 0.02 0.045186640471512766
1 0.32 0.13752455795677798 0.02 0.043222003929273084
1 0.35555555555555557 0.10609037328094302 0.022222222222222223 0.05500982318271119
1 0.43777777777777777 0.11787819253438113 0.02 0.03929273084479371
1 0.4361111111111111 0.19056974459724949 0.034444444444444444 0.0667976424361493
1 0.5061111111111111 0.20333988212180745 0.03666666666666667 0.060903732809430254
1 0.5172222222222222 0.10412573673870333 0.021111111111111112 0.03929273084479371
1 0.5377777777777778 0.10117878192534381 0.02 0.041257367387033395
1 0.6011111111111112 0.20039292730844793 0.03333333333333333 0.05108055009823182
1 0.5583333333333333 0.30157170923379173 0.04111111111111111 0.07269155206286837
1 0.6294444444444445 0.2573673870333988 0.04111111111111111 0.07465618860510805
1 0.6716666666666666 0.20333988212180745 0.027777777777777776 0.05304518664047151
1 0.6972222222222222 0.19842829076620824 0.023333333333333334 0.04715127701375245
1 0.68 0.17190569744597248 0.022222222222222223 0.04911591355599214
1 0.6605555555555556 0.1355599214145383 0.023333333333333334 0.043222003929273084
