1 0.10236886632825719 0.635204081632653 0.09306260575296108 0.10714285714285714
1 0.0338409475465313 0.6198979591836734 0.06091370558375634 0.14285714285714285
1 0.11082910321489 0.5395408163265306 0.049069373942470386 0.07397959183673469
1 0.09475465313028765 0.5012755102040816 0.047377326565143825 0.06887755102040816
1 0.14890016920473773 0.5191326530612245 0.0338409475465313 0.06887755102040816
1 0.18189509306260573 0.5191326530612245 0.028764805414551606 0.04846938775510204
1 0.23688663282571912 0.41326530612244894 0.06091370558375634 0.10714285714285714
1 0.35617597292724196 0.6836734693877551 0.10998307952622673 0.17857142857142855
1 0.34686971235194586 0.5599489795918366 0.05752961082910321 0.08928571428571427
1 0.305414551607445 0.5357142857142857 0.032148900169204735 0.04591836734693877
1 0.44247038917089676 0.649234693877551 0.0829103214890017 0.15051020408163265
1 0.5194585448392555 0.5586734693877551 0.07106598984771573 0.09183673469387754
1 0.5981387478849407 0.5382653061224489 0.052453468697123515 0.08163265306122448
1 0.7368866328257191 0.3839285714285714 0.06260575296108291 0.09438775510204081
1 0.7436548223350253 0.5765306122448979 0.07614213197969542 0.10714285714285714
1 0.7800338409475465 0.520408163265306 0.04399323181049069 0.07653061224489795
1 0.8663282571912013 0.6479591836734694 0.09137055837563451 0.16326530612244897
1 0.9526226734348562 0.5790816326530612 0.0676818950930626 0.11224489795918366
1 0.9712351945854484 0.6173469387755102 0.05414551607445008 0.12755102040816327
