1 0.05340264650283554 0.3688118811881188 0.031190926275992438 0.06435643564356436
1 0.2585066162570889 0.2896039603960396 0.021739130434782608 0.041254125412541254
1 0.28497164461247637 0.2590759075907591 0.021739130434782608 0.039603960396039604
1 0.30529300567107753 0.23597359735973597 0.01890359168241966 0.036303630363036306
1 0.31852551984877125 0.2524752475247525 0.022684310018903593 0.039603960396039604
1 0.3511342155009452 0.2722772277227723 0.023629489603024575 0.04620462046204621
1 0.3842155009451796 0.30280528052805283 0.027410207939508508 0.057755775577557754
1 0.3742911153119093 0.21534653465346534 0.017013232514177693 0.037953795379537955
1 0.39177693761814747 0.21617161716171618 0.017958412098298678 0.039603960396039604
1 0.42013232514177695 0.22937293729372937 0.021739130434782608 0.0429042904290429
1 0.4229678638941399 0.1905940594059406 0.017958412098298678 0.03135313531353135
1 0.41020793950850665 0.1740924092409241 0.015122873345935728 0.028052805280528052
1 0.4508506616257089 0.19306930693069307 0.017013232514177693 0.036303630363036306
1 0.44848771266540643 0.2268976897689769 0.019848771266540645 0.034653465346534656
1 0.4881852551984877 0.22442244224422442 0.021739130434782608 0.0429042904290429
1 0.4952741020793951 0.19636963696369636 0.017013232514177693 0.036303630363036306
1 0.4787334593572779 0.17244224422442245 0.014177693761814745 0.028052805280528052
1 0.4844045368620038 0.16006600660066006 0.01606805293005671 0.033003300330033
1 0.4706994328922495 0.15594059405940594 0.013232514177693762 0.024752475247524754
1 0.4565217391304348 0.15181518151815182 0.013232514177693762 0.026402640264026403
1 0.45982986767485823 0.17656765676567657 0.014177693761814745 0.026402640264026403
1 0.47542533081285443 0.19554455445544555 0.01890359168241966 0.028052805280528052
1 0.525992438563327 0.2103960396039604 0.019848771266540645 0.041254125412541254
1 0.5094517958412098 0.17491749174917492 0.015122873345935728 0.033003300330033
1 0.4914933837429112 0.1311881188118812 0.00945179584120983 0.02145214521452145
1 0.5255198487712666 0.1443894389438944 0.013232514177693762 0.03135313531353135
1 0.5359168241965974 0.132013201320132 0.013232514177693762 0.026402640264026403
1 0.5510396975425331 0.15016501650165018 0.017013232514177693 0.039603960396039604
1 0.4995274102079395 0.2821782178217822 0.02551984877126654 0.052805280528052806
1 0.5656899810964083 0.2896039603960396 0.027410207939508508 0.06105610561056106
1 0.5671077504725898 0.24504950495049505 0.022684310018903593 0.04785478547854786
1 0.5798676748582231 0.16996699669966997 0.014177693761814745 0.0429042904290429
1 0.5685255198487713 0.11386138613861387 0.014177693761814745 0.026402640264026403
1 0.5907372400756143 0.12623762376237624 0.015122873345935728 0.034653465346534656
1 0.6228733459357279 0.14356435643564355 0.01890359168241966 0.033003300330033
1 0.6058601134215501 0.09900990099009901 0.015122873345935728 0.0297029702970297
1 0.6247637051039697 0.11633663366336634 0.011342155009451797 0.02145214521452145
1 0.6214555765595463 0.09983498349834984 0.010396975425330813 0.02145214521452145
1 0.6455576559546314 0.12458745874587458 0.017013232514177693 0.03135313531353135
1 0.6564272211720227 0.10396039603960396 0.01228733459357278 0.026402640264026403
1 0.6866729678638942 0.1188118811881188 0.01606805293005671 0.033003300330033
1 0.6909262759924386 0.10643564356435643 0.013232514177693762 0.028052805280528052
1 0.6937618147448016 0.15346534653465346 0.01890359168241966 0.0429042904290429
1 0.6559546313799622 0.1716171617161716 0.01890359168241966 0.0429042904290429
1 0.6261814744801513 0.19801980198019803 0.021739130434782608 0.04950495049504951
1 0.6214555765595463 0.25742574257425743 0.02551984877126654 0.056105610561056105
1 0.6053875236294897 0.34075907590759075 0.029300567107750475 0.06765676567656766
1 0.670132325141777 0.349009900990099 0.034026465028355386 0.07095709570957096
1 0.724952741020794 0.2953795379537954 0.02835538752362949 0.0594059405940594
1 0.6668241965973535 0.2607260726072607 0.02551984877126654 0.04950495049504951
1 0.667296786389414 0.2103960396039604 0.020793950850661626 0.041254125412541254
1 0.7003780718336484 0.21699669966996699 0.022684310018903593 0.04785478547854786
1 0.7069943289224953 0.17574257425742573 0.01890359168241966 0.034653465346534656
1 0.7164461247637052 0.1419141914191419 0.017013232514177693 0.036303630363036306
1 0.7377126654064272 0.1254125412541254 0.014177693761814745 0.039603960396039604
1 0.7849716446124764 0.29372937293729373 0.027410207939508508 0.0627062706270627
1 0.7637051039697543 0.21699669966996699 0.02457466918714556 0.054455445544554455
1 0.747164461247637 0.17986798679867988 0.021739130434782608 0.04620462046204621
1 0.7646502835538752 0.15924092409240925 0.017013232514177693 0.03135313531353135
1 0.752835538752363 0.13696369636963696 0.01606805293005671 0.033003300330033
1 0.7726843100189036 0.1254125412541254 0.014177693761814745 0.033003300330033
1 0.7892249527410208 0.12623762376237624 0.015122873345935728 0.037953795379537955
1 0.80765595463138 0.13283828382838284 0.017958412098298678 0.03135313531353135
1 0.8194706994328923 0.12706270627062707 0.013232514177693762 0.026402640264026403
1 0.8147448015122873 0.1740924092409241 0.01890359168241966 0.037953795379537955
1 0.8293950850661626 0.17574257425742573 0.017958412098298678 0.034653465346534656
1 0.8525519848771267 0.18811881188118812 0.020793950850661626 0.0429042904290429
1 0.8445179584120983 0.14026402640264027 0.01228733459357278 0.033003300330033
1 0.8577504725897921 0.14933993399339934 0.017958412098298678 0.037953795379537955
1 0.8766540642722117 0.12623762376237624 0.014177693761814745 0.037953795379537955
1 0.8775992438563327 0.2070957095709571 0.01606805293005671 0.04785478547854786
1 0.8936672967863895 0.1905940594059406 0.017958412098298678 0.04455445544554455
1 0.9017013232514178 0.13613861386138615 0.01890359168241966 0.037953795379537955
1 0.9343100189035917 0.16254125412541254 0.01606805293005671 0.037953795379537955
1 0.9319470699432892 0.19801980198019803 0.022684310018903593 0.04620462046204621
1 0.9291115311909263 0.27887788778877887 0.02457466918714556 0.0627062706270627
1 0.8260869565217391 0.22772277227722773 0.022684310018903593 0.0429042904290429
