1 0.1275 0.66625 0.2016666666666667 0.3425
1 0.20500000000000002 0.48125 0.08 0.1225
1 0.43083333333333335 0.3025 0.08833333333333333 0.15
1 0.5125000000000001 0.50375 0.06166666666666667 0.1125
1 0.5558333333333334 0.4375 0.07166666666666667 0.11
1 0.6541666666666667 0.46875 0.06833333333333334 0.1575
1 0.7341666666666667 0.42625 0.06833333333333334 0.1375
1 0.7916666666666667 0.5025000000000001 0.08666666666666667 0.13
1 0.8833333333333334 0.43125 0.06333333333333334 0.1125
1 0.9483333333333334 0.465 0.08333333333333334 0.15
