1 0.42346938775510207 0.21336553945249598 0.01948051948051948 0.040257648953301126
1 0.8376623376623377 0.25684380032206117 0.01855287569573284 0.04669887278582931
1 0.6358998144712431 0.1392914653784219 0.015769944341372914 0.030595813204508857
1 0.6567717996289425 0.1473429951690821 0.014842300556586271 0.030595813204508857
1 0.661873840445269 0.12318840579710146 0.008348794063079777 0.024154589371980676
1 0.762987012987013 0.14251207729468598 0.012059369202226345 0.027375201288244767
1 0.7810760667903525 0.1497584541062802 0.012987012987012988 0.02576489533011272
1 0.8807977736549165 0.18840579710144928 0.013914656771799629 0.02576489533011272
1 0.9049165120593692 0.21980676328502416 0.0176252319109462 0.030595813204508857
1 0.9049165120593692 0.249597423510467 0.01948051948051948 0.04186795491143317
1 0.9318181818181819 0.2431561996779388 0.01948051948051948 0.04508856682769726
