1 0.49500000000000005 0.6133333333333333 0.07666666666666667 0.1111111111111111
1 0.64 0.5655555555555556 0.05 0.1
1 0.5916666666666667 0.5222222222222223 0.043333333333333335 0.06222222222222222
1 0.6375000000000001 0.4688888888888889 0.028333333333333335 0.035555555555555556
1 0.6791666666666667 0.4866666666666667 0.028333333333333335 0.04888888888888889
1 0.7016666666666667 0.47 0.02666666666666667 0.03777777777777778
1 0.7591666666666668 0.4911111111111111 0.03166666666666667 0.04
1 0.775 0.5566666666666666 0.04666666666666667 0.06888888888888889
1 0.8566666666666667 0.5255555555555556 0.043333333333333335 0.06444444444444444
1 0.8875000000000001 0.5 0.028333333333333335 0.044444444444444446
1 0.9208333333333334 0.48777777777777775 0.025 0.042222222222222223
1 0.5558333333333334 0.48 0.028333333333333335 0.04888888888888889
1 0.5583333333333333 0.45222222222222225 0.023333333333333334 0.03333333333333333
1 0.5341666666666667 0.45222222222222225 0.025 0.03777777777777778
1 0.4658333333333334 0.49333333333333335 0.03166666666666667 0.044444444444444446
1 0.46 0.4622222222222222 0.023333333333333334 0.035555555555555556
1 0.4866666666666667 0.4633333333333333 0.023333333333333334 0.03333333333333333
1 0.38083333333333336 0.4533333333333333 0.028333333333333335 0.04
1 0.4166666666666667 0.4577777777777778 0.013333333333333334 0.03111111111111111
1 0.3591666666666667 0.47333333333333333 0.028333333333333335 0.044444444444444446
1 0.32666666666666666 0.5 0.03666666666666667 0.06222222222222222
1 0.2575 0.5488888888888889 0.05166666666666667 0.08888888888888889
1 0.23333333333333334 0.49666666666666665 0.043333333333333335 0.051111111111111114
1 0.22083333333333335 0.45222222222222225 0.028333333333333335 0.03333333333333333
1 0.26083333333333336 0.43666666666666665 0.025 0.042222222222222223
1 0.2941666666666667 0.4666666666666667 0.025 0.044444444444444446
1 0.31333333333333335 0.3877777777777778 0.013333333333333334 0.028888888888888888
1 0.18250000000000002 0.43222222222222223 0.021666666666666667 0.03777777777777778
1 0.16416666666666668 0.43444444444444447 0.025 0.042222222222222223
1 0.13333333333333333 0.4588888888888889 0.03666666666666667 0.04666666666666667
1 0.15333333333333335 0.5188888888888888 0.043333333333333335 0.07777777777777778
1 0.07166666666666667 0.49333333333333335 0.04666666666666667 0.06222222222222222
1 0.08750000000000001 0.4477777777777778 0.028333333333333335 0.04666666666666667
1 0.06416666666666668 0.37222222222222223 0.025 0.028888888888888888
