1 0.8893129770992367 0.14161849710982657 0.009814612868047983 0.028901734104046242
1 0.920937840785169 0.15703275529865124 0.009814612868047983 0.025048169556840076
1 0.861504907306434 0.13391136801541426 0.010905125408942203 0.028901734104046242
1 0.8527808069792803 0.14836223506743737 0.010905125408942203 0.02697495183044316
1 0.8467829880043621 0.17052023121387283 0.016357688113413305 0.036608863198458574
1 0.9165757906215922 0.2119460500963391 0.014176663031624865 0.03468208092485549
1 0.9067611777535443 0.233140655105973 0.016357688113413305 0.038535645472061654
1 0.9100327153762269 0.27167630057803466 0.018538713195201745 0.05009633911368015
1 0.880588876772083 0.22447013487475914 0.014176663031624865 0.036608863198458574
1 0.8735005452562705 0.20134874759152216 0.013086150490730645 0.03275529865125241
1 0.8827699018538714 0.18208092485549132 0.014176663031624865 0.036608863198458574
1 0.8227917121046893 0.13583815028901733 0.011995637949836423 0.028901734104046242
1 0.806434023991276 0.1579961464354528 0.014176663031624865 0.030828516377649325
1 0.821155943293348 0.20616570327552985 0.019629225736095966 0.04238921001926782
1 0.8555070883315159 0.2466281310211946 0.020719738276990186 0.05394990366088632
1 0.8882224645583424 0.35934489402697495 0.03162486368593239 0.07514450867052024
1 0.8304252998909488 0.3044315992292871 0.025081788440567066 0.057803468208092484
1 0.7644492911668485 0.1252408477842004 0.013086150490730645 0.02697495183044316
1 0.7737186477644493 0.15703275529865124 0.014176663031624865 0.04046242774566474
1 0.78680479825518 0.2023121387283237 0.018538713195201745 0.04238921001926782
1 0.8047982551799346 0.24470134874759153 0.017448200654307525 0.046242774566473986
1 0.7786259541984734 0.2658959537572254 0.019629225736095966 0.057803468208092484
1 0.7584514721919302 0.33429672447013487 0.025081788440567066 0.07514450867052024
1 0.7753544165757906 0.3737957610789981 0.03271537622682661 0.07707129094412331
1 0.7497273718647764 0.21290944123314065 0.018538713195201745 0.04816955684007707
1 0.7219193020719739 0.197495183044316 0.019629225736095966 0.04816955684007707
1 0.7235550708833152 0.24277456647398843 0.022900763358778626 0.05394990366088632
1 0.7006543075245366 0.3159922928709056 0.025081788440567066 0.07321772639691715
1 0.7393675027262814 0.11849710982658959 0.013086150490730645 0.036608863198458574
1 0.6957470010905126 0.1001926782273603 0.010905125408942203 0.023121387283236993
1 0.6657579062159216 0.10789980732177264 0.009814612868047983 0.02697495183044316
1 0.6390403489640131 0.10115606936416185 0.010905125408942203 0.02119460500963391
1 0.6248636859323883 0.20134874759152216 0.015267175572519085 0.04046242774566474
1 0.6537622682660851 0.21965317919075145 0.016357688113413305 0.038535645472061654
1 0.69247546346783 0.22254335260115607 0.017448200654307525 0.04046242774566474
1 0.6537622682660851 0.17148362235067438 0.014176663031624865 0.03468208092485549
1 0.6892039258451472 0.1791907514450867 0.017448200654307525 0.038535645472061654
1 0.6046892039258451 0.2591522157996146 0.020719738276990186 0.04431599229287091
1 0.6014176663031625 0.3208092485549133 0.02944383860414395 0.055876685934489405
1 0.5605234460196292 0.30057803468208094 0.021810250817884406 0.05009633911368015
1 0.5234460196292258 0.28034682080924855 0.023991275899672846 0.04431599229287091
1 0.5534351145038168 0.2543352601156069 0.018538713195201745 0.038535645472061654
1 0.5872410032715376 0.16955684007707128 0.014176663031624865 0.03468208092485549
1 0.6003271537622683 0.15028901734104047 0.014176663031624865 0.030828516377649325
1 0.5550708833151582 0.11464354527938343 0.010905125408942203 0.025048169556840076
1 0.5616139585605234 0.128131021194605 0.010905125408942203 0.025048169556840076
1 0.5332606324972737 0.12138728323699421 0.010905125408942203 0.023121387283236993
1 0.5076335877862596 0.12716763005780346 0.011995637949836423 0.023121387283236993
1 0.5179934569247546 0.13583815028901733 0.013086150490730645 0.028901734104046242
1 0.5965103598691385 0.1001926782273603 0.010905125408942203 0.023121387283236993
1 0.5338058887677208 0.18015414258188825 0.014176663031624865 0.028901734104046242
1 0.5196292257360959 0.197495183044316 0.014176663031624865 0.04046242774566474
1 0.48364231188658674 0.1926782273603083 0.014176663031624865 0.03468208092485549
1 0.46455834242093785 0.18978805394990367 0.017448200654307525 0.036608863198458574
1 0.44165757906215924 0.22350674373795762 0.017448200654307525 0.046242774566473986
1 0.46292257360959654 0.22639691714836224 0.020719738276990186 0.04046242774566474
1 0.44329334787350055 0.18786127167630057 0.011995637949836423 0.03275529865125241
1 0.44383860414394766 0.15895953757225434 0.013086150490730645 0.028901734104046242
1 0.46455834242093785 0.1396917148362235 0.008724100327153763 0.02119460500963391
1 0.4787350054525627 0.15028901734104047 0.013086150490730645 0.02697495183044316
1 0.3925845147219193 0.2678227360308285 0.015267175572519085 0.03468208092485549
1 0.366412213740458 0.25626204238921 0.017448200654307525 0.04238921001926782
1 0.33969465648854963 0.24759152215799615 0.022900763358778626 0.05202312138728324
1 0.3658669574700109 0.1955684007707129 0.016357688113413305 0.025048169556840076
1 0.39803707742639044 0.19460500963391136 0.019629225736095966 0.02697495183044316
1 0.39476553980370777 0.22350674373795762 0.017448200654307525 0.03468208092485549
1 0.4089422028353326 0.16955684007707128 0.010905125408942203 0.02697495183044316
1 0.27535441657579063 0.25722543352601157 0.014176663031624865 0.03275529865125241
1 0.29225736095965105 0.2630057803468208 0.017448200654307525 0.036608863198458574
1 0.633587786259542 0.13680154142581888 0.010905125408942203 0.02697495183044316
