1 0.1840625 0.77875 0.130625 0.2025
1 0.1265625 0.6362500000000001 0.081875 0.11583333333333334
1 0.1315625 0.5416666666666667 0.07062500000000001 0.08833333333333333
1 0.07187500000000001 0.51875 0.04875 0.07916666666666668
1 0.06625 0.4866666666666667 0.045 0.060000000000000005
1 0.0315625 0.49000000000000005 0.034375 0.058333333333333334
1 0.013125 0.4204166666666667 0.0225 0.05583333333333334
1 0.11156250000000001 0.41500000000000004 0.033125 0.05
1 0.1225 0.4591666666666667 0.02875 0.04
1 0.138125 0.47375 0.03375 0.04916666666666667
1 0.16375 0.4995833333333334 0.04125 0.06583333333333334
1 0.2078125 0.5275000000000001 0.044375 0.07333333333333333
1 0.2696875 0.5466666666666667 0.053125 0.085
1 0.32 0.6070833333333334 0.07375 0.11416666666666668
1 0.246875 0.45958333333333334 0.0375 0.05583333333333334
1 0.206875 0.45375000000000004 0.0375 0.0575
1 0.204375 0.405 0.0325 0.043333333333333335
1 0.3003125 0.4741666666666667 0.034375 0.058333333333333334
1 0.32 0.46208333333333335 0.02875 0.050833333333333335
1 0.30375 0.43875000000000003 0.025 0.035833333333333335
1 0.293125 0.4091666666666667 0.035 0.05333333333333334
1 0.3878125 0.505 0.039375 0.07
1 0.45625 0.7383333333333334 0.11750000000000001 0.19166666666666668
1 0.5684375 0.5895833333333333 0.063125 0.11083333333333334
1 0.581875 0.5441666666666667 0.045 0.07666666666666667
1 0.4771875 0.49750000000000005 0.040625 0.07500000000000001
1 0.43093750000000003 0.5420833333333334 0.050625 0.0825
1 0.4246875 0.4758333333333334 0.033125 0.058333333333333334
1 0.51125 0.44875000000000004 0.02875 0.04583333333333334
1 0.504375 0.42583333333333334 0.03125 0.04
1 0.5678125 0.45375000000000004 0.030625 0.04916666666666667
1 0.601875 0.46708333333333335 0.03375 0.06583333333333334
1 0.6125 0.43625 0.02625 0.0475
1 0.651875 0.4766666666666667 0.03125 0.05333333333333334
1 0.654375 0.45083333333333336 0.03375 0.04
1 0.6950000000000001 0.4766666666666667 0.03625 0.06666666666666667
1 0.724375 0.445 0.02875 0.05
1 0.7596875000000001 0.5008333333333334 0.040625 0.07833333333333334
1 0.7190625 0.5700000000000001 0.063125 0.11166666666666668
1 0.7075 0.6933333333333334 0.08875 0.15666666666666668
1 0.8809375 0.6504166666666668 0.100625 0.15916666666666668
1 0.855625 0.5270833333333333 0.05 0.07416666666666667
1 0.8478125 0.46 0.039375 0.06666666666666667
1 0.8175 0.4625 0.03125 0.05333333333333334
1 0.9328125 0.49375 0.034375 0.0575
1 0.9728125 0.5554166666666667 0.054375 0.09916666666666667
1 0.9759375 0.48875 0.048125 0.07583333333333334
