1 0.27928772258669166 0.39965986394557823 0.04873477038425492 0.12244897959183673
1 0.3641049671977507 0.5178571428571428 0.06091846298031865 0.13435374149659862
1 0.36223055295220247 0.20153061224489796 0.023430178069353328 0.05612244897959184
1 0.41705716963448924 0.20153061224489796 0.013120899718837863 0.03231292517006803
1 0.43908153701968133 0.2032312925170068 0.015932521087160263 0.03571428571428571
1 0.44892221180880976 0.22959183673469388 0.016869728209934397 0.04421768707482993
1 0.47141518275538896 0.22448979591836735 0.018744142455482664 0.04421768707482993
1 0.5801312089971884 0.24829931972789115 0.016869728209934397 0.04421768707482993
1 0.6227741330834115 0.2423469387755102 0.02155576382380506 0.05612244897959184
1 0.5735707591377694 0.1173469387755102 0.011246485473289597 0.027210884353741496
1 0.6012183692596064 0.10884353741496598 0.010309278350515464 0.023809523809523808
1 0.6302717900656045 0.12414965986394558 0.010309278350515464 0.023809523809523808
