1 0.0556640625 0.6953125 0.060546875 0.09635416666666666
1 0.0224609375 0.7233072916666666 0.04296875 0.09505208333333333
1 0.03271484375 0.6471354166666666 0.0576171875 0.07291666666666666
1 0.42919921875 0.6432291666666666 0.0634765625 0.09114583333333333
1 0.53369140625 0.44205729166666663 0.0673828125 0.09765625
1 0.48876953125 0.6901041666666666 0.0517578125 0.09375
1 0.52734375 0.7122395833333333 0.064453125 0.09114583333333333
1 0.5732421875 0.7545572916666666 0.087890625 0.11588541666666666
1 0.6396484375 0.6881510416666666 0.064453125 0.09505208333333333
1 0.58837890625 0.65625 0.0576171875 0.08072916666666666
1 0.7373046875 0.7903645833333333 0.119140625 0.15885416666666666
1 0.76611328125 0.6881510416666666 0.0634765625 0.10807291666666666
1 0.837890625 0.755859375 0.083984375 0.15234375
1 0.939453125 0.650390625 0.05859375 0.09244791666666666
1 0.95556640625 0.8958333333333333 0.0888671875 0.19270833333333331
