1 0.1992811501597444 0.34309623430962344 0.037539936102236424 0.07531380753138076
1 0.21884984025559104 0.2510460251046025 0.023961661341853034 0.04741980474198047
1 0.2523961661341853 0.21269177126917713 0.020766773162939296 0.03765690376569038
1 0.26118210862619806 0.2545327754532775 0.023961661341853034 0.048814504881450484
1 0.28194888178913735 0.24476987447698745 0.022364217252396165 0.046025104602510455
1 0.33626198083067094 0.25592747559274753 0.02875399361022364 0.05160390516039051
1 0.3310702875399361 0.22594142259414224 0.02476038338658147 0.04184100418410042
1 0.3246805111821086 0.301952580195258 0.031150159744408944 0.048814504881450484
1 0.34185303514376997 0.38563458856345884 0.051118210862619806 0.08786610878661087
1 0.35383386581469645 0.4372384937238494 0.04952076677316294 0.08507670850767085
1 0.45527156549520764 0.5655509065550907 0.07987220447284345 0.12691771269177127
1 0.43250798722044725 0.23849372384937237 0.027955271565495207 0.06694560669456066
1 0.4197284345047923 0.20292887029288703 0.02156549520766773 0.05439330543933054
