1 0.156 0.4747191011235955 0.088 0.14606741573033707
1 0.038 0.39185393258426965 0.052000000000000005 0.08707865168539325
1 0.073 0.3946629213483146 0.042 0.08146067415730338
1 0.10400000000000001 0.4101123595505618 0.028 0.0449438202247191
1 0.1 0.37640449438202245 0.024 0.03932584269662921
1 0.20600000000000002 0.5042134831460674 0.06 0.1151685393258427
1 0.25 0.4985955056179775 0.052000000000000005 0.08146067415730338
1 0.306 0.4901685393258427 0.044 0.0646067415730337
1 0.403 0.48174157303370785 0.034 0.05898876404494382
1 0.257 0.4002808988764045 0.022 0.03651685393258427
1 0.195 0.3890449438202247 0.022 0.03089887640449438
1 0.17200000000000001 0.38623595505617975 0.024 0.03089887640449438
1 0.267 0.44662921348314605 0.03 0.0449438202247191
1 0.34400000000000003 0.4845505617977528 0.04 0.05337078651685393
1 0.359 0.45224719101123595 0.034 0.03932584269662921
1 0.341 0.40308988764044945 0.03 0.042134831460674156
1 0.31 0.41713483146067415 0.024 0.03089887640449438
1 0.301 0.3890449438202247 0.022 0.03651685393258427
1 0.395 0.425561797752809 0.022 0.03089887640449438
1 0.40800000000000003 0.40308988764044945 0.024 0.03651685393258427
1 0.451 0.4691011235955056 0.03 0.03932584269662921
1 0.428 0.4438202247191011 0.024 0.033707865168539325
1 0.461 0.4438202247191011 0.022 0.028089887640449437
1 0.47500000000000003 0.42696629213483145 0.022 0.03932584269662921
1 0.454 0.4185393258426966 0.016 0.02247191011235955
1 0.494 0.49157303370786515 0.044 0.05056179775280899
1 0.492 0.5365168539325843 0.06 0.056179775280898875
1 0.516 0.5617977528089888 0.08 0.06179775280898876
1 0.546 0.6278089887640449 0.108 0.13202247191011235
1 0.5740000000000001 0.5463483146067416 0.04 0.05898876404494382
1 0.527 0.4592696629213483 0.03 0.042134831460674156
1 0.538 0.43117977528089885 0.028 0.03651685393258427
1 0.498 0.44241573033707865 0.02 0.03089887640449438
1 0.5750000000000001 0.4648876404494382 0.03 0.042134831460674156
1 0.616 0.48174157303370785 0.032 0.05337078651685393
1 0.634 0.449438202247191 0.024 0.03932584269662921
1 0.606 0.4536516853932584 0.024 0.042134831460674156
1 0.648 0.5126404494382022 0.036000000000000004 0.047752808988764044
1 0.685 0.49157303370786515 0.042 0.07303370786516854
1 0.733 0.5337078651685393 0.062 0.07303370786516854
1 0.6930000000000001 0.4550561797752809 0.034 0.05056179775280899
1 0.838 0.5646067415730337 0.084 0.0898876404494382
1 0.919 0.5561797752808989 0.094 0.1292134831460674
