1 0.23256880733944957 0.37681159420289856 0.05229357798165138 0.09339774557165861
1 0.5467889908256881 0.30112721417069244 0.025688073394495414 0.0644122383252818
1 0.558256880733945 0.19001610305958133 0.015596330275229359 0.03864734299516908
1 0.6344036697247707 0.1972624798711755 0.01743119266055046 0.040257648953301126
1 0.6788990825688074 0.20853462157809985 0.02018348623853211 0.040257648953301126
1 0.6729357798165138 0.1956521739130435 0.013761467889908258 0.030595813204508857
1 0.7155963302752294 0.20531400966183574 0.01651376146788991 0.033816425120772944
1 0.6738532110091744 0.2528180354267311 0.022935779816513763 0.04830917874396135
1 0.676605504587156 0.30998389694041867 0.026605504587155965 0.06602254428341385
1 0.7334862385321101 0.2689210950080515 0.02110091743119266 0.04508856682769726
1 0.748165137614679 0.21256038647342995 0.01743119266055046 0.03542673107890499
1 0.7733944954128441 0.23993558776167473 0.02018348623853211 0.04830917874396135
1 0.8353211009174313 0.3687600644122383 0.026605504587155965 0.06763285024154589
1 0.9041284403669725 0.4170692431561997 0.028440366972477066 0.07407407407407407
