1 0.16666666666666669 0.588268156424581 0.06833333333333334 0.09050279329608937
1 0.12291666666666667 0.4994413407821229 0.035833333333333335 0.042458100558659215
1 0.04791666666666667 0.49999999999999994 0.030833333333333334 0.034636871508379886
1 0.059583333333333335 0.4715083798882681 0.03416666666666667 0.03798882681564245
1 0.03125 0.5335195530726257 0.04416666666666667 0.05698324022346368
1 0.19666666666666668 0.5251396648044693 0.05333333333333334 0.05139664804469273
1 0.18875 0.4793296089385474 0.0275 0.042458100558659215
1 0.22541666666666668 0.4832402234636871 0.0425 0.05251396648044692
1 0.26875000000000004 0.47486033519553067 0.025833333333333337 0.042458100558659215
1 0.2916666666666667 0.4949720670391061 0.02666666666666667 0.0335195530726257
1 0.3129166666666667 0.4737430167597765 0.025833333333333337 0.029050279329608936
1 0.3504166666666667 0.5044692737430168 0.03916666666666667 0.041340782122905026
1 0.3516666666666667 0.4692737430167597 0.03166666666666667 0.0335195530726257
1 0.39458333333333334 0.4804469273743016 0.022500000000000003 0.0335195530726257
1 0.41750000000000004 0.488268156424581 0.04 0.05139664804469273
1 0.45833333333333337 0.48100558659217874 0.030000000000000002 0.05251396648044692
1 0.4970833333333334 0.46703910614525135 0.03416666666666667 0.03798882681564245
1 0.49541666666666667 0.5139664804469273 0.04416666666666667 0.055865921787709494
1 0.4429166666666667 0.6435754189944134 0.08750000000000001 0.09608938547486033
1 0.3016666666666667 0.5770949720670391 0.060000000000000005 0.07039106145251396
1 0.5941666666666667 0.6363128491620111 0.07166666666666667 0.08603351955307262
1 0.5704166666666667 0.5217877094972067 0.04583333333333334 0.06033519553072625
1 0.5533333333333333 0.48994413407821225 0.03166666666666667 0.03910614525139664
1 0.6004166666666667 0.48603351955307256 0.030833333333333334 0.042458100558659215
1 0.685 0.4865921787709497 0.04 0.054748603351955305
1 0.6929166666666667 0.5608938547486033 0.0575 0.0759776536312849
1 0.7670833333333333 0.48268156424581 0.037500000000000006 0.049162011173184354
1 0.8208333333333334 0.5111731843575419 0.05 0.08156424581005586
1 0.87375 0.5217877094972067 0.04416666666666667 0.0670391061452514
1 0.8754166666666667 0.49385474860335193 0.04083333333333333 0.049162011173184354
