1 0.185501066098081 0.4686311787072243 0.046908315565031986 0.0817490494296578
1 0.36353944562899787 0.2813688212927757 0.0255863539445629 0.057034220532319393
1 0.39125799573560766 0.3279467680608365 0.03411513859275053 0.0779467680608365
1 0.26865671641791045 0.2214828897338403 0.017057569296375266 0.028517110266159697
1 0.34381663113006394 0.18916349809885932 0.013859275053304903 0.03231939163498099
1 0.3656716417910448 0.18916349809885932 0.014925373134328358 0.028517110266159697
1 0.3656716417910448 0.21958174904942965 0.017057569296375266 0.024714828897338403
1 0.3422174840085288 0.23954372623574144 0.021321961620469083 0.034220532319391636
1 0.4088486140724947 0.20627376425855512 0.015991471215351813 0.028517110266159697
1 0.39445628997867804 0.18916349809885932 0.01279317697228145 0.024714828897338403
1 0.3805970149253731 0.18536121673003803 0.01279317697228145 0.024714828897338403
1 0.44402985074626866 0.21958174904942965 0.015991471215351813 0.03612167300380228
1 0.4152452025586354 0.25950570342205326 0.02025586353944563 0.039923954372623575
1 0.47228144989339016 0.21007604562737642 0.023454157782515993 0.039923954372623575
1 0.4408315565031983 0.17395437262357413 0.013859275053304903 0.03231939163498099
1 0.43869936034115137 0.14163498098859315 0.013859275053304903 0.028517110266159697
1 0.4728144989339019 0.17015209125475286 0.015991471215351813 0.02091254752851711
1 0.5101279317697228 0.18250950570342206 0.01812366737739872 0.03802281368821293
1 0.5431769722814499 0.19391634980988592 0.01812366737739872 0.04182509505703422
1 0.5186567164179104 0.16634980988593157 0.01812366737739872 0.03612167300380228
1 0.5069296375266524 0.13498098859315588 0.013859275053304903 0.030418250950570342
1 0.5207889125799573 0.12737642585551331 0.013859275053304903 0.026615969581749048
1 0.47814498933901917 0.14923954372623574 0.01812366737739872 0.02091254752851711
1 0.5357142857142857 0.1359315589353612 0.013859275053304903 0.028517110266159697
1 0.5794243070362474 0.16920152091254753 0.015991471215351813 0.034220532319391636
1 0.6098081023454157 0.11692015209125475 0.019189765458422173 0.03612167300380228
1 0.587953091684435 0.12262357414448669 0.011727078891257996 0.028517110266159697
1 0.6508528784648188 0.11977186311787072 0.015991471215351813 0.030418250950570342
1 0.664179104477612 0.10266159695817491 0.017057569296375266 0.030418250950570342
1 0.6716417910447761 0.13022813688212928 0.01279317697228145 0.03231939163498099
1 0.6897654584221748 0.10931558935361217 0.014925373134328358 0.03612167300380228
1 0.714818763326226 0.12072243346007605 0.013859275053304903 0.024714828897338403
1 0.5970149253731343 0.24714828897338403 0.019189765458422173 0.04182509505703422
1 0.6284648187633262 0.25285171102661597 0.022388059701492536 0.049429657794676805
1 0.7222814498933902 0.2423954372623574 0.02025586353944563 0.03612167300380228
1 0.6673773987206822 0.3041825095057034 0.021321961620469083 0.03802281368821293
1 0.6705756929637526 0.1796577946768061 0.019189765458422173 0.03231939163498099
1 0.7638592750533049 0.35076045627376423 0.024520255863539446 0.06273764258555133
1 0.7878464818763327 0.32509505703422054 0.021321961620469083 0.060836501901140684
1 0.7601279317697228 0.28612167300380226 0.023454157782515993 0.06273764258555133
1 0.773454157782516 0.27566539923954375 0.02025586353944563 0.053231939163498096
1 0.7707889125799573 0.20247148288973385 0.017057569296375266 0.03612167300380228
1 0.7414712153518124 0.1958174904942966 0.013859275053304903 0.026615969581749048
1 0.7622601279317697 0.1806083650190114 0.01279317697228145 0.022813688212927757
1 0.7452025586353944 0.15304182509505704 0.017057569296375266 0.02091254752851711
1 0.7201492537313433 0.16539923954372623 0.01812366737739872 0.022813688212927757
1 0.7563965884861407 0.13688212927756654 0.013859275053304903 0.022813688212927757
1 0.7787846481876333 0.15494296577946767 0.011727078891257996 0.024714828897338403
1 0.7979744136460554 0.15779467680608364 0.013859275053304903 0.030418250950570342
1 0.812366737739872 0.1482889733840304 0.01279317697228145 0.030418250950570342
1 0.8049040511727079 0.12452471482889733 0.01279317697228145 0.024714828897338403
1 0.8256929637526652 0.13307984790874525 0.011727078891257996 0.026615969581749048
1 0.8395522388059702 0.1520912547528517 0.011727078891257996 0.030418250950570342
1 0.8544776119402985 0.15019011406844107 0.011727078891257996 0.030418250950570342
1 0.829957356076759 0.18536121673003803 0.013859275053304903 0.028517110266159697
1 0.8528784648187633 0.22718631178707224 0.017057569296375266 0.039923954372623575
1 0.8464818763326226 0.20532319391634982 0.01279317697228145 0.030418250950570342
1 0.8576759061833689 0.18726235741444866 0.011727078891257996 0.028517110266159697
1 0.8742004264392323 0.1644486692015209 0.014925373134328358 0.03612167300380228
1 0.8848614072494669 0.1444866920152091 0.014925373134328358 0.034220532319391636
1 0.9104477611940298 0.15019011406844107 0.014925373134328358 0.034220532319391636
1 0.8374200426439232 0.3593155893536122 0.026652452025586353 0.045627376425855515
1 0.908315565031983 0.3916349809885932 0.023454157782515993 0.049429657794676805
1 0.9093816631130064 0.3212927756653992 0.021321961620469083 0.045627376425855515
1 0.8837953091684435 0.25665399239543724 0.023454157782515993 0.049429657794676805
1 0.935501066098081 0.2870722433460076 0.022388059701492536 0.049429657794676805
1 0.9312366737739872 0.24429657794676807 0.015991471215351813 0.028517110266159697
1 0.900319829424307 0.20247148288973385 0.013859275053304903 0.024714828897338403
1 0.8923240938166311 0.22813688212927757 0.019189765458422173 0.03802281368821293
1 0.9525586353944563 0.20437262357414449 0.013859275053304903 0.03231939163498099
1 0.9424307036247335 0.19296577946768062 0.010660980810234541 0.028517110266159697
1 0.953091684434968 0.17110266159695817 0.01279317697228145 0.026615969581749048
