1 0.903960396039604 0.17688266199649738 0.013861386138613862 0.03152364273204904
1 0.9212871287128713 0.19001751313485113 0.01089108910891089 0.03327495621716287
1 0.9400990099009902 0.2040280210157618 0.012871287128712872 0.03327495621716287
1 0.9242574257425743 0.24518388791593695 0.01485148514851485 0.04203152364273205
1 0.8876237623762376 0.22854640980735552 0.01485148514851485 0.03327495621716287
1 0.8737623762376238 0.1584938704028021 0.012871287128712872 0.03327495621716287
1 0.844059405940594 0.15499124343257442 0.01485148514851485 0.0297723292469352
1 0.8608910891089109 0.19964973730297725 0.012871287128712872 0.03502626970227671
1 0.8311881188118811 0.1786339754816112 0.012871287128712872 0.03152364273204904
1 0.8415841584158416 0.20577933450087565 0.013861386138613862 0.03677758318739054
1 0.8400990099009901 0.23905429071803852 0.016831683168316833 0.043782837127845885
1 0.8633663366336634 0.28721541155866903 0.019801980198019802 0.04903677758318739
1 0.9267326732673268 0.2968476357267951 0.015841584158415842 0.0542907180385289
1 0.907920792079208 0.35376532399299476 0.019801980198019802 0.06654991243432574
1 0.8356435643564356 0.3117338003502627 0.02178217821782178 0.05604203152364273
1 0.804950495049505 0.30385288966725044 0.019801980198019802 0.06129597197898424
1 0.7435643564356436 0.26882661996497376 0.019801980198019802 0.05779334500875657
1 0.7594059405940594 0.276707530647986 0.015841584158415842 0.04553415061295972
1 0.7777227722772277 0.2171628721541156 0.01485148514851485 0.04203152364273205
1 0.7846534653465347 0.16024518388791595 0.01089108910891089 0.03677758318739054
1 0.807920792079208 0.10245183887915937 0.011881188118811881 0.02626970227670753
1 0.7712871287128713 0.0840630472854641 0.011881188118811881 0.028021015761821366
1 0.7425742574257426 0.07267950963222417 0.009900990099009901 0.0297723292469352
1 0.7336633663366336 0.14535901926444833 0.011881188118811881 0.03152364273204904
1 0.7504950495049505 0.14098073555166374 0.011881188118811881 0.03327495621716287
1 0.745049504950495 0.2084063047285464 0.01485148514851485 0.04203152364273205
1 0.7148514851485148 0.23555166374781086 0.017821782178217824 0.050788091068301226
1 0.697029702970297 0.17425569176882663 0.015841584158415842 0.03677758318739054
1 0.5707920792079207 0.29159369527145357 0.02277227722772277 0.050788091068301226
1 0.6366336633663366 0.24430823117338005 0.017821782178217824 0.043782837127845885
1 0.6688118811881189 0.27845884413309985 0.02277227722772277 0.04903677758318739
1 0.6564356435643565 0.20140105078809106 0.015841584158415842 0.03502626970227671
1 0.6435643564356436 0.21628721541155868 0.017821782178217824 0.040280210157618214
1 0.5623762376237624 0.24956217162872155 0.02178217821782178 0.047285464098073555
1 0.4975247524752475 0.2119089316987741 0.016831683168316833 0.03852889667250438
1 0.5069306930693069 0.18826619964973731 0.013861386138613862 0.03677758318739054
1 0.5257425742574258 0.19702276707530647 0.017821782178217824 0.03327495621716287
1 0.5351485148514852 0.17075306479859895 0.01089108910891089 0.0297723292469352
1 0.4772277227722772 0.17425569176882663 0.015841584158415842 0.03327495621716287
1 0.40792079207920795 0.28721541155866903 0.019801980198019802 0.04553415061295972
1 0.403960396039604 0.2416812609457093 0.019801980198019802 0.04903677758318739
1 0.3400990099009901 0.2539404553415061 0.016831683168316833 0.03852889667250438
1 0.3405940594059406 0.20577933450087565 0.011881188118811881 0.02626970227670753
1 0.3688118811881188 0.12697022767075306 0.01089108910891089 0.0297723292469352
1 0.3900990099009901 0.1987740805604203 0.013861386138613862 0.03327495621716287
1 0.40643564356435646 0.1733800350262697 0.012871287128712872 0.03152364273204904
1 0.4207920792079208 0.15148861646234676 0.009900990099009901 0.02626970227670753
1 0.43613861386138614 0.18563922942206657 0.012871287128712872 0.03152364273204904
1 0.43712871287128713 0.22591943957968477 0.016831683168316833 0.04903677758318739
1 0.2717821782178218 0.22591943957968477 0.01485148514851485 0.03152364273204904
1 0.4648514851485149 0.0840630472854641 0.01089108910891089 0.028021015761821366
1 0.4603960396039604 0.14185639229422067 0.011881188118811881 0.024518388791593695
1 0.48217821782178216 0.14535901926444833 0.011881188118811881 0.024518388791593695
1 0.5099009900990099 0.07443082311733801 0.009900990099009901 0.02276707530647986
1 0.5272277227722773 0.12609457092819615 0.008910891089108912 0.024518388791593695
1 0.5366336633663367 0.138353765323993 0.009900990099009901 0.024518388791593695
1 0.5113861386138614 0.13047285464098074 0.008910891089108912 0.01926444833625219
1 0.5163366336633664 0.14010507880910683 0.01089108910891089 0.024518388791593695
1 0.5712871287128712 0.1339754816112084 0.011881188118811881 0.02626970227670753
1 0.593069306930693 0.05866900175131348 0.007920792079207921 0.02626970227670753
1 0.5881188118811881 0.1234676007005254 0.009900990099009901 0.02276707530647986
1 0.6074257425742574 0.11208406304728546 0.01089108910891089 0.024518388791593695
1 0.6089108910891089 0.16549912434325745 0.013861386138613862 0.0297723292469352
1 0.6153465346534653 0.13922942206654992 0.01089108910891089 0.0297723292469352
1 0.6252475247524752 0.11033274956217162 0.008910891089108912 0.024518388791593695
1 0.6257425742574257 0.12171628721541156 0.011881188118811881 0.02626970227670753
1 0.6495049504950495 0.11295971978984239 0.011881188118811881 0.02626970227670753
1 0.6762376237623763 0.11208406304728546 0.009900990099009901 0.024518388791593695
1 0.6767326732673268 0.12609457092819615 0.01089108910891089 0.024518388791593695
1 0.2321782178217822 0.3450087565674256 0.040594059405940595 0.0840630472854641
