1 0.09114315139031925 0.2486238532110092 0.01544799176107106 0.04220183486238532
1 0.11483007209062822 0.24495412844036699 0.013388259526261586 0.027522935779816515
1 0.1678681771369722 0.25779816513761467 0.02265705458290422 0.045871559633027525
1 0.21627188465499483 0.22752293577981653 0.02059732234809475 0.044036697247706424
1 0.27960865087538617 0.20733944954128442 0.017507723995880534 0.03669724770642202
1 0.2615859938208033 0.3880733944954129 0.03913491246138002 0.09357798165137615
1 0.34757981462409887 0.23761467889908258 0.03604531410916581 0.06422018348623854
1 0.40319258496395466 0.10458715596330276 0.013388259526261586 0.029357798165137616
1 0.4351184346035015 0.0963302752293578 0.007209062821833161 0.02018348623853211
1 0.44644696189495364 0.1724770642201835 0.01544799176107106 0.03302752293577982
1 0.4629248197734294 0.17522935779816515 0.02368692070030896 0.060550458715596334
1 0.5102986611740473 0.0908256880733945 0.01132852729145211 0.03486238532110092
1 0.5211122554067971 0.07155963302752294 0.008238928939237899 0.022018348623853212
1 0.5499485066941298 0.07064220183486239 0.010298661174047374 0.023853211009174313
1 0.5762100926879505 0.08440366972477065 0.01132852729145211 0.025688073394495414
1 0.5875386199794027 0.07155963302752294 0.009268795056642637 0.022018348623853212
1 0.6483007209062822 0.06880733944954129 0.01132852729145211 0.023853211009174313
1 0.625643666323378 0.2036697247706422 0.025746652935118432 0.044036697247706424
1 0.6627188465499485 0.16055045871559634 0.01956745623069001 0.045871559633027525
1 0.6874356333676622 0.15045871559633028 0.021627188465499485 0.05137614678899083
1 0.6894953656024717 0.08073394495412844 0.01132852729145211 0.022018348623853212
1 0.768280123583934 0.14311926605504588 0.018537590113285273 0.04036697247706422
1 0.7868177136972193 0.12477064220183487 0.012358393408856848 0.03669724770642202
1 0.8084449021627188 0.0963302752293578 0.012358393408856848 0.027522935779816515
1 0.8465499485066941 0.15137614678899083 0.014418125643666322 0.04220183486238532
1 0.8697219361483007 0.14954128440366973 0.013388259526261586 0.03853211009174312
1 0.9073120494335736 0.18256880733944955 0.012358393408856848 0.031192660550458717
1 0.9057672502574665 0.21284403669724772 0.01956745623069001 0.044036697247706424
1 0.9320288362512873 0.16972477064220184 0.010298661174047374 0.027522935779816515
1 0.9376930998970133 0.18440366972477065 0.01132852729145211 0.03486238532110092
1 0.7100926879505663 0.0926605504587156 0.01132852729145211 0.027522935779816515
1 0.7348094747682801 0.07339449541284404 0.01132852729145211 0.029357798165137616
1 0.6446961894953656 0.0779816513761468 0.010298661174047374 0.02018348623853211
1 0.6112255406797116 0.10366972477064221 0.009268795056642637 0.02018348623853211
