1 0.1799043062200957 0.4748700173310225 0.04784688995215311 0.08665511265164644
1 0.34497607655502394 0.22963604852686306 0.02200956937799043 0.04679376083188908
1 0.3712918660287081 0.23656845753899478 0.021052631578947368 0.04332755632582322
1 0.423444976076555 0.1949740034662045 0.01818181818181818 0.03986135181975736
1 0.4301435406698565 0.2564991334488735 0.02583732057416268 0.05545927209705372
1 0.4516746411483254 0.20017331022530327 0.019138755980861243 0.036395147313691506
1 0.45311004784688996 0.1603119584055459 0.01818181818181818 0.036395147313691506
1 0.47129186602870815 0.17244367417677642 0.01818181818181818 0.03292894280762565
1 0.49234449760765553 0.1629116117850953 0.016267942583732056 0.02772963604852686
1 0.46842105263157896 0.12391681109185441 0.016267942583732056 0.022530329289428074
1 0.49138755980861243 0.11351819757365685 0.016267942583732056 0.02946273830155979
1 0.5349282296650718 0.10745233968804159 0.01722488038277512 0.031195840554592718
1 0.5698564593301435 0.10831889081455805 0.014354066985645933 0.03292894280762565
1 0.5818181818181818 0.12738301559792026 0.019138755980861243 0.03292894280762565
1 0.5330143540669856 0.20970537261698438 0.028708133971291867 0.062391681109185436
1 0.48660287081339715 0.3067590987868284 0.031578947368421054 0.06932409012131716
1 0.6708133971291866 0.23050259965337955 0.022966507177033493 0.05199306759098787
1 0.7363636363636363 0.2564991334488735 0.02583732057416268 0.05545927209705372
1 0.785645933014354 0.2634315424610052 0.024880382775119617 0.05892547660311958
1 0.8904306220095694 0.18890814558058924 0.01818181818181818 0.04506065857885615
1 0.8210526315789474 0.14818024263431542 0.019138755980861243 0.03986135181975736
1 0.8177033492822967 0.0996533795493934 0.014354066985645933 0.03292894280762565
1 0.7645933014354067 0.08578856152512998 0.01722488038277512 0.03986135181975736
1 0.7507177033492823 0.10311958405545926 0.014354066985645933 0.03292894280762565
1 0.7272727272727273 0.13258232235701906 0.01722488038277512 0.03292894280762565
1 0.7043062200956938 0.11525129982668977 0.021052631578947368 0.05025996533795494
1 0.7191387559808613 0.1169844020797227 0.01818181818181818 0.036395147313691506
