1 0.15903465346534654 0.6444444444444445 0.09777227722772278 0.15555555555555556
1 0.28527227722772275 0.4777777777777778 0.06064356435643564 0.09523809523809523
1 0.43873762376237624 0.5880952380952381 0.10767326732673267 0.14761904761904762
1 0.786509900990099 0.7087301587301588 0.17698019801980197 0.21428571428571427
1 0.6732673267326733 0.4865079365079365 0.07673267326732673 0.10317460317460317
1 0.8595297029702971 0.4126984126984127 0.0853960396039604 0.11746031746031746
1 0.8131188118811882 0.38492063492063494 0.04702970297029703 0.06825396825396825
1 0.7821782178217822 0.35714285714285715 0.03712871287128713 0.050793650793650794
1 0.7153465346534653 0.3753968253968254 0.04455445544554455 0.049206349206349205
1 0.6627475247524752 0.3865079365079365 0.04331683168316832 0.06190476190476191
1 0.6429455445544554 0.44126984126984126 0.04579207920792079 0.06666666666666667
1 0.6132425742574258 0.44047619047619047 0.03589108910891089 0.05873015873015873
1 0.6051980198019802 0.4 0.034653465346534656 0.050793650793650794
1 0.5358910891089109 0.43253968253968256 0.05198019801980198 0.07777777777777778
1 0.5068069306930694 0.4238095238095238 0.03341584158415842 0.06349206349206349
1 0.3917079207920792 0.44603174603174606 0.04579207920792079 0.05714285714285714
1 0.41150990099009904 0.4119047619047619 0.038366336633663366 0.049206349206349205
1 0.4808168316831683 0.4015873015873016 0.02599009900990099 0.047619047619047616
1 0.34282178217821785 0.42857142857142855 0.039603960396039604 0.06031746031746032
1 0.2933168316831683 0.39126984126984127 0.0297029702970297 0.03333333333333333
1 0.2530940594059406 0.4246031746031746 0.038366336633663366 0.03968253968253968
1 0.2073019801980198 0.41349206349206347 0.03589108910891089 0.03968253968253968
1 0.1547029702970297 0.41904761904761906 0.03712871287128713 0.047619047619047616
1 0.07611386138613861 0.4380952380952381 0.038366336633663366 0.050793650793650794
1 0.12004950495049505 0.4015873015873016 0.022277227722772276 0.031746031746031744
1 0.0983910891089109 0.39285714285714285 0.02103960396039604 0.026984126984126985
1 0.06188118811881188 0.4103174603174603 0.024752475247524754 0.023809523809523808
1 0.04888613861386139 0.40555555555555556 0.02103960396039604 0.023809523809523808
1 0.17945544554455445 0.3880952380952381 0.022277227722772276 0.026984126984126985
1 0.31992574257425743 0.38571428571428573 0.023514851485148515 0.031746031746031744
1 0.35396039603960394 0.38492063492063494 0.027227722772277228 0.04285714285714286
1 0.40903465346534656 0.36666666666666664 0.02599009900990099 0.0380952380952381
1 0.3811881188118812 0.3595238095238095 0.017326732673267328 0.026984126984126985
1 0.3694306930693069 0.36904761904761907 0.018564356435643563 0.03015873015873016
1 0.45853960396039606 0.3634920634920635 0.023514851485148515 0.031746031746031744
1 0.1379950495049505 0.3888888888888889 0.01608910891089109 0.022222222222222223
1 0.15717821782178218 0.38492063492063494 0.017326732673267328 0.023809523809523808
1 0.14170792079207922 0.3103174603174603 0.01608910891089109 0.020634920634920634
1 0.24195544554455445 0.3880952380952381 0.02103960396039604 0.03015873015873016
1 0.2301980198019802 0.37857142857142856 0.019801980198019802 0.023809523809523808
1 0.2592821782178218 0.37857142857142856 0.02103960396039604 0.03015873015873016
1 0.2908415841584158 0.37142857142857144 0.017326732673267328 0.02857142857142857
1 0.3063118811881188 0.3682539682539683 0.013613861386138614 0.022222222222222223
1 0.33353960396039606 0.36904761904761907 0.013613861386138614 0.023809523809523808
1 0.45853960396039606 0.3484126984126984 0.023514851485148515 0.023809523809523808
1 0.4870049504950495 0.3412698412698413 0.02103960396039604 0.025396825396825397
1 0.504950495049505 0.35634920634920636 0.022277227722772276 0.03015873015873016
1 0.4931930693069307 0.35634920634920636 0.018564356435643563 0.026984126984126985
1 0.21472772277227722 0.39126984126984127 0.02103960396039604 0.023809523809523808
1 0.5482673267326733 0.35158730158730156 0.024752475247524754 0.03015873015873016
1 0.5977722772277227 0.37142857142857144 0.03217821782178218 0.03492063492063492
1 0.5297029702970297 0.3357142857142857 0.01485148514851485 0.023809523809523808
1 0.5655940594059407 0.33174603174603173 0.01485148514851485 0.025396825396825397
1 0.6070544554455446 0.3325396825396825 0.01608910891089109 0.020634920634920634
1 0.5853960396039604 0.3349206349206349 0.022277227722772276 0.022222222222222223
1 0.6714108910891089 0.35555555555555557 0.02103960396039604 0.03492063492063492
1 0.650990099009901 0.3238095238095238 0.019801980198019802 0.02857142857142857
1 0.6342821782178217 0.3246031746031746 0.013613861386138614 0.020634920634920634
1 0.6837871287128713 0.3253968253968254 0.02103960396039604 0.02857142857142857
1 0.7073019801980198 0.3341269841269841 0.02599009900990099 0.03333333333333333
1 0.7419554455445545 0.32063492063492066 0.023514851485148515 0.031746031746031744
1 0.7202970297029703 0.3198412698412698 0.019801980198019802 0.026984126984126985
1 0.7611386138613861 0.31666666666666665 0.019801980198019802 0.026984126984126985
1 0.7951732673267327 0.31825396825396823 0.018564356435643563 0.026984126984126985
1 0.8199257425742574 0.30634920634920637 0.01608910891089109 0.025396825396825397
1 0.8254950495049505 0.2777777777777778 0.027227722772277228 0.031746031746031744
1 0.8941831683168316 0.2992063492063492 0.018564356435643563 0.026984126984126985
