1 0.109 0.376 0.054 0.048
1 0.34500000000000003 0.44266666666666665 0.07 0.07466666666666666
1 0.405 0.47733333333333333 0.09 0.08
1 0.41000000000000003 0.5773333333333334 0.10400000000000001 0.10933333333333332
1 0.684 0.54 0.096 0.11466666666666667
1 0.623 0.48133333333333334 0.074 0.08266666666666667
1 0.547 0.41333333333333333 0.07 0.10133333333333333
1 0.468 0.37866666666666665 0.048 0.058666666666666666
1 0.403 0.4093333333333333 0.054 0.06133333333333333
1 0.014 0.22266666666666665 0.024 0.056
