1 0.1621405750798722 0.4797202797202797 0.04472843450479233 0.07552447552447553
1 0.29113418530351437 0.26783216783216784 0.019968051118210862 0.04055944055944056
1 0.31829073482428116 0.2125874125874126 0.016773162939297124 0.033566433566433566
1 0.3286741214057508 0.22727272727272727 0.018370607028753993 0.03776223776223776
1 0.32987220447284343 0.27342657342657345 0.023961661341853034 0.043356643356643354
1 0.3518370607028754 0.23006993006993007 0.019968051118210862 0.043356643356643354
1 0.371405750798722 0.22657342657342658 0.019169329073482427 0.04195804195804196
1 0.36301916932907347 0.272027972027972 0.0231629392971246 0.043356643356643354
1 0.3993610223642172 0.22797202797202798 0.020766773162939296 0.03636363636363636
1 0.40495207667731625 0.19370629370629372 0.019169329073482427 0.03496503496503497
1 0.4261182108626198 0.24895104895104894 0.02156549520766773 0.044755244755244755
1 0.44848242811501593 0.21608391608391608 0.016773162939297124 0.03776223776223776
1 0.4285143769968051 0.21328671328671328 0.015175718849840255 0.03776223776223776
1 0.4289137380191693 0.17342657342657342 0.020766773162939296 0.03636363636363636
1 0.4752396166134185 0.22727272727272727 0.023961661341853034 0.04055944055944056
1 0.48761980830670926 0.193006993006993 0.02156549520766773 0.03636363636363636
1 0.4520766773162939 0.16503496503496504 0.01597444089456869 0.027972027972027972
1 0.4488817891373802 0.13986013986013987 0.01437699680511182 0.027972027972027972
1 0.4652555910543131 0.14335664335664336 0.015175718849840255 0.02937062937062937
1 0.4916134185303514 0.15664335664335666 0.016773162939297124 0.027972027972027972
1 0.4944089456869009 0.1258741258741259 0.012779552715654952 0.025174825174825173
1 0.5083865814696485 0.12727272727272726 0.010383386581469648 0.019580419580419582
1 0.520367412140575 0.15804195804195803 0.016773162939297124 0.033566433566433566
1 0.5347444089456869 0.17412587412587413 0.018370607028753993 0.04055944055944056
1 0.5411341853035143 0.12447552447552447 0.013578274760383386 0.03076923076923077
1 0.5567092651757188 0.14405594405594405 0.01437699680511182 0.027972027972027972
1 0.575479233226837 0.16083916083916083 0.02156549520766773 0.03636363636363636
1 0.5591054313099041 0.12167832167832168 0.012779552715654952 0.022377622377622378
1 0.564297124600639 0.11258741258741259 0.011980830670926517 0.02097902097902098
1 0.5806709265175719 0.12097902097902098 0.01757188498402556 0.02937062937062937
1 0.5894568690095846 0.1020979020979021 0.012779552715654952 0.025174825174825173
1 0.6058306709265175 0.15524475524475526 0.016773162939297124 0.03076923076923077
1 0.6042332268370607 0.13356643356643358 0.011980830670926517 0.02097902097902098
1 0.6174121405750799 0.0944055944055944 0.01437699680511182 0.026573426573426574
1 0.6353833865814696 0.10139860139860139 0.013578274760383386 0.023776223776223775
1 0.6465654952076677 0.12657342657342657 0.015175718849840255 0.026573426573426574
1 0.6665335463258786 0.10139860139860139 0.015175718849840255 0.02937062937062937
1 0.6649361022364217 0.13216783216783218 0.016773162939297124 0.02937062937062937
1 0.6916932907348242 0.10139860139860139 0.012779552715654952 0.02937062937062937
1 0.7124600638977635 0.13216783216783218 0.019169329073482427 0.03496503496503497
1 0.6984824281150159 0.1825174825174825 0.02156549520766773 0.043356643356643354
1 0.6537539936102236 0.22097902097902097 0.02156549520766773 0.04195804195804196
1 0.6597444089456869 0.2692307692307692 0.02875399361022364 0.057342657342657345
1 0.6082268370607028 0.25664335664335663 0.031150159744408944 0.06013986013986014
1 0.6186102236421726 0.2097902097902098 0.0231629392971246 0.050349650349650346
1 0.5650958466453674 0.24755244755244754 0.026357827476038338 0.050349650349650346
1 0.520367412140575 0.2916083916083916 0.034345047923322686 0.06573426573426573
1 0.6062300319488818 0.34895104895104895 0.03194888178913738 0.06573426573426573
1 0.6988817891373802 0.22867132867132867 0.025559105431309903 0.04895104895104895
1 0.7320287539936102 0.1839160839160839 0.0231629392971246 0.04895104895104895
1 0.722444089456869 0.16223776223776223 0.013578274760383386 0.033566433566433566
1 0.7496006389776357 0.14335664335664336 0.018370607028753993 0.03776223776223776
1 0.7488019169329073 0.11398601398601399 0.019968051118210862 0.026573426573426574
1 0.786741214057508 0.1062937062937063 0.01597444089456869 0.03076923076923077
1 0.8087060702875399 0.11678321678321678 0.019968051118210862 0.03496503496503497
1 0.8274760383386581 0.11748251748251748 0.01757188498402556 0.03076923076923077
1 0.8266773162939297 0.15174825174825174 0.01437699680511182 0.032167832167832165
1 0.8031150159744409 0.17902097902097902 0.02476038338658147 0.044755244755244755
1 0.7855431309904153 0.15454545454545454 0.018370607028753993 0.032167832167832165
1 0.7623801916932907 0.17692307692307693 0.016773162939297124 0.03496503496503497
1 0.7771565495207667 0.2020979020979021 0.019169329073482427 0.057342657342657345
1 0.7507987220447284 0.23566433566433567 0.03035143769968051 0.06013986013986014
1 0.7871405750798721 0.26433566433566436 0.02476038338658147 0.06713286713286713
1 0.8115015974440895 0.24755244755244754 0.023961661341853034 0.05314685314685315
1 0.8426517571884984 0.2125874125874126 0.023961661341853034 0.05314685314685315
1 0.8570287539936102 0.16503496503496504 0.01757188498402556 0.03636363636363636
1 0.8650159744408945 0.15104895104895105 0.01757188498402556 0.033566433566433566
1 0.871405750798722 0.13216783216783218 0.01597444089456869 0.026573426573426574
1 0.9057507987220447 0.13916083916083916 0.01437699680511182 0.032167832167832165
1 0.8985623003194888 0.15664335664335666 0.012779552715654952 0.033566433566433566
1 0.8913738019169328 0.1874125874125874 0.01597444089456869 0.03636363636363636
1 0.8690095846645367 0.2153846153846154 0.01437699680511182 0.04195804195804196
1 0.8789936102236421 0.24615384615384617 0.0231629392971246 0.050349650349650346
1 0.8658146964856229 0.31258741258741257 0.03194888178913738 0.057342657342657345
1 0.8430511182108625 0.37272727272727274 0.04073482428115016 0.07692307692307693
1 0.8929712460063898 0.44195804195804195 0.04313099041533546 0.08951048951048951
1 0.9109424920127795 0.33146853146853145 0.034345047923322686 0.06993006993006994
1 0.9201277955271565 0.23216783216783216 0.025559105431309903 0.050349650349650346
1 0.9273162939297124 0.20279720279720279 0.01757188498402556 0.03076923076923077
1 0.9396964856230031 0.16783216783216784 0.016773162939297124 0.033566433566433566
