1 0.043478260869565216 0.5425531914893618 0.04057971014492753 0.06808510638297872
1 0.02246376811594203 0.5180851063829788 0.036231884057971016 0.06170212765957447
1 0.1565217391304348 0.5 0.043478260869565216 0.06808510638297872
1 0.18333333333333335 0.5372340425531915 0.04782608695652174 0.07446808510638298
1 0.20072463768115942 0.5138297872340426 0.0391304347826087 0.06595744680851064
1 0.2855072463768116 0.5255319148936171 0.03768115942028986 0.07659574468085106
1 0.2673913043478261 0.4968085106382979 0.030434782608695653 0.05319148936170213
1 0.3050724637681159 0.5234042553191489 0.02753623188405797 0.06808510638297872
1 0.48333333333333334 0.2936170212765957 0.07101449275362319 0.1021276595744681
1 0.4217391304347826 0.5159574468085106 0.028985507246376812 0.06595744680851064
1 0.47101449275362317 0.46489361702127663 0.026086956521739132 0.0574468085106383
1 0.5007246376811594 0.5276595744680851 0.030434782608695653 0.06808510638297872
1 0.5159420289855072 0.5425531914893618 0.03188405797101449 0.06382978723404255
1 0.5318840579710145 0.4765957446808511 0.028985507246376812 0.06382978723404255
1 0.5557971014492754 0.5234042553191489 0.036231884057971016 0.059574468085106386
1 0.5956521739130435 0.5287234042553192 0.03188405797101449 0.07021276595744681
1 0.6695652173913044 0.5255319148936171 0.043478260869565216 0.08085106382978724
1 0.7391304347826088 0.5361702127659574 0.03768115942028986 0.06382978723404255
1 0.9253623188405797 0.5457446808510639 0.042028985507246375 0.08723404255319149
1 0.9768115942028985 0.5776595744680851 0.034782608695652174 0.08723404255319149
