1 0.2053072625698324 0.3637123745819398 0.043761638733705775 0.09531772575250835
1 0.25605214152700184 0.28929765886287623 0.01675977653631285 0.03678929765886287
1 0.287243947858473 0.2709030100334448 0.013966480446927373 0.03678929765886287
1 0.29702048417132215 0.26421404682274247 0.020484171322160148 0.04013377926421405
1 0.308659217877095 0.23662207357859533 0.019553072625698324 0.03511705685618729
1 0.3258845437616387 0.26588628762541805 0.0148975791433892 0.030100334448160536
1 0.3398510242085661 0.27842809364548493 0.0186219739292365 0.0451505016722408
1 0.37057728119180633 0.2165551839464883 0.0186219739292365 0.03511705685618729
1 0.3817504655493482 0.22324414715719063 0.0148975791433892 0.038461538461538464
1 0.3854748603351955 0.20234113712374582 0.0186219739292365 0.033444816053511704
1 0.4036312849162011 0.23411371237458192 0.021415270018621972 0.043478260869565216
1 0.4227188081936685 0.2826086956521739 0.0260707635009311 0.046822742474916385
1 0.40782122905027934 0.17558528428093645 0.01675977653631285 0.026755852842809364
1 0.43156424581005587 0.20234113712374582 0.017690875232774673 0.03678929765886287
1 0.44273743016759776 0.22826086956521738 0.019553072625698324 0.038461538461538464
1 0.46787709497206703 0.23494983277591971 0.025139664804469275 0.0451505016722408
1 0.45297951582867785 0.18227424749163879 0.017690875232774673 0.04013377926421405
1 0.46042830540037244 0.15719063545150502 0.012104283054003724 0.030100334448160536
1 0.46741154562383613 0.16137123745819398 0.01675977653631285 0.03511705685618729
1 0.48044692737430167 0.17809364548494983 0.01675977653631285 0.028428093645484948
1 0.5339851024208566 0.19816053511705686 0.021415270018621972 0.03511705685618729
1 0.520949720670391 0.1697324414715719 0.015828677839851025 0.03177257525083612
1 0.5125698324022346 0.15301003344481606 0.015828677839851025 0.028428093645484948
1 0.4851024208566108 0.13210702341137123 0.0148975791433892 0.030100334448160536
1 0.5302607076350093 0.12876254180602006 0.015828677839851025 0.026755852842809364
1 0.5484171322160148 0.14214046822742474 0.0148975791433892 0.030100334448160536
1 0.5535381750465549 0.12709030100334448 0.012104283054003724 0.026755852842809364
1 0.5600558659217877 0.11956521739130435 0.013966480446927373 0.028428093645484948
1 0.5893854748603352 0.12290969899665552 0.01675977653631285 0.03177257525083612
1 0.5605214152700186 0.17391304347826086 0.0186219739292365 0.03678929765886287
1 0.5749534450651769 0.1588628762541806 0.015828677839851025 0.033444816053511704
1 0.6080074487895717 0.12959866220735786 0.01303538175046555 0.02508361204013378
1 0.6042830540037244 0.10117056856187291 0.01303538175046555 0.028428093645484948
1 0.6210428305400373 0.14381270903010032 0.01675977653631285 0.033444816053511704
1 0.6238361266294227 0.10367892976588629 0.01303538175046555 0.026755852842809364
1 0.6475791433891992 0.10367892976588629 0.013966480446927373 0.026755852842809364
1 0.6480446927374302 0.12207357859531773 0.0148975791433892 0.026755852842809364
1 0.6629422718808193 0.12207357859531773 0.0148975791433892 0.033444816053511704
1 0.6866852886405959 0.10535117056856187 0.013966480446927373 0.03678929765886287
1 0.5405027932960894 0.31270903010033446 0.028864059590316574 0.06020066889632107
1 0.4934823091247672 0.30183946488294316 0.03165735567970205 0.061872909698996656
1 0.5749534450651769 0.24163879598662208 0.023277467411545624 0.0451505016722408
1 0.6042830540037244 0.2165551839464883 0.0223463687150838 0.048494983277591976
1 0.6108007448789572 0.26505016722408026 0.0260707635009311 0.051839464882943144
1 0.5893854748603352 0.36872909698996653 0.0335195530726257 0.07525083612040134
1 0.6727188081936685 0.3377926421404682 0.030726256983240222 0.07692307692307693
1 0.6615456238361266 0.26505016722408026 0.025139664804469275 0.051839464882943144
1 0.6564245810055865 0.21739130434782608 0.024208566108007448 0.05016722408026756
1 0.6433891992551211 0.18478260869565216 0.0186219739292365 0.03511705685618729
1 0.6792364990689013 0.16722408026755853 0.019553072625698324 0.04013377926421405
1 0.702513966480447 0.18311036789297658 0.019553072625698324 0.0451505016722408
1 0.6871508379888268 0.22826086956521738 0.0297951582867784 0.05518394648829431
1 0.7034450651769087 0.14214046822742474 0.017690875232774673 0.03678929765886287
1 0.7378957169459963 0.14799331103678928 0.021415270018621972 0.03511705685618729
1 0.7369646182495344 0.11371237458193979 0.015828677839851025 0.033444816053511704
1 0.7267225325884543 0.20066889632107024 0.021415270018621972 0.04013377926421405
1 0.7434823091247672 0.23745819397993312 0.023277467411545624 0.05351170568561873
1 0.7527932960893855 0.18645484949832775 0.019553072625698324 0.038461538461538464
1 0.755586592178771 0.13795986622073578 0.015828677839851025 0.03177257525083612
1 0.7751396648044693 0.1245819397993311 0.015828677839851025 0.03177257525083612
1 0.7905027932960894 0.13795986622073578 0.01675977653631285 0.03177257525083612
1 0.8091247672253259 0.11956521739130435 0.01303538175046555 0.028428093645484948
1 0.7984171322160148 0.17809364548494983 0.017690875232774673 0.04180602006688963
1 0.819366852886406 0.2391304347826087 0.0186219739292365 0.05016722408026756
1 0.7783985102420856 0.294314381270903 0.0260707635009311 0.06354515050167224
1 0.7248603351955307 0.3110367892976589 0.028864059590316574 0.056856187290969896
1 0.9152700186219739 0.29682274247491636 0.03165735567970205 0.061872909698996656
1 0.8654562383612663 0.22993311036789296 0.019553072625698324 0.05852842809364548
1 0.8389199255121043 0.1939799331103679 0.020484171322160148 0.046822742474916385
1 0.8314711359404097 0.14799331103678928 0.01675977653631285 0.038461538461538464
1 0.856145251396648 0.15384615384615385 0.013966480446927373 0.04013377926421405
1 0.8710428305400373 0.1797658862876254 0.015828677839851025 0.038461538461538464
1 0.8864059590316573 0.20317725752508362 0.0148975791433892 0.04180602006688963
1 0.8938547486033519 0.17224080267558528 0.0186219739292365 0.04013377926421405
1 0.8873370577281192 0.13294314381270902 0.01675977653631285 0.03511705685618729
1 0.9185288640595903 0.20819397993311037 0.023277467411545624 0.0451505016722408
1 0.9217877094972067 0.17642140468227424 0.01675977653631285 0.03177257525083612
1 0.9194599627560521 0.15384615384615385 0.015828677839851025 0.023411371237458192
