1 0.12947368421052632 0.5428370786516854 0.06947368421052631 0.11938202247191011
1 0.2005263157894737 0.5540730337078652 0.053684210526315786 0.0800561797752809
1 0.17421052631578948 0.5098314606741573 0.03684210526315789 0.05337078651685393
1 0.1994736842105263 0.4901685393258427 0.02631578947368421 0.047752808988764044
1 0.1663157894736842 0.4789325842696629 0.021052631578947368 0.028089887640449437
1 0.18736842105263157 0.4768258426966292 0.01894736842105263 0.03230337078651685
1 0.2263157894736842 0.4768258426966292 0.021052631578947368 0.03230337078651685
1 0.27052631578947367 0.4789325842696629 0.021052631578947368 0.033707865168539325
1 0.30736842105263157 0.49297752808988765 0.02526315789473684 0.0449438202247191
1 0.30473684210526314 0.5428370786516854 0.05157894736842105 0.07162921348314606
1 0.3505263157894737 0.5428370786516854 0.07157894736842105 0.11938202247191011
1 0.3336842105263158 0.46839887640449435 0.021052631578947368 0.03230337078651685
1 0.35105263157894734 0.48174157303370785 0.015789473684210527 0.03089887640449438
1 0.3684210526315789 0.47612359550561795 0.014736842105263158 0.028089887640449437
1 0.3757894736842105 0.4712078651685393 0.014736842105263158 0.023876404494382022
1 0.3926315789473684 0.5042134831460674 0.02526315789473684 0.0449438202247191
1 0.41947368421052633 0.4810393258426966 0.017894736842105262 0.03230337078651685
1 0.4336842105263158 0.4691011235955056 0.014736842105263158 0.028089887640449437
1 0.4536842105263158 0.47612359550561795 0.01894736842105263 0.03651685393258427
1 0.47421052631578947 0.5133426966292135 0.03263157894736842 0.05196629213483146
1 0.4978947368421053 0.5526685393258427 0.05263157894736842 0.09410112359550561
1 0.49105263157894735 0.4803370786516854 0.022105263157894735 0.033707865168539325
1 0.5063157894736842 0.4691011235955056 0.01263157894736842 0.03651685393258427
1 0.5273684210526316 0.4866573033707865 0.023157894736842106 0.04073033707865169
1 0.5521052631578948 0.5337078651685393 0.03684210526315789 0.07584269662921347
1 0.5810526315789474 0.4887640449438202 0.03368421052631579 0.047752808988764044
1 0.5678947368421052 0.47401685393258425 0.017894736842105262 0.03230337078651685
1 0.64 0.4831460674157303 0.023157894736842106 0.047752808988764044
1 0.6942105263157895 0.5161516853932584 0.05578947368421053 0.08567415730337079
1 0.7794736842105263 0.48174157303370785 0.030526315789473683 0.047752808988764044
1 0.858421052631579 0.4845505617977528 0.03894736842105263 0.06179775280898876
1 0.8847368421052632 0.5449438202247191 0.049473684210526316 0.07865168539325842
1 0.9568421052631578 0.5196629213483146 0.04 0.0702247191011236
1 0.9768421052631578 0.5112359550561798 0.03368421052631579 0.06741573033707865
