1 0.20938104448742748 0.3709122203098107 0.047388781431334626 0.08433734939759037
1 0.30802707930367507 0.2134251290877797 0.01644100580270793 0.034423407917383825
1 0.32978723404255317 0.22203098106712565 0.017408123791102514 0.034423407917383825
1 0.3409090909090909 0.20223752151462995 0.014506769825918761 0.03270223752151463
1 0.3515473887814313 0.22461273666092943 0.0183752417794971 0.03270223752151463
1 0.3646034816247582 0.2547332185886403 0.019342359767891684 0.034423407917383825
1 0.3781431334622824 0.24010327022375216 0.013539651837524178 0.03614457831325301
1 0.36847195357833656 0.19879518072289157 0.017408123791102514 0.039586919104991396
1 0.38636363636363635 0.2082616179001721 0.01644100580270793 0.034423407917383825
1 0.405705996131528 0.25817555938037867 0.024177949709864605 0.04819277108433735
1 0.41295938104448743 0.1746987951807229 0.017408123791102514 0.03614457831325301
1 0.41876208897485495 0.14543889845094665 0.013539651837524178 0.03270223752151463
1 0.4458413926499033 0.22203098106712565 0.02321083172147002 0.034423407917383825
1 0.44052224371373305 0.16953528399311532 0.01644100580270793 0.03614457831325301
1 0.456963249516441 0.1549053356282272 0.014506769825918761 0.024096385542168676
1 0.4695357833655706 0.14974182444061962 0.012572533849129593 0.027538726333907058
1 0.4772727272727273 0.2314974182444062 0.020309477756286266 0.039586919104991396
1 0.48307543520309476 0.1738382099827883 0.0183752417794971 0.034423407917383825
1 0.4879110251450677 0.1351118760757315 0.012572533849129593 0.02925989672977625
1 0.5019342359767892 0.18502581755593805 0.013539651837524178 0.03614457831325301
1 0.5067698259187621 0.12048192771084337 0.015473887814313346 0.024096385542168676
1 0.5101547388781431 0.14716006884681584 0.014506769825918761 0.02925989672977625
1 0.5275628626692457 0.12478485370051635 0.01644100580270793 0.02925989672977625
1 0.5449709864603481 0.19707401032702238 0.0183752417794971 0.03270223752151463
1 0.5449709864603481 0.17211703958691912 0.012572533849129593 0.034423407917383825
1 0.5589941972920697 0.15060240963855423 0.013539651837524178 0.02925989672977625
1 0.5411025145067698 0.1316695352839931 0.012572533849129593 0.02925989672977625
1 0.5807543520309478 0.16953528399311532 0.01644100580270793 0.039586919104991396
1 0.5754352030947776 0.12994836488812392 0.01160541586073501 0.02925989672977625
1 0.5822050290135397 0.11445783132530121 0.013539651837524178 0.02925989672977625
1 0.6025145067698259 0.12220309810671257 0.015473887814313346 0.03098106712564544
1 0.6136363636363636 0.11015490533562823 0.014506769825918761 0.027538726333907058
1 0.6223404255319149 0.12736660929432014 0.014506769825918761 0.024096385542168676
1 0.6353965183752418 0.11531841652323581 0.015473887814313346 0.027538726333907058
1 0.6595744680851063 0.0981067125645439 0.009671179883945842 0.027538726333907058
1 0.6929400386847195 0.10413080895008606 0.008704061895551257 0.0189328743545611
1 0.6832688588007737 0.1179001721170396 0.012572533849129593 0.025817555938037865
1 0.6677949709864603 0.12994836488812392 0.01644100580270793 0.02925989672977625
1 0.7190522243713733 0.11015490533562823 0.010638297872340425 0.027538726333907058
1 0.4922630560928433 0.28055077452667815 0.02321083172147002 0.06196213425129088
1 0.5425531914893617 0.28657487091222034 0.027079303675048357 0.05679862306368331
1 0.5652804642166345 0.2495697074010327 0.020309477756286266 0.05163511187607573
1 0.5996131528046422 0.33820998278829606 0.027079303675048357 0.060240963855421686
1 0.6184719535783365 0.2142857142857143 0.022243713733075435 0.039586919104991396
1 0.6320116054158608 0.23752151462994836 0.020309477756286266 0.05163511187607573
1 0.6634429400386848 0.18072289156626506 0.017408123791102514 0.04130808950086059
1 0.6827852998065764 0.2607573149741825 0.017408123791102514 0.04302925989672978
1 0.688588007736944 0.3072289156626506 0.02127659574468085 0.06368330464716007
1 0.730174081237911 0.2891566265060241 0.017408123791102514 0.05163511187607573
1 0.7035783365570599 0.1566265060240964 0.0183752417794971 0.034423407917383825
1 0.72678916827853 0.14457831325301204 0.012572533849129593 0.034423407917383825
1 0.7470986460348162 0.13253012048192772 0.012572533849129593 0.034423407917383825
1 0.7137330754352031 0.18846815834767644 0.015473887814313346 0.03270223752151463
1 0.723404255319149 0.23407917383821 0.015473887814313346 0.04475043029259897
1 0.75 0.17728055077452667 0.0183752417794971 0.0378657487091222
1 0.7596711798839458 0.18502581755593805 0.0183752417794971 0.039586919104991396
1 0.7538684719535783 0.2607573149741825 0.01644100580270793 0.049913941480206545
1 0.7756286266924565 0.1368330464716007 0.01160541586073501 0.022375215146299483
1 0.7891682785299806 0.15834767641996558 0.013539651837524178 0.0378657487091222
1 0.8085106382978724 0.15404475043029262 0.015473887814313346 0.03614457831325301
1 0.804642166344294 0.20309810671256456 0.019342359767891684 0.04475043029259897
1 0.8031914893617021 0.24182444061962136 0.0183752417794971 0.04302925989672978
1 0.7804642166344294 0.31497418244406195 0.019342359767891684 0.055077452667814115
1 0.7374274661508704 0.3881239242685026 0.031914893617021274 0.07056798623063684
1 0.8089941972920697 0.40963855421686746 0.029980657640232108 0.06884681583476765
1 0.836073500967118 0.3459552495697074 0.022243713733075435 0.055077452667814115
1 0.870889748549323 0.2573149741824441 0.01644100580270793 0.049913941480206545
1 0.8849129593810445 0.229776247848537 0.017408123791102514 0.04302925989672978
1 0.9264990328820116 0.21858864027538727 0.015473887814313346 0.04130808950086059
1 0.9187620889748549 0.2857142857142857 0.019342359767891684 0.04819277108433735
1 0.9134429400386848 0.34423407917383825 0.020309477756286266 0.055077452667814115
1 0.8921663442940039 0.4268502581755594 0.02804642166344294 0.07917383820998279
1 0.6204061895551257 0.153184165232358 0.01644100580270793 0.03098106712564544
1 0.4690522243713733 0.1394148020654045 0.01160541586073501 0.027538726333907058
