1 0.028333333333333335 0.5780487804878048 0.05333333333333334 0.09268292682926829
1 0.0325 0.7317073170731707 0.06166666666666667 0.13658536585365855
1 0.18333333333333335 0.8426829268292683 0.11333333333333334 0.16341463414634147
1 0.095 0.3231707317073171 0.05666666666666667 0.08048780487804878
1 0.7408333333333333 0.7878048780487805 0.115 0.2097560975609756
1 0.6908333333333334 0.45121951219512196 0.065 0.1073170731707317
1 0.455 0.6195121951219512 0.06333333333333334 0.12195121951219512
1 0.41750000000000004 0.46219512195121953 0.045000000000000005 0.06097560975609756
1 0.3416666666666667 0.5719512195121951 0.05333333333333334 0.08048780487804878
1 0.375 0.2780487804878049 0.03666666666666667 0.06829268292682927
1 0.5141666666666667 0.29024390243902437 0.03833333333333334 0.06829268292682927
1 0.5900000000000001 0.29878048780487804 0.03333333333333333 0.06097560975609756
1 0.66 0.2817073170731707 0.030000000000000002 0.046341463414634146
1 0.7200000000000001 0.275609756097561 0.030000000000000002 0.04878048780487805
1 0.7866666666666667 0.31097560975609756 0.05 0.07560975609756097
1 0.7758333333333334 0.39634146341463417 0.065 0.1048780487804878
1 0.8400000000000001 0.3439024390243902 0.05666666666666667 0.08780487804878048
1 0.9508333333333334 0.2865853658536585 0.035 0.06585365853658537
