1 0.10768012668250197 0.32987551867219916 0.02058590657165479 0.031811894882434306
1 0.18725257323832145 0.2987551867219917 0.024544734758511478 0.04426002766251729
1 0.3246239113222486 0.2219917012448133 0.017418844022169436 0.031811894882434306
1 0.33927157561361837 0.23858921161825727 0.0166270783847981 0.031811894882434306
1 0.42240696753760887 0.2766251728907331 0.022961203483768802 0.04702627939142462
1 0.3824228028503563 0.2074688796680498 0.017418844022169436 0.0359612724757953
1 0.45922406967537605 0.2648686030428769 0.019002375296912115 0.034578146611341634
1 0.5249406175771971 0.2136929460580913 0.02058590657165479 0.03734439834024896
1 0.5641330166270784 0.1798063623789765 0.0166270783847981 0.0359612724757953
1 0.6452889944576405 0.20193637621023514 0.022169437846397466 0.041493775933609964
