1 0.487 0.44294294294294295 0.018000000000000002 0.03303303303303303
1 0.8250000000000001 0.7642642642642643 0.106 0.17117117117117117
1 0.876 0.6816816816816816 0.07200000000000001 0.10810810810810811
1 0.96 0.6276276276276276 0.052000000000000005 0.1021021021021021
1 0.879 0.5630630630630631 0.038 0.06306306306306306
1 0.863 0.5465465465465466 0.03 0.05405405405405406
1 0.782 0.581081081081081 0.044 0.08108108108108109
1 0.758 0.545045045045045 0.036000000000000004 0.06306306306306306
1 0.732 0.6591591591591591 0.068 0.08708708708708708
1 0.705 0.5885885885885885 0.046 0.06006006006006006
1 0.674 0.5630630630630631 0.036000000000000004 0.05105105105105105
1 0.685 0.545045045045045 0.034 0.06306306306306306
1 0.657 0.6066066066066066 0.05 0.08408408408408408
1 0.642 0.6531531531531531 0.048 0.08708708708708708
1 0.61 0.6801801801801802 0.07200000000000001 0.1111111111111111
1 0.685 0.8858858858858859 0.186 0.22822822822822822
1 0.452 0.6996996996996997 0.08 0.13813813813813813
1 0.536 0.6096096096096096 0.052000000000000005 0.08408408408408408
1 0.552 0.5630630630630631 0.032 0.057057057057057055
1 0.605 0.5480480480480481 0.03 0.04504504504504504
1 0.47600000000000003 0.5840840840840841 0.04 0.07507507507507508
1 0.503 0.566066066066066 0.038 0.057057057057057055
1 0.518 0.545045045045045 0.024 0.05105105105105105
1 0.43 0.5345345345345345 0.032 0.04804804804804805
1 0.417 0.6126126126126126 0.07 0.11411411411411411
1 0.371 0.6456456456456456 0.054 0.1021021021021021
1 0.357 0.5825825825825826 0.042 0.07807807807807808
1 0.37 0.5480480480480481 0.032 0.05105105105105105
1 0.29 0.5405405405405406 0.04 0.07207207207207207
1 0.29 0.6186186186186187 0.048 0.0960960960960961
1 0.28300000000000003 0.7672672672672672 0.10200000000000001 0.16516516516516516
1 0.24 0.6891891891891891 0.07200000000000001 0.12312312312312312
1 0.211 0.5570570570570571 0.042 0.06906906906906907
1 0.113 0.6066066066066066 0.066 0.11411411411411411
1 0.07200000000000001 0.7837837837837838 0.112 0.18018018018018017
1 0.043000000000000003 0.5495495495495496 0.046 0.06606606606606606
1 0.08 0.5405405405405406 0.036000000000000004 0.06006006006006006
1 0.152 0.551051051051051 0.032 0.057057057057057055
1 0.123 0.524024024024024 0.03 0.03903903903903904
1 0.029 0.6696696696696697 0.054 0.14414414414414414
1 0.025 0.5195195195195195 0.03 0.04204204204204204
