1 0.10338983050847457 0.5593705293276109 0.0423728813559322 0.07153075822603719
1 0.2364406779661017 0.3383404864091559 0.01864406779661017 0.03862660944206009
1 0.26652542372881355 0.3447782546494993 0.0211864406779661 0.045779685264663805
1 0.286864406779661 0.3719599427753934 0.017796610169491526 0.04005722460658083
1 0.2957627118644068 0.30686695278969955 0.01694915254237288 0.035765379113018594
1 0.34364406779661016 0.3569384835479256 0.027966101694915254 0.047210300429184546
1 0.3635593220338983 0.33047210300429186 0.01864406779661017 0.034334763948497854
1 0.36398305084745763 0.29756795422031473 0.016101694915254237 0.02861230329041488
1 0.3949152542372881 0.3333333333333333 0.020338983050847456 0.03719599427753934
1 0.40296610169491526 0.26180257510729615 0.017796610169491526 0.034334763948497854
1 0.41906779661016946 0.29542203147353363 0.01949152542372881 0.035765379113018594
1 0.42415254237288136 0.32761087267525035 0.0211864406779661 0.04005722460658083
1 0.436864406779661 0.296137339055794 0.01440677966101695 0.02575107296137339
1 0.43940677966101693 0.2575107296137339 0.01949152542372881 0.02861230329041488
1 0.4580508474576271 0.32331902718168815 0.02288135593220339 0.04005722460658083
1 0.4894067796610169 0.30686695278969955 0.0211864406779661 0.032904148783977114
1 0.521186440677966 0.315450643776824 0.020338983050847456 0.035765379113018594
1 0.48559322033898306 0.26108726752503575 0.01694915254237288 0.030042918454935622
1 0.4822033898305085 0.24034334763948498 0.015254237288135592 0.02861230329041488
1 0.5233050847457626 0.26180257510729615 0.016101694915254237 0.031473533619456366
1 0.5372881355932203 0.2753934191702432 0.01694915254237288 0.035765379113018594
1 0.4944915254237288 0.4012875536480687 0.029661016949152543 0.06151645207439199
1 0.5377118644067796 0.24821173104434907 0.01440677966101695 0.027181688125894134
1 0.5576271186440678 0.25178826895565093 0.015254237288135592 0.031473533619456366
1 0.572457627118644 0.27968526466380544 0.016101694915254237 0.027181688125894134
1 0.5991525423728813 0.2646638054363376 0.01864406779661017 0.034334763948497854
1 0.6025423728813559 0.23605150214592274 0.013559322033898305 0.02575107296137339
1 0.5720338983050848 0.22603719599427755 0.015254237288135592 0.02575107296137339
1 0.5881355932203389 0.21816881258941345 0.013559322033898305 0.024320457796852647
1 0.6233050847457627 0.22103004291845493 0.01440677966101695 0.027181688125894134
1 0.6186440677966102 0.2067238912732475 0.015254237288135592 0.024320457796852647
1 0.622457627118644 0.24678111587982832 0.011016949152542373 0.027181688125894134
1 0.6466101694915254 0.2145922746781116 0.015254237288135592 0.031473533619456366
1 0.6588983050847458 0.21816881258941345 0.01440677966101695 0.030042918454935622
1 0.661864406779661 0.24606580829756797 0.015254237288135592 0.031473533619456366
1 0.6936440677966101 0.22818311874105865 0.01271186440677966 0.027181688125894134
1 0.6911016949152542 0.20600858369098712 0.01271186440677966 0.02575107296137339
1 0.7046610169491525 0.22532188841201717 0.01271186440677966 0.032904148783977114
1 0.5542372881355933 0.35550786838340487 0.02711864406779661 0.05007153075822604
1 0.5644067796610169 0.40915593705293274 0.0423728813559322 0.06294706723891273
1 0.5991525423728813 0.41201716738197425 0.02542372881355932 0.05150214592274678
1 0.6228813559322034 0.3261802575107296 0.02542372881355932 0.04864091559370529
1 0.6555084745762711 0.3011444921316166 0.02288135593220339 0.04148783977110157
1 0.6923728813559322 0.2782546494992847 0.01864406779661017 0.03862660944206009
1 0.7182203389830508 0.29971387696709584 0.01949152542372881 0.03862660944206009
1 0.7288135593220338 0.29756795422031473 0.01864406779661017 0.04864091559370529
1 0.6139830508474576 0.4542203147353362 0.03305084745762712 0.05293276108726752
1 0.6542372881355932 0.463519313304721 0.03389830508474576 0.06866952789699571
1 0.6809322033898305 0.36123032904148783 0.024576271186440676 0.05007153075822604
1 0.6690677966101695 0.3397711015736767 0.01949152542372881 0.03862660944206009
1 0.7088983050847457 0.36194563662374823 0.02288135593220339 0.045779685264663805
1 0.7436440677966102 0.4005722460658083 0.029661016949152543 0.04864091559370529
1 0.725 0.5429184549356223 0.03474576271186441 0.07010014306151645
1 0.8432203389830508 0.5071530758226037 0.03220338983050847 0.06723891273247497
1 0.8084745762711865 0.42131616595135907 0.0288135593220339 0.0586552217453505
1 0.8364406779661017 0.36123032904148783 0.023728813559322035 0.044349070100143065
1 0.8851694915254237 0.3969957081545064 0.01949152542372881 0.055793991416309016
1 0.8703389830508474 0.4456366237482117 0.0288135593220339 0.06437768240343347
1 0.95 0.46065808297567956 0.030508474576271184 0.07725321888412018
1 0.9389830508474576 0.39842632331902716 0.020338983050847456 0.05007153075822604
1 0.961864406779661 0.351931330472103 0.020338983050847456 0.045779685264663805
1 0.9411016949152542 0.3240343347639485 0.017796610169491526 0.035765379113018594
1 0.9398305084745763 0.2989985693848355 0.015254237288135592 0.02861230329041488
1 0.9593220338983051 0.30472103004291845 0.01694915254237288 0.034334763948497854
1 0.9673728813559321 0.27253218884120173 0.01440677966101695 0.032904148783977114
1 0.9228813559322033 0.27753934191702434 0.015254237288135592 0.031473533619456366
1 0.9144067796610169 0.31616595135908443 0.020338983050847456 0.03719599427753934
1 0.8949152542372881 0.3361945636623748 0.022033898305084745 0.04291845493562232
1 0.8648305084745762 0.2982832618025751 0.01949152542372881 0.03862660944206009
1 0.8377118644067796 0.29971387696709584 0.017796610169491526 0.03862660944206009
1 0.8385593220338983 0.2761087267525036 0.01440677966101695 0.02575107296137339
1 0.8360169491525423 0.24606580829756797 0.016101694915254237 0.02861230329041488
1 0.8682203389830508 0.25393419170243203 0.01440677966101695 0.035765379113018594
1 0.8817796610169492 0.2703862660944206 0.016101694915254237 0.04005722460658083
1 0.798728813559322 0.2739628040057225 0.017796610169491526 0.032904148783977114
1 0.8110169491525423 0.26180257510729615 0.015254237288135592 0.02861230329041488
1 0.8042372881355931 0.23605150214592274 0.01694915254237288 0.02861230329041488
1 0.7529661016949152 0.2503576537911302 0.016101694915254237 0.03719599427753934
1 0.7266949152542372 0.24821173104434907 0.01440677966101695 0.030042918454935622
1 0.7622881355932203 0.2396280400572246 0.01440677966101695 0.032904148783977114
1 0.7694915254237288 0.23319027181688126 0.015254237288135592 0.02861230329041488
