1 0.8091633466135458 0.3883495145631068 0.02948207171314741 0.08321775312066575
1 0.8697211155378486 0.1407766990291262 0.010358565737051793 0.023578363384188627
1 0.8980079681274901 0.14424410540915394 0.011155378486055778 0.027739251040221916
1 0.5573705179282868 0.12482662968099861 0.01195219123505976 0.024965325936199722
1 0.5593625498007968 0.17475728155339806 0.014342629482071713 0.033287101248266296
1 0.46852589641434267 0.14979195561719835 0.011155378486055778 0.01941747572815534
1 0.48764940239043825 0.20041608876560332 0.01752988047808765 0.03467406380027739
1 0.3051792828685259 0.23092926490984744 0.011155378486055778 0.02912621359223301
1 0.34900398406374505 0.22052704576976423 0.014342629482071713 0.030513176144244106
1 0.3924302788844622 0.29056865464632453 0.02151394422310757 0.04022191400832178
