1 0.05186385737439222 0.5576519916142558 0.10048622366288493 0.18029350104821804
1 0.17423014586709887 0.25471698113207547 0.07617504051863858 0.11111111111111112
1 0.2917341977309562 0.4727463312368973 0.06807131280388978 0.10272536687631027
1 0.35089141004862234 0.5230607966457024 0.07293354943273905 0.1069182389937107
1 0.4343598055105348 0.4454926624737946 0.06482982171799027 0.09853249475890986
1 0.4716369529983792 0.5828092243186583 0.0972447325769854 0.14675052410901468
1 0.5072933549432739 0.4758909853249476 0.05186385737439222 0.07547169811320756
1 0.5542949756888168 0.4979035639412998 0.0713128038897893 0.1069182389937107
1 0.5883306320907618 0.46121593291404617 0.055105348460291734 0.08805031446540881
1 0.6677471636952999 0.5576519916142558 0.10372771474878444 0.14675052410901468
1 0.6693679092382495 0.889937106918239 0.2625607779578606 0.22012578616352202
1 0.9570502431118314 0.8354297693920336 0.08589951377633712 0.20754716981132076
1 0.666936790923825 0.4758909853249476 0.05348460291734197 0.07547169811320756
1 0.7204213938411669 0.48532494758909855 0.04700162074554295 0.07337526205450734
1 0.7852512155591572 0.4790356394129979 0.06320907617504051 0.09853249475890986
1 0.8152350081037276 0.5387840670859539 0.07779578606158832 0.12159329140461217
1 0.8379254457050243 0.46540880503144655 0.06807131280388978 0.07966457023060797
1 0.8614262560777958 0.429769392033543 0.059967585089141004 0.07127882599580714
1 0.9513776337115073 0.48742138364779874 0.06807131280388978 0.09433962264150944
