1 0.3076311605723371 0.22937062937062938 0.017488076311605726 0.03076923076923077
1 0.34896661367249604 0.21888111888111889 0.014308426073131956 0.032167832167832165
1 0.39189189189189194 0.2951048951048951 0.025437201907790145 0.050349650349650346
1 0.4594594594594595 0.16083916083916083 0.014308426073131956 0.03076923076923077
1 0.4848966613672496 0.21048951048951048 0.020667726550079493 0.03496503496503497
1 0.5572337042925278 0.12307692307692308 0.012718600953895072 0.022377622377622378
1 0.5679650238473768 0.18041958041958042 0.018282988871224166 0.033566433566433566
1 0.8728139904610493 0.14195804195804196 0.011128775834658189 0.026573426573426574
1 0.8990461049284579 0.14685314685314685 0.011128775834658189 0.027972027972027972
1 0.8028616852146264 0.3979020979020979 0.028616852146263912 0.07132867132867132
