1 0.05078125 0.4565727699530516 0.060937500000000006 0.08685446009389672
1 0.0328125 0.653755868544601 0.0625 0.15258215962441316
1 0.19375 0.5046948356807511 0.07500000000000001 0.11737089201877934
1 0.36953125000000003 0.5446009389671361 0.0734375 0.107981220657277
1 0.42109375000000004 0.6408450704225352 0.11406250000000001 0.15492957746478875
1 0.35390625000000003 0.8075117370892019 0.1640625 0.2347417840375587
1 0.59921875 0.5563380281690141 0.0890625 0.14553990610328638
1 0.484375 0.5293427230046949 0.07187500000000001 0.1056338028169014
1 0.64765625 0.3274647887323944 0.051562500000000004 0.07276995305164319
1 0.7078125000000001 0.4812206572769953 0.065625 0.1267605633802817
1 0.8140625 0.5293427230046949 0.09375 0.15258215962441316
1 0.7445312500000001 0.7065727699530516 0.11093750000000001 0.20187793427230047
1 0.93671875 0.886150234741784 0.1234375 0.2183098591549296
1 0.9632812500000001 0.5129107981220657 0.06406250000000001 0.13380281690140847
