1 0.16419294990723562 0.33695652173913043 0.03710575139146568 0.05852842809364548
1 0.2782931354359926 0.25 0.016697588126159554 0.03511705685618729
1 0.29359925788497215 0.2617056856187291 0.02319109461966605 0.03511705685618729
1 0.2987012987012987 0.23076923076923075 0.01855287569573284 0.03678929765886287
1 0.35946196660482377 0.25334448160535117 0.021335807050092765 0.038461538461538464
1 0.3432282003710575 0.23411371237458192 0.014842300556586271 0.030100334448160536
1 0.37430426716141 0.2725752508361204 0.01948051948051948 0.03678929765886287
1 0.3807977736549165 0.2249163879598662 0.01948051948051948 0.04180602006688963
1 0.36595547309833026 0.18561872909698995 0.015769944341372914 0.033444816053511704
1 0.3933209647495362 0.18812709030100333 0.014842300556586271 0.03177257525083612
1 0.4030612244897959 0.1939799331103679 0.0176252319109462 0.03678929765886287
1 0.4109461966604824 0.1697324414715719 0.01855287569573284 0.03511705685618729
1 0.4443413729128015 0.18812709030100333 0.02411873840445269 0.0451505016722408
1 0.437847866419295 0.21739130434782608 0.022263450834879406 0.043478260869565216
1 0.461038961038961 0.2265886287625418 0.020408163265306124 0.04180602006688963
1 0.45037105751391465 0.1505016722408027 0.013914656771799629 0.033444816053511704
1 0.4401669758812616 0.14882943143812707 0.013914656771799629 0.033444816053511704
1 0.4642857142857143 0.1505016722408027 0.015769944341372914 0.03678929765886287
1 0.475417439703154 0.17725752508361203 0.0176252319109462 0.04013377926421405
1 0.4893320964749536 0.1596989966555184 0.015769944341372914 0.03511705685618729
1 0.5027829313543599 0.1797658862876254 0.01855287569573284 0.04180602006688963
1 0.5120593692022264 0.15719063545150502 0.012987012987012988 0.03678929765886287
1 0.5153061224489796 0.1362876254180602 0.0176252319109462 0.02508361204013378
1 0.5055658627087198 0.11705685618729096 0.012987012987012988 0.026755852842809364
1 0.5301484230055659 0.11622073578595317 0.013914656771799629 0.028428093645484948
1 0.5598330241187384 0.112876254180602 0.013914656771799629 0.028428093645484948
1 0.5672541743970315 0.12290969899665552 0.013914656771799629 0.028428093645484948
1 0.5816326530612245 0.1346153846153846 0.016697588126159554 0.03177257525083612
1 0.5718923933209648 0.1605351170568562 0.021335807050092765 0.03678929765886287
1 0.6038961038961039 0.15384615384615385 0.01855287569573284 0.033444816053511704
1 0.589517625231911 0.10785953177257525 0.0176252319109462 0.03177257525083612
1 0.5960111317254174 0.09197324414715718 0.015769944341372914 0.030100334448160536
1 0.6178107606679035 0.09197324414715718 0.012987012987012988 0.030100334448160536
1 0.6136363636363636 0.1254180602006689 0.012059369202226345 0.030100334448160536
1 0.6423933209647495 0.12959866220735786 0.012059369202226345 0.02508361204013378
1 0.6470315398886828 0.11204013377926421 0.012059369202226345 0.026755852842809364
1 0.6405380333951762 0.09280936454849498 0.013914656771799629 0.028428093645484948
1 0.6711502782931354 0.09531772575250835 0.013914656771799629 0.030100334448160536
1 0.6948051948051949 0.09448160535117056 0.014842300556586271 0.03177257525083612
1 0.5394248608534323 0.18645484949832775 0.021335807050092765 0.04180602006688963
1 0.5055658627087198 0.28846153846153844 0.029684601113172542 0.061872909698996656
1 0.5426716141001855 0.3277591973244147 0.03153988868274583 0.056856187290969896
1 0.5579777365491652 0.24581939799331104 0.02504638218923933 0.046822742474916385
1 0.6066790352504638 0.3102006688963211 0.03153988868274583 0.06856187290969899
1 0.6015769944341373 0.27675585284280935 0.02319109461966605 0.0451505016722408
1 0.62847866419295 0.1939799331103679 0.021335807050092765 0.043478260869565216
1 0.6521335807050093 0.1605351170568562 0.020408163265306124 0.04013377926421405
1 0.673469387755102 0.15301003344481606 0.016697588126159554 0.038461538461538464
1 0.6971243042671614 0.17642140468227424 0.01948051948051948 0.038461538461538464
1 0.6711502782931354 0.19899665551839466 0.021335807050092765 0.046822742474916385
1 0.7277365491651206 0.23662207357859533 0.026901669758812616 0.051839464882943144
1 0.7166048237476809 0.22240802675585283 0.01948051948051948 0.043478260869565216
1 0.7272727272727273 0.18729096989966554 0.020408163265306124 0.043478260869565216
1 0.7221706864564007 0.16555183946488294 0.015769944341372914 0.030100334448160536
1 0.7472170686456401 0.1354515050167224 0.015769944341372914 0.030100334448160536
1 0.7467532467532467 0.11454849498327759 0.016697588126159554 0.03177257525083612
1 0.7523191094619666 0.20986622073578595 0.025974025974025976 0.051839464882943144
1 0.7755102040816326 0.1956521739130435 0.01855287569573284 0.046822742474916385
1 0.7769016697588126 0.14799331103678928 0.01948051948051948 0.048494983277591976
1 0.7653061224489796 0.12709030100334448 0.014842300556586271 0.033444816053511704
1 0.7963821892393321 0.14297658862876253 0.01948051948051948 0.04180602006688963
1 0.8274582560296846 0.1354515050167224 0.016697588126159554 0.03678929765886287
1 0.8288497217068646 0.10535117056856187 0.015769944341372914 0.026755852842809364
1 0.8589981447124304 0.14046822742474915 0.014842300556586271 0.03678929765886287
1 0.8636363636363636 0.11789297658862877 0.011131725417439703 0.02508361204013378
1 0.8483302411873841 0.1688963210702341 0.021335807050092765 0.04013377926421405
1 0.8288497217068646 0.20150501672240803 0.021335807050092765 0.051839464882943144
1 0.8051948051948052 0.23244147157190634 0.020408163265306124 0.046822742474916385
1 0.7829313543599258 0.26421404682274247 0.03153988868274583 0.06354515050167224
1 0.7425788497217068 0.3294314381270903 0.039888682745825604 0.08361204013377926
1 0.6841372912801484 0.31354515050167225 0.036178107606679034 0.07525083612040134
1 0.8163265306122449 0.34448160535117056 0.03896103896103896 0.06688963210702341
1 0.8325602968460112 0.294314381270903 0.026901669758812616 0.06688963210702341
1 0.8724489795918368 0.2625418060200669 0.021335807050092765 0.05351170568561873
1 0.8947124304267161 0.34615384615384615 0.03432282003710575 0.07023411371237458
1 0.8998144712430427 0.2926421404682274 0.029684601113172542 0.056856187290969896
1 0.9086270871985158 0.24581939799331104 0.02319109461966605 0.05016722408026756
1 0.9206864564007421 0.21070234113712374 0.013914656771799629 0.033444816053511704
1 0.87847866419295 0.20317725752508362 0.016697588126159554 0.0451505016722408
1 0.8965677179962894 0.1714046822742475 0.0176252319109462 0.03511705685618729
1 0.8845083487940631 0.14882943143812707 0.015769944341372914 0.030100334448160536
1 0.8896103896103896 0.12959866220735786 0.014842300556586271 0.028428093645484948
1 0.924860853432282 0.1505016722408027 0.016697588126159554 0.03678929765886287
