1 0.08700000000000001 0.7387387387387387 0.11800000000000001 0.14414414414414414
1 0.078 0.41291291291291293 0.04 0.06906906906906907
1 0.148 0.4114114114114114 0.04 0.07207207207207207
1 0.107 0.3768768768768769 0.034 0.05105105105105105
1 0.147 0.3663663663663664 0.03 0.05405405405405406
1 0.191 0.34984984984984985 0.026000000000000002 0.05105105105105105
1 0.203 0.3588588588588589 0.03 0.05105105105105105
1 0.255 0.33183183183183185 0.026000000000000002 0.05105105105105105
1 0.261 0.503003003003003 0.054 0.0990990990990991
1 0.263 0.6651651651651651 0.10200000000000001 0.17117117117117117
1 0.403 0.5045045045045045 0.054 0.09009009009009009
1 0.354 0.42042042042042044 0.036000000000000004 0.06606606606606606
1 0.395 0.37237237237237236 0.03 0.06006006006006006
1 0.381 0.3333333333333333 0.026000000000000002 0.04804804804804805
1 0.44 0.3483483483483483 0.024 0.05405405405405406
1 0.465 0.36036036036036034 0.03 0.05405405405405406
1 0.452 0.41291291291291293 0.036000000000000004 0.06906906906906907
1 0.528 0.503003003003003 0.056 0.0990990990990991
1 0.461 0.6531531531531531 0.082 0.17117117117117117
1 0.669 0.4804804804804805 0.062 0.11411411411411411
1 0.635 0.3963963963963964 0.038 0.07207207207207207
1 0.541 0.4159159159159159 0.038 0.06306306306306306
1 0.499 0.3333333333333333 0.026000000000000002 0.04804804804804805
1 0.552 0.3183183183183183 0.028 0.04804804804804805
1 0.595 0.35585585585585583 0.03 0.06306306306306306
1 0.621 0.31681681681681684 0.026000000000000002 0.057057057057057055
1 0.676 0.36486486486486486 0.032 0.06906906906906907
1 0.738 0.3768768768768769 0.044 0.08108108108108109
1 0.777 0.484984984984985 0.054 0.1111111111111111
1 0.739 0.7012012012012012 0.094 0.1891891891891892
1 0.923 0.6711711711711712 0.10200000000000001 0.19519519519519518
1 0.937 0.4069069069069069 0.042 0.08108108108108109
1 0.986 0.34684684684684686 0.028 0.057057057057057055
1 0.904 0.34234234234234234 0.032 0.06006006006006006
1 0.836 0.3153153153153153 0.028 0.05405405405405406
1 0.914 0.3258258258258258 0.024 0.04504504504504504
