1 0.21847739888977002 0.3327702702702703 0.02458366375892149 0.04054054054054054
1 0.12053925455987312 0.5625 0.04282315622521808 0.11824324324324326
1 0.23473433782712133 0.2719594594594595 0.014274385408406027 0.04391891891891892
1 0.2854877081681205 0.27111486486486486 0.019032513877874704 0.04222972972972973
1 0.28945281522601113 0.23986486486486489 0.019032513877874704 0.033783783783783786
1 0.3199841395717684 0.21537162162162163 0.02141157811260904 0.03547297297297297
1 0.34258524980174465 0.23310810810810811 0.020618556701030927 0.0472972972972973
1 0.36241078509119745 0.21875 0.01586042823156225 0.03547297297297297
1 0.37509912767644726 0.2043918918918919 0.017446471054718478 0.037162162162162164
1 0.4020618556701031 0.19341216216216217 0.01586042823156225 0.04222972972972973
1 0.38620142743854086 0.26520270270270274 0.022204599524187154 0.04391891891891892
1 0.4091990483743061 0.24155405405405406 0.01586042823156225 0.037162162162162164
1 0.4409199048374306 0.20101351351351351 0.01586042823156225 0.037162162162162164
1 0.44964314036478986 0.17060810810810811 0.014274385408406027 0.04054054054054054
1 0.46788263283108644 0.17060810810810811 0.017446471054718478 0.030405405405405407
1 0.4873116574147502 0.18074324324324326 0.01823949246629659 0.0472972972972973
1 0.5035685963521015 0.1596283783783784 0.014274385408406027 0.03885135135135136
1 0.5313243457573354 0.17567567567567569 0.020618556701030927 0.05067567567567568
1 0.5622521808088818 0.14442567567567569 0.01586042823156225 0.03547297297297297
1 0.5856463124504362 0.14273648648648649 0.01506740681998414 0.03885135135135136
1 0.6082474226804123 0.12162162162162163 0.014274385408406027 0.033783783783783786
1 0.640364789849326 0.13429054054054054 0.01506740681998414 0.0320945945945946
1 0.6708961141950832 0.14273648648648649 0.012688342585249802 0.028716216216216218
1 0.6978588421887391 0.14358108108108109 0.01586042823156225 0.037162162162162164
1 0.718080888183981 0.1587837837837838 0.013481363996827915 0.030405405405405407
1 0.6701030927835051 0.18581081081081083 0.01586042823156225 0.033783783783783786
1 0.6851704996034893 0.18665540540540543 0.017446471054718478 0.0320945945945946
1 0.6177636796193497 0.16047297297297297 0.020618556701030927 0.030405405405405407
1 0.6209357652656622 0.18158783783783786 0.01586042823156225 0.03547297297297297
1 0.6300555114988104 0.2043918918918919 0.016653449643140365 0.04391891891891892
1 0.6724821570182395 0.25591216216216217 0.020618556701030927 0.0625
1 0.7053925455987312 0.2204391891891892 0.01823949246629659 0.03885135135135136
1 0.5856463124504362 0.20270270270270271 0.01823949246629659 0.037162162162162164
1 0.5654242664551943 0.22550675675675677 0.017446471054718478 0.03885135135135136
1 0.5087232355273592 0.21030405405405406 0.01823949246629659 0.03547297297297297
1 0.4821570182394925 0.25253378378378377 0.020618556701030927 0.045608108108108114
1 0.4476605868358446 0.31081081081081086 0.02458366375892149 0.057432432432432436
1 0.7541633624107851 0.19847972972972974 0.014274385408406027 0.0320945945945946
1 0.7799365582870738 0.18581081081081083 0.016653449643140365 0.033783783783783786
1 0.7862807295796986 0.21537162162162163 0.01506740681998414 0.0320945945945946
1 0.8140364789849326 0.19510135135135137 0.016653449643140365 0.03885135135135136
1 0.8041237113402062 0.2516891891891892 0.017446471054718478 0.0472972972972973
1 0.8255352894528152 0.23902027027027029 0.017446471054718478 0.03547297297297297
1 0.8485329103885805 0.2212837837837838 0.01586042823156225 0.04054054054054054
1 0.8683584456780333 0.23733108108108109 0.012688342585249802 0.0320945945945946
1 0.8826328310864393 0.2356418918918919 0.014274385408406027 0.04222972972972973
1 0.9119746233148295 0.23986486486486489 0.01586042823156225 0.033783783783783786
1 0.9064234734337827 0.2685810810810811 0.017446471054718478 0.033783783783783786
1 0.9540047581284695 0.2533783783783784 0.014274385408406027 0.037162162162162164
1 0.9873116574147502 0.27871621621621623 0.014274385408406027 0.030405405405405407
1 0.9805709754163362 0.31672297297297297 0.013481363996827915 0.03547297297297297
1 0.9726407613005551 0.3310810810810811 0.016653449643140365 0.04391891891891892
1 0.9777954004758128 0.37162162162162166 0.017446471054718478 0.05405405405405406
1 0.9524187153053132 0.38429054054054057 0.020618556701030927 0.0625
1 0.9321966693100714 0.3361486486486487 0.01506740681998414 0.05067567567567568
1 0.9349722442505948 0.27871621621621623 0.014274385408406027 0.04054054054054054
1 0.8921490880253767 0.2956081081081081 0.020618556701030927 0.04391891891891892
1 0.8762886597938144 0.3192567567567568 0.020618556701030927 0.037162162162162164
1 0.8667724028548771 0.34375 0.019032513877874704 0.048986486486486486
1 0.8227597145122918 0.3015202702702703 0.019825535289452814 0.05574324324324324
1 0.76050753370341 0.29138513513513514 0.022204599524187154 0.04222972972972973
1 0.7490087232355274 0.23395270270270271 0.02141157811260904 0.03547297297297297
1 0.7319587628865979 0.2719594594594595 0.020618556701030927 0.0472972972972973
1 0.6221252973830294 0.2972972972972973 0.022997620935765267 0.05405405405405406
1 0.5880253766851705 0.34206081081081086 0.02458366375892149 0.05574324324324324
1 0.6161776367961935 0.3800675675675676 0.025376685170499604 0.057432432432432436
1 0.6657414750198255 0.41469594594594594 0.026169706582077717 0.05574324324324324
1 0.7359238699444886 0.40371621621621623 0.025376685170499604 0.060810810810810814
1 0.8037272006344172 0.4586148648648649 0.029341792228390166 0.08277027027027027
1 0.8620142743854085 0.5396959459459459 0.028548770816812053 0.07263513513513514
1 0.8889770023790642 0.40287162162162166 0.023790642347343377 0.05912162162162163
1 0.964710547184774 0.45270270270270274 0.026169706582077717 0.0641891891891892
