1 0.014229249011857707 0.5273504273504274 0.022134387351778657 0.08034188034188035
1 0.23122529644268774 0.2743589743589744 0.01818181818181818 0.05299145299145299
1 0.2525691699604743 0.2709401709401709 0.016600790513833993 0.046153846153846156
1 0.2707509881422925 0.25555555555555554 0.019762845849802372 0.042735042735042736
1 0.3229249011857708 0.24102564102564103 0.013438735177865613 0.037606837606837605
1 0.3521739130434783 0.24273504273504273 0.013438735177865613 0.037606837606837605
1 0.3865612648221344 0.25982905982905985 0.017391304347826087 0.05811965811965812
1 0.44308300395256917 0.32735042735042735 0.02134387351778656 0.046153846153846156
1 0.3660079051383399 0.21794871794871795 0.015810276679841896 0.039316239316239315
1 0.37905138339920946 0.19829059829059828 0.010276679841897233 0.03076923076923077
1 0.41106719367588934 0.25555555555555554 0.017391304347826087 0.03247863247863248
1 0.4217391304347826 0.18717948717948718 0.015019762845849802 0.042735042735042736
1 0.44387351778656126 0.20341880341880342 0.016600790513833993 0.041025641025641026
1 0.48853754940711464 0.2547008547008547 0.020553359683794466 0.044444444444444446
1 0.5118577075098815 0.2153846153846154 0.01818181818181818 0.041025641025641026
1 0.48656126482213435 0.17094017094017094 0.010276679841897233 0.044444444444444446
1 0.5031620553359684 0.15555555555555556 0.015019762845849802 0.041025641025641026
1 0.5280632411067193 0.17692307692307693 0.018972332015810278 0.042735042735042736
1 0.5454545454545454 0.16923076923076924 0.014229249011857707 0.041025641025641026
1 0.5612648221343873 0.15982905982905982 0.012648221343873518 0.039316239316239315
1 0.5648221343873517 0.23076923076923078 0.01818181818181818 0.05128205128205128
1 0.5873517786561264 0.20512820512820512 0.012648221343873518 0.02735042735042735
1 0.607905138339921 0.20341880341880342 0.017391304347826087 0.03418803418803419
1 0.6221343873517786 0.1829059829059829 0.011067193675889328 0.037606837606837605
1 0.591699604743083 0.13931623931623932 0.015019762845849802 0.035897435897435895
1 0.6106719367588933 0.12307692307692308 0.016600790513833993 0.037606837606837605
1 0.6399209486166008 0.12991452991452992 0.01818181818181818 0.041025641025641026
1 0.6644268774703557 0.1564102564102564 0.010276679841897233 0.03247863247863248
1 0.6683794466403162 0.1905982905982906 0.015019762845849802 0.022222222222222223
1 0.6691699604743083 0.24188034188034188 0.02450592885375494 0.042735042735042736
1 0.5814229249011857 0.3384615384615385 0.015019762845849802 0.041025641025641026
1 0.6071146245059289 0.3803418803418803 0.017391304347826087 0.06324786324786325
1 0.6652173913043479 0.40683760683760684 0.02292490118577075 0.0547008547008547
1 0.724901185770751 0.4239316239316239 0.023715415019762844 0.06495726495726496
1 0.8031620553359684 0.47094017094017093 0.025296442687747035 0.08034188034188035
1 0.8652173913043478 0.5111111111111111 0.02292490118577075 0.08205128205128205
1 0.8802371541501977 0.4230769230769231 0.02292490118577075 0.05982905982905983
1 0.9533596837944663 0.4547008547008547 0.028458498023715414 0.07179487179487179
1 0.9509881422924901 0.3811965811965812 0.015810276679841896 0.05128205128205128
1 0.9316205533596837 0.3572649572649573 0.02450592885375494 0.041025641025641026
1 0.8711462450592885 0.3418803418803419 0.026877470355731226 0.05811965811965812
1 0.8209486166007905 0.3128205128205128 0.019762845849802372 0.05128205128205128
1 0.7743083003952569 0.28888888888888886 0.01818181818181818 0.044444444444444446
1 0.8011857707509882 0.26495726495726496 0.013438735177865613 0.044444444444444446
1 0.8288537549407115 0.23247863247863249 0.019762845849802372 0.037606837606837605
1 0.7509881422924901 0.23675213675213674 0.015810276679841896 0.046153846153846156
1 0.7260869565217392 0.27863247863247864 0.02134387351778656 0.05811965811965812
1 0.7023715415019762 0.21794871794871795 0.01818181818181818 0.05299145299145299
1 0.6968379446640316 0.1658119658119658 0.015019762845849802 0.041025641025641026
1 0.724505928853755 0.1564102564102564 0.008695652173913044 0.042735042735042736
1 0.7015810276679841 0.13418803418803418 0.011857707509881422 0.022222222222222223
1 0.7687747035573123 0.20256410256410257 0.015019762845849802 0.039316239316239315
1 0.7873517786561265 0.20512820512820512 0.015810276679841896 0.037606837606837605
1 0.8055335968379447 0.19316239316239317 0.011067193675889328 0.05128205128205128
1 0.8205533596837945 0.19743589743589743 0.009486166007905139 0.04957264957264957
1 0.8778656126482214 0.24444444444444444 0.015019762845849802 0.037606837606837605
1 0.9106719367588932 0.23675213675213674 0.014229249011857707 0.018803418803418803
1 0.908300395256917 0.2641025641025641 0.014229249011857707 0.03247863247863248
1 0.8964426877470356 0.28547008547008546 0.015810276679841896 0.03418803418803419
1 0.9363636363636364 0.2726495726495726 0.016600790513833993 0.035897435897435895
1 0.9517786561264822 0.2452991452991453 0.011067193675889328 0.035897435897435895
1 0.9928853754940712 0.27521367521367524 0.012648221343873518 0.03418803418803419
1 0.9735177865612649 0.3230769230769231 0.019762845849802372 0.037606837606837605
1 0.9857707509881423 0.3752136752136752 0.020553359683794466 0.04957264957264957
1 0.6138339920948617 0.305982905982906 0.02134387351778656 0.05128205128205128
