1 0.20813204508856684 0.49029126213592233 0.03784219001610306 0.07350901525658807
1 0.3417874396135266 0.22468793342579751 0.0249597423510467 0.04160887656033287
1 0.3538647342995169 0.25589459084604715 0.0249597423510467 0.05131761442441054
1 0.3969404186795491 0.2669902912621359 0.02254428341384863 0.04299583911234397
1 0.3715780998389694 0.23717059639389737 0.021739130434782608 0.033287101248266296
1 0.39814814814814814 0.23439667128987518 0.020128824476650563 0.03883495145631068
1 0.41223832528180354 0.2031900138696255 0.017713365539452495 0.03744798890429959
1 0.44122383252818037 0.22191400832177532 0.020933977455716585 0.03883495145631068
1 0.47101449275362317 0.23578363384188628 0.027375201288244767 0.049930651872399444
1 0.5132850241545893 0.18515950069348128 0.021739130434782608 0.04576976421636616
1 0.45410628019323673 0.17475728155339806 0.01610305958132045 0.030513176144244106
1 0.4416264090177134 0.17128987517337033 0.013687600644122383 0.0319001386962552
1 0.45933977455716585 0.15395284327323164 0.016908212560386472 0.033287101248266296
1 0.47061191626409016 0.14563106796116504 0.016908212560386472 0.024965325936199722
1 0.5120772946859904 0.12690707350901526 0.01288244766505636 0.023578363384188627
1 0.5257648953301127 0.14771151178918168 0.01288244766505636 0.02912621359223301
1 0.535024154589372 0.13522884882108183 0.012077294685990338 0.023578363384188627
1 0.5499194847020934 0.16158113730929266 0.017713365539452495 0.04022191400832178
1 0.5599838969404187 0.14008321775312066 0.015297906602254429 0.027739251040221916
1 0.570450885668277 0.12829403606102635 0.013687600644122383 0.02912621359223301
1 0.5845410628019324 0.1622746185852982 0.017713365539452495 0.036061026352288486
1 0.5901771336553945 0.1289875173370319 0.01610305958132045 0.024965325936199722
1 0.5982286634460547 0.11373092926490985 0.014492753623188406 0.024965325936199722
1 0.6159420289855072 0.14771151178918168 0.01932367149758454 0.04022191400832178
1 0.6167471819645732 0.11858529819694869 0.01610305958132045 0.02635228848821082
1 0.6364734299516909 0.11165048543689321 0.016908212560386472 0.02912621359223301
1 0.6457326892109501 0.09639389736477115 0.014492753623188406 0.0319001386962552
1 0.6545893719806763 0.11165048543689321 0.014492753623188406 0.02912621359223301
1 0.6533816425120773 0.13800277392510402 0.013687600644122383 0.02912621359223301
1 0.6719001610305958 0.12135922330097088 0.015297906602254429 0.02912621359223301
1 0.7000805152979066 0.10748959778085992 0.016908212560386472 0.0319001386962552
1 0.5499194847020934 0.30582524271844663 0.02576489533011272 0.06241331484049931
1 0.5660225442834138 0.2524271844660194 0.02576489533011272 0.04160887656033287
1 0.6115136876006442 0.2170596393897365 0.026570048309178744 0.04576976421636616
1 0.6131239935587761 0.2579750346740638 0.029790660225442835 0.05825242718446602
1 0.6368760064412239 0.31206657420249656 0.0322061191626409 0.06657420249653259
1 0.6533816425120773 0.26907073509015256 0.02818035426731079 0.05270457697642164
1 0.6634460547504025 0.2260748959778086 0.027375201288244767 0.05270457697642164
1 0.6855877616747182 0.1927877947295423 0.0249597423510467 0.044382801664355064
1 0.715780998389694 0.22052704576976423 0.024154589371980676 0.049930651872399444
1 0.7230273752012882 0.17267683772538142 0.020933977455716585 0.04299583911234397
1 0.7407407407407407 0.18793342579750347 0.02576489533011272 0.04854368932038835
1 0.7592592592592593 0.17337031900138697 0.020933977455716585 0.044382801664355064
1 0.7600644122383253 0.1393897364771151 0.017713365539452495 0.0319001386962552
1 0.7814009661835749 0.10471567267683773 0.015297906602254429 0.03467406380027739
1 0.7954911433172303 0.151872399445215 0.017713365539452495 0.03744798890429959
1 0.7910628019323671 0.19764216366158113 0.015297906602254429 0.03467406380027739
1 0.7805958132045089 0.231622746185853 0.026570048309178744 0.04160887656033287
1 0.7773752012882448 0.2857142857142857 0.02818035426731079 0.05547850208044383
1 0.8083735909822867 0.3959778085991678 0.03864734299516908 0.08183079056865465
1 0.8965378421900161 0.4195561719833565 0.036231884057971016 0.07350901525658807
1 0.8752012882447665 0.3183079056865465 0.0322061191626409 0.07073509015256588
1 0.9150563607085346 0.34535367545076284 0.036231884057971016 0.0638002773925104
1 0.9134460547504025 0.2766990291262136 0.026570048309178744 0.054091539528432736
1 0.9335748792270532 0.24757281553398058 0.021739130434782608 0.056865464632454926
1 0.8772141706924316 0.25450762829403606 0.0249597423510467 0.04299583911234397
1 0.8252818035426731 0.23717059639389737 0.020933977455716585 0.047156726768377254
1 0.8337359098228664 0.21775312066574204 0.023349436392914653 0.044382801664355064
1 0.822061191626409 0.16435506241331485 0.01610305958132045 0.03744798890429959
1 0.8071658615136876 0.18932038834951456 0.018518518518518517 0.04022191400832178
1 0.8200483091787439 0.12135922330097088 0.018518518518518517 0.03744798890429959
1 0.8526570048309179 0.1289875173370319 0.01610305958132045 0.030513176144244106
1 0.8739935587761675 0.14147018030513175 0.013687600644122383 0.027739251040221916
1 0.8639291465378421 0.17198335644937587 0.01610305958132045 0.030513176144244106
1 0.8514492753623188 0.1927877947295423 0.018518518518518517 0.04160887656033287
1 0.8800322061191627 0.22052704576976423 0.01610305958132045 0.030513176144244106
1 0.9021739130434783 0.18030513176144244 0.015297906602254429 0.04160887656033287
1 0.9090177133655395 0.1421636615811373 0.020933977455716585 0.03744798890429959
