1 0.2021276595744681 0.36494252873563215 0.04680851063829787 0.09386973180076628
1 0.3127659574468085 0.2346743295019157 0.023404255319148935 0.047892720306513405
1 0.32127659574468087 0.19444444444444445 0.019148936170212766 0.040229885057471264
1 0.3515957446808511 0.19636015325670497 0.02021276595744681 0.040229885057471264
1 0.40797872340425534 0.2011494252873563 0.022340425531914895 0.04597701149425287
1 0.449468085106383 0.210727969348659 0.02021276595744681 0.038314176245210725
1 0.43882978723404253 0.17049808429118773 0.018085106382978725 0.038314176245210725
1 0.42021276595744683 0.15517241379310345 0.01702127659574468 0.038314176245210725
1 0.4574468085106383 0.16762452107279693 0.01702127659574468 0.036398467432950186
1 0.47819148936170214 0.1867816091954023 0.02446808510638298 0.044061302681992334
1 0.47500000000000003 0.1561302681992337 0.015957446808510637 0.032567049808429116
1 0.46170212765957447 0.1417624521072797 0.012765957446808512 0.026819923371647507
1 0.4978723404255319 0.12835249042145594 0.010638297872340425 0.026819923371647507
1 0.5047872340425532 0.14559386973180075 0.011702127659574468 0.03065134099616858
1 0.5095744680851064 0.2136015325670498 0.02127659574468085 0.040229885057471264
1 0.5547872340425531 0.1781609195402299 0.013829787234042554 0.038314176245210725
1 0.5148936170212766 0.27586206896551724 0.027659574468085108 0.06130268199233716
1 0.5824468085106383 0.28639846743295017 0.02872340425531915 0.0632183908045977
1 0.5968085106382979 0.2404214559386973 0.023404255319148935 0.047892720306513405
1 0.6297872340425532 0.2950191570881226 0.027659574468085108 0.06513409961685823
1 0.5228723404255319 0.1618773946360153 0.015957446808510637 0.028735632183908046
1 0.5186170212765957 0.13505747126436782 0.011702127659574468 0.02490421455938697
1 0.5117021276595745 0.1139846743295019 0.010638297872340425 0.021072796934865898
1 0.5420212765957447 0.1388888888888889 0.013829787234042554 0.028735632183908046
1 0.551063829787234 0.12260536398467432 0.012765957446808512 0.026819923371647507
1 0.575531914893617 0.13314176245210727 0.014893617021276596 0.032567049808429116
1 0.5898936170212766 0.16475095785440613 0.013829787234042554 0.034482758620689655
1 0.601063829787234 0.14080459770114942 0.01702127659574468 0.036398467432950186
1 0.6260638297872341 0.15421455938697318 0.018085106382978725 0.032567049808429116
1 0.5882978723404255 0.1111111111111111 0.012765957446808512 0.026819923371647507
1 0.6106382978723405 0.09386973180076628 0.012765957446808512 0.022988505747126436
1 0.6053191489361702 0.11877394636015325 0.014893617021276596 0.022988505747126436
1 0.6319148936170212 0.12835249042145594 0.01702127659574468 0.022988505747126436
1 0.6398936170212766 0.11302681992337164 0.015957446808510637 0.022988505747126436
1 0.6313829787234043 0.09578544061302681 0.009574468085106383 0.026819923371647507
1 0.6601063829787234 0.10919540229885057 0.011702127659574468 0.026819923371647507
1 0.6675531914893618 0.11877394636015325 0.011702127659574468 0.022988505747126436
1 0.6797872340425533 0.11877394636015325 0.010638297872340425 0.022988505747126436
1 0.6909574468085107 0.12739463601532566 0.013829787234042554 0.032567049808429116
1 0.7106382978723405 0.12260536398467432 0.010638297872340425 0.03065134099616858
1 0.726063829787234 0.13601532567049807 0.015957446808510637 0.034482758620689655
1 0.7090425531914893 0.15517241379310345 0.015957446808510637 0.034482758620689655
1 0.6553191489361703 0.14846743295019157 0.02127659574468085 0.032567049808429116
1 0.6622340425531915 0.1867816091954023 0.018085106382978725 0.036398467432950186
1 0.6329787234042553 0.19731800766283525 0.02127659574468085 0.04980842911877394
1 0.6281914893617021 0.24808429118773945 0.022340425531914895 0.044061302681992334
1 0.6696808510638298 0.21264367816091953 0.02021276595744681 0.042145593869731796
1 0.676063829787234 0.2739463601532567 0.02446808510638298 0.04597701149425287
1 0.6845744680851064 0.34770114942528735 0.039361702127659576 0.07471264367816091
1 0.7563829787234043 0.33237547892720304 0.027659574468085108 0.06704980842911877
1 0.7244680851063829 0.2222222222222222 0.023404255319148935 0.04980842911877394
1 0.7015957446808511 0.2164750957854406 0.02021276595744681 0.042145593869731796
1 0.7436170212765958 0.16570881226053638 0.01702127659574468 0.036398467432950186
1 0.7601063829787235 0.12164750957854406 0.015957446808510637 0.036398467432950186
1 0.7686170212765957 0.14272030651340994 0.013829787234042554 0.032567049808429116
1 0.7882978723404256 0.13601532567049807 0.012765957446808512 0.034482758620689655
1 0.798936170212766 0.14942528735632182 0.014893617021276596 0.034482758620689655
1 0.7792553191489362 0.18007662835249041 0.013829787234042554 0.034482758620689655
1 0.7930851063829787 0.20306513409961685 0.018085106382978725 0.042145593869731796
1 0.8138297872340425 0.19348659003831417 0.019148936170212766 0.038314176245210725
1 0.8292553191489361 0.17528735632183906 0.013829787234042554 0.036398467432950186
1 0.8441489361702128 0.1532567049808429 0.013829787234042554 0.026819923371647507
1 0.8430851063829787 0.21168582375478925 0.013829787234042554 0.040229885057471264
1 0.8579787234042553 0.20785440613026818 0.013829787234042554 0.044061302681992334
1 0.8654255319148937 0.17528735632183906 0.013829787234042554 0.032567049808429116
1 0.8803191489361702 0.16858237547892718 0.011702127659574468 0.026819923371647507
1 0.8808510638297873 0.1475095785440613 0.012765957446808512 0.03065134099616858
1 0.8920212765957447 0.1925287356321839 0.015957446808510637 0.036398467432950186
1 0.9042553191489362 0.18295019157088122 0.012765957446808512 0.036398467432950186
1 0.9127659574468086 0.16570881226053638 0.014893617021276596 0.040229885057471264
1 0.9414893617021277 0.19636015325670497 0.01702127659574468 0.036398467432950186
1 0.9414893617021277 0.17049808429118773 0.012765957446808512 0.03065134099616858
1 0.925 0.24425287356321837 0.015957446808510637 0.044061302681992334
1 0.9180851063829787 0.32567049808429116 0.025531914893617023 0.06896551724137931
1 0.926595744680851 0.29693486590038315 0.023404255319148935 0.04597701149425287
1 0.8797872340425532 0.2681992337164751 0.027659574468085108 0.06130268199233716
1 0.8861702127659574 0.2231800766283525 0.019148936170212766 0.036398467432950186
1 0.8515957446808511 0.3007662835249042 0.026595744680851064 0.06130268199233716
1 0.8127659574468086 0.2844827586206896 0.019148936170212766 0.047892720306513405
1 0.8303191489361702 0.35919540229885055 0.035106382978723406 0.0632183908045977
1 0.7925531914893618 0.27011494252873564 0.025531914893617023 0.053639846743295014
