1 0.20740019474196691 0.4232081911262799 0.04089581304771178 0.07167235494880546
1 0.2629016553067186 0.26791808873720135 0.01557935735150925 0.027303754266211604
1 0.29259980525803314 0.25 0.014605647517039922 0.02901023890784983
1 0.31791626095423564 0.25597269624573377 0.012658227848101266 0.030716723549488054
1 0.3281402142161636 0.27559726962457337 0.017526777020447908 0.02901023890784983
1 0.3495618305744888 0.2815699658703072 0.02142161635832522 0.030716723549488054
1 0.313047711781889 0.2286689419795222 0.016553067185978577 0.030716723549488054
1 0.33836416747809156 0.22525597269624573 0.016553067185978577 0.034129692832764506
1 0.38023369036027266 0.2764505119453925 0.02044790652385589 0.04436860068259386
1 0.41041869522882185 0.2883959044368601 0.018500486854917234 0.04436860068259386
1 0.43476144109055503 0.2525597269624573 0.022395326192794548 0.027303754266211604
1 0.46981499513145086 0.23208191126279865 0.018500486854917234 0.03754266211604096
1 0.3860759493670886 0.20392491467576793 0.016553067185978577 0.02901023890784983
1 0.4284323271665044 0.18686006825938567 0.017526777020447908 0.025597269624573378
1 0.4118792599805258 0.17747440273037543 0.011684518013631937 0.023890784982935155
1 0.45618305744888027 0.1561433447098976 0.014605647517039922 0.03242320819112628
1 0.4746835443037975 0.16382252559726962 0.014605647517039922 0.030716723549488054
1 0.51460564751704 0.18686006825938567 0.012658227848101266 0.02901023890784983
1 0.48685491723466406 0.2030716723549488 0.01557935735150925 0.030716723549488054
1 0.5481986368062317 0.19368600682593856 0.013631937682570594 0.03583617747440273
1 0.5433300876338851 0.17747440273037543 0.017526777020447908 0.03754266211604096
1 0.5272638753651412 0.15443686006825938 0.012658227848101266 0.02901023890784983
1 0.5199610516066212 0.13822525597269625 0.011684518013631937 0.030716723549488054
1 0.5092502434274586 0.12798634812286688 0.009737098344693282 0.020477815699658702
1 0.5584225900681598 0.14846416382252559 0.012658227848101266 0.027303754266211604
1 0.42745861733203505 0.2235494880546075 0.019474196689386564 0.027303754266211604
1 0.5998052580331061 0.16467576791808874 0.01557935735150925 0.03242320819112628
1 0.6124634858812075 0.15358361774744028 0.011684518013631937 0.034129692832764506
1 0.5856864654333009 0.13139931740614336 0.014605647517039922 0.023890784982935155
1 0.6061343719571568 0.10921501706484642 0.01071080817916261 0.027303754266211604
1 0.63047711781889 0.1407849829351536 0.014605647517039922 0.02901023890784983
1 0.620253164556962 0.12969283276450513 0.009737098344693282 0.020477815699658702
1 0.6514118792599806 0.11177474402730375 0.011684518013631937 0.025597269624573378
1 0.6703992210321325 0.12542662116040956 0.014605647517039922 0.02901023890784983
1 0.5292112950340798 0.28754266211604096 0.02044790652385589 0.042662116040955635
1 0.562317429406037 0.302901023890785 0.022395326192794548 0.052901023890784986
1 0.5788704965920156 0.2491467576791809 0.018500486854917234 0.040955631399317405
1 0.6329113924050633 0.21331058020477817 0.023369036027263874 0.034129692832764506
1 0.6411879259980526 0.2525597269624573 0.016553067185978577 0.040955631399317405
1 0.6601752677702045 0.2687713310580205 0.019474196689386564 0.03924914675767918
1 0.6660175267770204 0.22610921501706485 0.01557935735150925 0.03924914675767918
1 0.6528724440116845 0.1766211604095563 0.016553067185978577 0.03242320819112628
1 0.689873417721519 0.1697952218430034 0.014605647517039922 0.03242320819112628
1 0.6757546251217138 0.33532423208191126 0.027263875365141188 0.06655290102389079
1 0.7171372930866602 0.2892491467576792 0.024342745861733205 0.052901023890784986
1 0.7911392405063291 0.3506825938566553 0.030185004868549175 0.059726962457337884
1 0.7891918208373905 0.29180887372013653 0.02044790652385589 0.04778156996587031
1 0.7526777020447907 0.24829351535836178 0.02142161635832522 0.03924914675767918
1 0.7122687439143136 0.23378839590443687 0.018500486854917234 0.03754266211604096
1 0.7234664070107109 0.1945392491467577 0.01557935735150925 0.03754266211604096
1 0.7497565725413827 0.20051194539249148 0.017526777020447908 0.02901023890784983
1 0.7351509250243428 0.15955631399317408 0.013631937682570594 0.02901023890784983
1 0.7512171372930867 0.15187713310580206 0.014605647517039922 0.030716723549488054
1 0.7692307692307693 0.18003412969283278 0.013631937682570594 0.02901023890784983
1 0.7930866601752677 0.19197952218430034 0.016553067185978577 0.03924914675767918
1 0.7901655306718598 0.1493174061433447 0.01071080817916261 0.02901023890784983
1 0.7731256085686465 0.12372013651877133 0.013631937682570594 0.02901023890784983
1 0.8057448880233691 0.13054607508532423 0.01071080817916261 0.02901023890784983
1 0.8130477117818891 0.17320819112627986 0.013631937682570594 0.03583617747440273
1 0.8315481986368063 0.23293515358361774 0.019474196689386564 0.04948805460750853
1 0.8495618305744889 0.2158703071672355 0.014605647517039922 0.03924914675767918
1 0.8602726387536515 0.18515358361774745 0.014605647517039922 0.03242320819112628
1 0.8330087633885103 0.17320819112627986 0.012658227848101266 0.03924914675767918
1 0.8398247322297956 0.1407849829351536 0.014605647517039922 0.03583617747440273
1 0.887049659201558 0.15443686006825938 0.011684518013631937 0.03242320819112628
1 0.8958130477117819 0.19197952218430034 0.013631937682570594 0.03583617747440273
1 0.8889970788704966 0.22098976109215018 0.017526777020447908 0.03583617747440273
1 0.8748782862706914 0.23976109215017066 0.02044790652385589 0.04948805460750853
1 0.8656280428432327 0.29266211604095566 0.019474196689386564 0.04607508532423208
1 0.9211295034079845 0.27559726962457337 0.017526777020447908 0.042662116040955635
