1 0.8493259318001586 0.1584852734922861 0.011102299762093577 0.028050490883590462
1 0.8881839809674861 0.1767180925666199 0.014274385408406027 0.033660589060308554
1 0.9195083267248215 0.2138849929873773 0.013481363996827915 0.037868162692847124
1 0.8663758921490881 0.22300140252454417 0.016653449643140365 0.04207573632538569
1 0.8786677240285488 0.31065918653576435 0.019032513877874704 0.05750350631136045
1 0.9032513877874703 0.3408134642356241 0.022204599524187154 0.05329593267882188
1 0.8846153846153846 0.39481065918653574 0.026169706582077717 0.06591865357643759
1 0.8152260111022998 0.36816269284712483 0.023790642347343377 0.06591865357643759
1 0.7739888977002379 0.2917251051893408 0.019032513877874704 0.04488078541374474
1 0.8195876288659794 0.20757363253856942 0.016653449643140365 0.04207573632538569
1 0.7026169706582077 0.23071528751753156 0.019032513877874704 0.04628330995792426
1 0.6494845360824743 0.2187938288920056 0.017446471054718478 0.047685834502103785
1 0.5685963521015067 0.23071528751753156 0.019032513877874704 0.043478260869565216
1 0.486122125297383 0.19214586255259467 0.01586042823156225 0.033660589060308554
1 0.42942109436954795 0.21248246844319774 0.01506740681998414 0.04067321178120617
1 0.3996827914353688 0.2005610098176718 0.012688342585249802 0.028050490883590462
1 0.40602696272799366 0.21598877980364656 0.01586042823156225 0.03927068723702665
1 0.36716891356066617 0.23632538569424966 0.01586042823156225 0.03225806451612903
1 0.32632831086439335 0.24193548387096775 0.01506740681998414 0.03225806451612903
1 0.25852498017446474 0.2826086956521739 0.022204599524187154 0.04628330995792426
1 0.19072164948453607 0.2966339410939691 0.01823949246629659 0.04067321178120617
1 0.1998413957176844 0.48176718092566617 0.034892942109436956 0.06872370266479663
1 0.5880253766851705 0.10168302945301542 0.010309278350515464 0.021037868162692847
