1 0.8728191000918274 0.19055374592833876 0.011937557392102846 0.035830618892508145
1 0.8953168044077134 0.2198697068403909 0.012855831037649219 0.035830618892508145
1 0.8948576675849403 0.25651465798045603 0.015610651974288337 0.04071661237785017
1 0.9196510560146923 0.250814332247557 0.015610651974288337 0.03908794788273616
1 0.9421487603305785 0.1962540716612378 0.011019283746556474 0.030944625407166124
1 0.8273645546372819 0.26058631921824105 0.018365472910927456 0.048859934853420196
1 0.7548209366391184 0.1482084690553746 0.011019283746556474 0.02931596091205212
1 0.7713498622589532 0.1498371335504886 0.011019283746556474 0.02931596091205212
1 0.6101928374655647 0.10830618892508144 0.0101010101010101 0.024429967426710098
1 0.6285583103764922 0.13355048859934854 0.011937557392102846 0.02931596091205212
1 0.6542699724517906 0.12296416938110749 0.0101010101010101 0.024429967426710098
1 0.662534435261708 0.14413680781758959 0.011937557392102846 0.030944625407166124
1 0.43021120293847565 0.2003257328990228 0.015610651974288337 0.042345276872964174
1 0.45362718089990817 0.20358306188925082 0.018365472910927456 0.03908794788273616
