1 0.03333333333333333 0.16666666666666666 0.06333333333333334 0.13930348258706468
1 0.1275 0.3756218905472637 0.10500000000000001 0.1990049751243781
1 0.17583333333333334 0.2263681592039801 0.045000000000000005 0.06467661691542288
1 0.22166666666666668 0.19651741293532338 0.03333333333333333 0.06467661691542288
1 0.44333333333333336 0.11940298507462686 0.060000000000000005 0.13432835820895522
1 0.49750000000000005 0.3743781094527363 0.09166666666666667 0.16666666666666666
1 0.42000000000000004 0.5335820895522388 0.1366666666666667 0.18159203980099503
1 0.40166666666666667 0.18656716417910446 0.07 0.1144278606965174
1 0.5475 0.15049751243781095 0.08166666666666667 0.11194029850746269
1 0.6433333333333334 0.20024875621890548 0.06333333333333334 0.10696517412935323
1 0.6666666666666667 0.16044776119402984 0.05 0.09203980099502487
1 0.7433333333333334 0.16417910447761194 0.05333333333333334 0.10945273631840796
1 0.8441666666666667 0.1417910447761194 0.20500000000000002 0.27860696517412936
1 0.9525 0.10572139303482588 0.06833333333333334 0.12686567164179105
