1 0.6809256661991585 0.421218487394958 0.04908835904628331 0.09033613445378151
1 0.9025245441795231 0.4275210084033613 0.037868162692847124 0.07352941176470588
1 0.8821879382889201 0.5220588235294118 0.05329593267882188 0.09033613445378151
1 0.958625525946704 0.5892857142857143 0.07433380084151472 0.13655462184873948
1 0.6009817671809257 0.5388655462184874 0.04628330995792426 0.06932773109243698
1 0.5827489481065918 0.5871848739495799 0.051893408134642355 0.0819327731092437
1 0.5140252454417952 0.6722689075630252 0.08835904628330996 0.14285714285714285
1 0.45161290322580644 0.5913865546218487 0.061711079943899017 0.09453781512605042
1 0.46213183730715285 0.5472689075630252 0.06030855539971949 0.0819327731092437
1 0.36886395511921455 0.6596638655462185 0.0785413744740533 0.12184873949579832
1 0.41164095371669 0.9054621848739496 0.1697054698457223 0.18907563025210083
1 0.30504908835904626 0.7394957983193277 0.09396914446002805 0.1680672268907563
1 0.1697054698457223 0.5777310924369747 0.056100981767180924 0.09663865546218486
1 0.08695652173913043 0.5829831932773109 0.07573632538569425 0.11134453781512604
