1 0.07256778309409888 0.5464632454923717 0.05263157894736842 0.09153952843273232
1 0.2204944178628389 0.340499306518724 0.018341307814992026 0.0319001386962552
1 0.25079744816586924 0.3647711511789182 0.023125996810207338 0.04160887656033287
1 0.28548644338118023 0.3592233009708738 0.02073365231259968 0.04160887656033287
1 0.2862838915470494 0.3023578363384189 0.017543859649122806 0.033287101248266296
1 0.33532695374800636 0.35436893203883496 0.019936204146730464 0.04854368932038835
1 0.3492822966507177 0.3224687933425798 0.01594896331738437 0.03467406380027739
1 0.35406698564593303 0.2919556171983356 0.01594896331738437 0.03467406380027739
1 0.39035087719298245 0.2635228848821082 0.015151515151515152 0.030513176144244106
1 0.40271132376395535 0.2766990291262136 0.01594896331738437 0.0319001386962552
1 0.40669856459330145 0.2912621359223301 0.014354066985645933 0.033287101248266296
1 0.40749601275917063 0.33217753120665744 0.019138755980861243 0.04022191400832178
1 0.3839712918660287 0.3196948682385576 0.0215311004784689 0.03744798890429959
1 0.44537480063795853 0.3377253814147018 0.019936204146730464 0.03744798890429959
1 0.43620414673046254 0.3009708737864078 0.019138755980861243 0.03883495145631068
1 0.4609250398724083 0.3085991678224688 0.023923444976076555 0.04022191400832178
1 0.42105263157894735 0.24549237170596394 0.014354066985645933 0.024965325936199722
1 0.4477671451355662 0.2565880721220527 0.013556618819776715 0.033287101248266296
1 0.44976076555023925 0.24549237170596394 0.014354066985645933 0.027739251040221916
1 0.46570972886762363 0.231622746185853 0.012759170653907496 0.022191400832177532
1 0.47248803827751196 0.2593619972260749 0.01674641148325359 0.027739251040221916
1 0.4964114832535885 0.2579750346740638 0.015151515151515152 0.027739251040221916
1 0.5047846889952153 0.24549237170596394 0.011164274322169059 0.024965325936199722
1 0.5167464114832536 0.23994452149791956 0.01594896331738437 0.027739251040221916
1 0.5219298245614035 0.2635228848821082 0.01674641148325359 0.036061026352288486
1 0.5047846889952153 0.311373092926491 0.02073365231259968 0.03744798890429959
1 0.5426634768740032 0.2406380027739251 0.013556618819776715 0.02912621359223301
1 0.5514354066985646 0.21914008321775313 0.01036682615629984 0.022191400832177532
1 0.5661881977671451 0.23509015256588073 0.012759170653907496 0.02635228848821082
1 0.5681818181818182 0.2170596393897365 0.015151515151515152 0.020804438280166437
1 0.5618022328548644 0.2579750346740638 0.015151515151515152 0.027739251040221916
1 0.5514354066985646 0.2725381414701803 0.015151515151515152 0.02912621359223301
1 0.5937001594896332 0.21636615811373094 0.01036682615629984 0.024965325936199722
1 0.5956937799043063 0.24757281553398058 0.014354066985645933 0.02635228848821082
1 0.6056618819776715 0.2031900138696255 0.01036682615629984 0.023578363384188627
1 0.6188197767145136 0.20804438280166437 0.012759170653907496 0.024965325936199722
1 0.6283891547049442 0.23717059639389737 0.012759170653907496 0.027739251040221916
1 0.6411483253588517 0.2128987517337032 0.012759170653907496 0.023578363384188627
1 0.4621212121212121 0.40499306518723993 0.03110047846889952 0.05825242718446602
1 0.5342902711323764 0.3945908460471567 0.02711323763955343 0.04854368932038835
1 0.5546251993620415 0.34396671289875175 0.019936204146730464 0.047156726768377254
1 0.5933014354066986 0.311373092926491 0.019138755980861243 0.04022191400832178
1 0.5733652312599681 0.4230235783633842 0.03189792663476874 0.06934812760055478
1 0.5773524720893142 0.4056865464632455 0.02711323763955343 0.04854368932038835
1 0.6311802232854864 0.4500693481276006 0.0342902711323764 0.06241331484049931
1 0.6244019138755981 0.28779472954230234 0.01594896331738437 0.03744798890429959
1 0.6622807017543859 0.22538141470180306 0.011961722488038277 0.02635228848821082
1 0.6718500797448166 0.22399445214979197 0.013556618819776715 0.02635228848821082
1 0.6670653907496013 0.25866851595006934 0.015151515151515152 0.03467406380027739
1 0.6957735247208932 0.25312066574202496 0.013556618819776715 0.03467406380027739
1 0.7113237639553429 0.27600554785020803 0.01594896331738437 0.033287101248266296
1 0.7208931419457735 0.2593619972260749 0.014354066985645933 0.036061026352288486
1 0.7276714513556619 0.23994452149791956 0.013556618819776715 0.027739251040221916
1 0.7348484848484849 0.23300970873786409 0.015151515151515152 0.024965325936199722
1 0.6471291866028708 0.3259361997226075 0.0215311004784689 0.03883495145631068
1 0.6566985645933014 0.3550624133148405 0.024720893141945775 0.05270457697642164
1 0.6770334928229665 0.34119278779472956 0.023923444976076555 0.049930651872399444
1 0.733652312599681 0.39944521497919555 0.028708133971291867 0.049930651872399444
1 0.775518341307815 0.4015256588072122 0.023125996810207338 0.04854368932038835
1 0.7667464114832536 0.22954230235783635 0.015151515151515152 0.03467406380027739
1 0.7878787878787878 0.25589459084604715 0.014354066985645933 0.023578363384188627
1 0.7619617224880383 0.260748959778086 0.015151515151515152 0.033287101248266296
1 0.7854864433811802 0.29611650485436897 0.01594896331738437 0.04022191400832178
1 0.740829346092504 0.2780859916782247 0.019138755980861243 0.04022191400832178
1 0.7488038277511961 0.2593619972260749 0.011164274322169059 0.030513176144244106
1 0.8110047846889952 0.27184466019417475 0.01594896331738437 0.033287101248266296
1 0.8241626794258373 0.2565880721220527 0.01036682615629984 0.024965325936199722
1 0.835725677830941 0.27184466019417475 0.012759170653907496 0.036061026352288486
1 0.84688995215311 0.268377253814147 0.012759170653907496 0.03744798890429959
1 0.8584529505582137 0.25728155339805825 0.01036682615629984 0.03467406380027739
1 0.8771929824561403 0.2780859916782247 0.011164274322169059 0.0319001386962552
1 0.9202551834130781 0.2593619972260749 0.012759170653907496 0.033287101248266296
1 0.9150717703349283 0.30305131761442444 0.013556618819776715 0.0319001386962552
1 0.9094896331738437 0.3363384188626907 0.019936204146730464 0.03744798890429959
1 0.9090909090909091 0.3509015256588072 0.019138755980861243 0.044382801664355064
1 0.9055023923444976 0.38904299583911234 0.019936204146730464 0.05131761442441054
1 0.8748006379585327 0.3210818307905687 0.01594896331738437 0.03744798890429959
1 0.8281499202551834 0.3072122052704577 0.018341307814992026 0.03467406380027739
1 0.8034290271132376 0.32801664355062415 0.018341307814992026 0.03744798890429959
1 0.861244019138756 0.35436893203883496 0.02073365231259968 0.04854368932038835
1 0.8460925039872408 0.3668515950069348 0.022328548644338118 0.05131761442441054
1 0.7946570972886763 0.369625520110957 0.019936204146730464 0.05131761442441054
1 0.8293460925039873 0.43966712898751736 0.023923444976076555 0.05547850208044383
1 0.8911483253588517 0.4576976421636616 0.023125996810207338 0.05825242718446602
1 0.7065390749601276 0.47572815533980584 0.03349282296650718 0.08044382801664356
1 0.7906698564593302 0.5208044382801664 0.03269537480063796 0.07628294036061027
