1 0.17203742203742206 0.3992467043314501 0.0446985446985447 0.1167608286252354
1 0.6632016632016633 0.512241054613936 0.06860706860706861 0.12429378531073446
1 0.3762993762993763 0.13653483992467041 0.016632016632016633 0.02824858757062147
1 0.408004158004158 0.16195856873822975 0.013513513513513514 0.03766478342749529
1 0.4100831600831601 0.2485875706214689 0.013513513513513514 0.03389830508474576
1 0.42515592515592515 0.2231638418079096 0.018711018711018712 0.03954802259887005
1 0.45114345114345117 0.2335216572504708 0.018711018711018712 0.03389830508474576
1 0.47141372141372145 0.1591337099811676 0.013513513513513514 0.035781544256120526
1 0.4781704781704782 0.18173258003766476 0.018711018711018712 0.035781544256120526
1 0.5821205821205822 0.13088512241054615 0.016632016632016633 0.02824858757062147
1 0.5223492723492724 0.19774011299435026 0.02598752598752599 0.03766478342749529
1 0.5566528066528067 0.2024482109227872 0.028066528066528068 0.04331450094161959
1 0.6086278586278586 0.24199623352165725 0.028066528066528068 0.035781544256120526
1 0.6335758835758836 0.2551789077212806 0.02390852390852391 0.05084745762711864
1 0.7141372141372142 0.16290018832391714 0.016632016632016633 0.032015065913371
1 0.7188149688149689 0.1854990583804143 0.015592515592515593 0.032015065913371
1 0.7396049896049897 0.17231638418079095 0.013513513513513514 0.04331450094161959
1 0.7567567567567568 0.2005649717514124 0.016632016632016633 0.032015065913371
1 0.7822245322245323 0.19774011299435026 0.013513513513513514 0.041431261770244816
1 0.8316008316008316 0.2711864406779661 0.02079002079002079 0.052730696798493404
1 0.882016632016632 0.2645951035781544 0.02390852390852391 0.054613935969868174
1 0.9402286902286903 0.24576271186440676 0.01975051975051975 0.03954802259887005
1 0.9506237006237007 0.2071563088512241 0.015592515592515593 0.041431261770244816
