1 0.10400000000000001 0.4954954954954955 0.068 0.12612612612612611
1 0.148 0.6561561561561562 0.112 0.16516516516516516
1 0.219 0.4084084084084084 0.062 0.10810810810810811
1 0.3 0.524024024024024 0.084 0.12312312312312312
1 0.369 0.4264264264264264 0.062 0.0960960960960961
1 0.427 0.6516516516516516 0.106 0.16216216216216217
1 0.47900000000000004 0.512012012012012 0.074 0.13513513513513514
1 0.5690000000000001 0.3138138138138138 0.042 0.07507507507507508
1 0.705 0.487987987987988 0.07 0.12912912912912913
1 0.717 0.7627627627627628 0.10200000000000001 0.1921921921921922
1 0.84 0.5630630630630631 0.096 0.17117117117117117
1 0.874 0.5105105105105106 0.056 0.0960960960960961
1 0.9490000000000001 0.5690690690690691 0.094 0.17117117117117117
