1 0.129 0.4794952681388012 0.042 0.08201892744479496
1 0.169 0.5441640378548895 0.054 0.0914826498422713
1 0.226 0.5694006309148265 0.06 0.09779179810725552
1 0.249 0.49684542586750785 0.042 0.08517350157728706
1 0.34500000000000003 0.4794952681388012 0.038 0.0694006309148265
1 0.329 0.6261829652996845 0.074 0.13564668769716087
1 0.452 0.6845425867507886 0.084 0.15141955835962145
1 0.5730000000000001 0.8753943217665615 0.106 0.21766561514195584
1 0.765 0.7097791798107256 0.07 0.11356466876971609
1 0.8130000000000001 0.6356466876971608 0.062 0.11041009463722397
1 0.861 0.5741324921135647 0.054 0.0946372239747634
1 0.914 0.555205047318612 0.044 0.07570977917981073
1 0.914 0.5157728706624606 0.032 0.05362776025236593
1 0.9400000000000001 0.49842271293375395 0.028 0.056782334384858045
1 0.928 0.4700315457413249 0.032 0.056782334384858045
1 0.9450000000000001 0.4511041009463722 0.022 0.050473186119873815
1 0.9540000000000001 0.49369085173501576 0.04 0.05993690851735015
1 0.892 0.43217665615141954 0.016 0.03785488958990536
1 0.867 0.45425867507886436 0.026000000000000002 0.03785488958990536
1 0.84 0.4353312302839117 0.02 0.03785488958990536
1 0.807 0.4416403785488959 0.022 0.044164037854889586
1 0.798 0.42429022082018925 0.02 0.04100946372239748
1 0.759 0.4384858044164038 0.026000000000000002 0.056782334384858045
1 0.717 0.4274447949526814 0.022 0.04100946372239748
1 0.716 0.4037854889589905 0.02 0.031545741324921134
1 0.672 0.4195583596214511 0.024 0.044164037854889586
1 0.64 0.41798107255520506 0.024 0.0473186119873817
1 0.627 0.4227129337539432 0.026000000000000002 0.044164037854889586
1 0.58 0.4353312302839117 0.02 0.044164037854889586
1 0.534 0.4400630914826498 0.024 0.0473186119873817
1 0.47400000000000003 0.4400630914826498 0.028 0.05362776025236593
1 0.404 0.46056782334384855 0.036000000000000004 0.0694006309148265
