1 0.039375 0.30000000000000004 0.03375 0.03333333333333333
1 0.035625000000000004 0.41500000000000004 0.01875 0.03666666666666667
1 0.059375000000000004 0.42083333333333334 0.03375 0.03833333333333334
1 0.109375 0.4291666666666667 0.043750000000000004 0.05166666666666667
1 0.078125 0.43833333333333335 0.02625 0.030000000000000002
1 0.16875 0.3433333333333334 0.02 0.030000000000000002
1 0.206875 0.3416666666666667 0.01625 0.02666666666666667
1 0.258125 0.34833333333333333 0.01875 0.030000000000000002
1 0.28250000000000003 0.35250000000000004 0.02 0.028333333333333335
1 0.32625 0.34833333333333333 0.02 0.03333333333333333
1 0.22625 0.5416666666666667 0.08 0.09666666666666668
1 0.193125 0.49333333333333335 0.06125 0.09333333333333334
1 0.1575 0.42833333333333334 0.035 0.05
1 0.14375000000000002 0.4033333333333334 0.025 0.03333333333333333
1 0.19 0.4166666666666667 0.0325 0.05333333333333334
1 0.213125 0.39916666666666667 0.02375 0.035
1 0.239375 0.4475 0.04125 0.065
1 0.278125 0.43833333333333335 0.04125 0.05333333333333334
1 0.2675 0.4058333333333334 0.035 0.03833333333333334
1 0.2975 0.4141666666666667 0.025 0.035
1 0.31875000000000003 0.39916666666666667 0.0225 0.03166666666666667
1 0.3275 0.44333333333333336 0.035 0.05333333333333334
1 0.37 0.42833333333333334 0.0325 0.04666666666666667
1 0.398125 0.40166666666666667 0.02375 0.03666666666666667
1 0.426875 0.5675 0.14125000000000001 0.22166666666666668
1 0.45875 0.4575 0.055 0.07500000000000001
1 0.4525 0.4083333333333334 0.03 0.043333333333333335
1 0.5075000000000001 0.3975 0.025 0.03166666666666667
1 0.5387500000000001 0.4466666666666667 0.04 0.05333333333333334
1 0.588125 0.4541666666666667 0.04875 0.07166666666666667
1 0.563125 0.4116666666666667 0.02625 0.03666666666666667
1 0.525625 0.3925 0.01875 0.03166666666666667
1 0.62 0.41583333333333333 0.03 0.035
1 0.68375 0.4241666666666667 0.0275 0.03833333333333334
1 0.66625 0.4133333333333334 0.0225 0.030000000000000002
1 0.705 0.445 0.0275 0.043333333333333335
1 0.74625 0.46 0.0525 0.08
1 0.6431250000000001 0.53 0.06875 0.1
1 0.758125 0.6008333333333333 0.10625 0.16166666666666668
1 0.82625 0.5458333333333334 0.0775 0.11833333333333335
1 0.92 0.48583333333333334 0.07 0.085
1 0.846875 0.4591666666666667 0.051250000000000004 0.06166666666666667
1 0.78625 0.44333333333333336 0.035 0.05333333333333334
1 0.771875 0.4191666666666667 0.02375 0.035
1 0.7262500000000001 0.4116666666666667 0.0225 0.03333333333333333
1 0.855625 0.4108333333333334 0.02875 0.03833333333333334
1 0.835 0.39583333333333337 0.0225 0.025
1 0.884375 0.43500000000000005 0.03375 0.043333333333333335
1 0.96125 0.6266666666666667 0.0725 0.16333333333333333
1 0.99 0.4525 0.02 0.045000000000000005
1 0.965 0.43000000000000005 0.03 0.043333333333333335
1 0.9343750000000001 0.43833333333333335 0.03125 0.04666666666666667
1 0.919375 0.4 0.01875 0.030000000000000002
1 0.9450000000000001 0.4066666666666667 0.02 0.030000000000000002
1 0.988125 0.405 0.01625 0.02666666666666667
