1 0.164375 0.6808333333333334 0.13125 0.18500000000000003
1 0.22375 0.6000000000000001 0.0825 0.11666666666666667
1 0.35625 0.6641666666666667 0.115 0.155
1 0.446875 0.5700000000000001 0.07375 0.11
1 0.545 0.625 0.0975 0.1366666666666667
1 0.541875 0.55 0.06125 0.09000000000000001
1 0.829375 0.6050000000000001 0.06875 0.13
1 0.873125 0.5425 0.043750000000000004 0.065
1 0.849375 0.5133333333333334 0.03375 0.05
1 0.896875 0.505 0.03875 0.060000000000000005
1 0.909375 0.49083333333333334 0.02375 0.04166666666666667
1 0.76625 0.4866666666666667 0.0275 0.04666666666666667
1 0.744375 0.5166666666666667 0.03875 0.05666666666666667
1 0.690625 0.5116666666666667 0.03625 0.05333333333333334
1 0.6531250000000001 0.48583333333333334 0.02625 0.04833333333333334
1 0.63375 0.5083333333333334 0.0375 0.05333333333333334
1 0.600625 0.49750000000000005 0.03125 0.05166666666666667
1 0.568125 0.5125000000000001 0.03625 0.045000000000000005
1 0.555625 0.48250000000000004 0.02625 0.045000000000000005
1 0.5175 0.4691666666666667 0.0225 0.03833333333333334
1 0.500625 0.4808333333333334 0.02625 0.045000000000000005
1 0.47250000000000003 0.4708333333333334 0.0225 0.035
1 0.464375 0.5191666666666667 0.04125 0.058333333333333334
1 0.449375 0.4916666666666667 0.03125 0.043333333333333335
1 0.435625 0.47750000000000004 0.03125 0.03833333333333334
1 0.405 0.455 0.02 0.030000000000000002
1 0.401875 0.4891666666666667 0.02375 0.03833333333333334
1 0.355 0.4683333333333334 0.02 0.04
1 0.369375 0.4691666666666667 0.01625 0.03166666666666667
1 0.3325 0.5258333333333334 0.0525 0.07500000000000001
1 0.3625 0.54 0.0375 0.07
1 0.33625 0.4758333333333334 0.015 0.035
1 0.31125 0.4866666666666667 0.0225 0.03333333333333333
1 0.31 0.46166666666666667 0.015 0.02666666666666667
1 0.253125 0.4608333333333334 0.01625 0.035
1 0.245625 0.5108333333333334 0.03625 0.055
1 0.2275 0.465 0.02 0.043333333333333335
1 0.201875 0.4625 0.01875 0.03166666666666667
1 0.204375 0.5175000000000001 0.03125 0.06166666666666667
1 0.17625 0.5316666666666667 0.0575 0.08333333333333334
1 0.15125 0.4675 0.025 0.045000000000000005
1 0.08687500000000001 0.5241666666666667 0.05625 0.08166666666666667
1 0.09375 0.4766666666666667 0.0325 0.04666666666666667
1 0.1225 0.48833333333333334 0.0275 0.05
1 0.135 0.47250000000000003 0.02 0.03166666666666667
1 0.07187500000000001 0.4691666666666667 0.02375 0.03166666666666667
1 0.01875 0.48250000000000004 0.0325 0.055
1 0.02875 0.45583333333333337 0.025 0.028333333333333335
