1 0.13853367433930094 0.5343839541547277 0.043478260869565216 0.08022922636103151
1 0.2361466325660699 0.34097421203438394 0.017050298380221655 0.03151862464183381
1 0.2591645353793691 0.39255014326647564 0.023870417732310314 0.040114613180515755
1 0.28815004262574595 0.3825214899713467 0.023870417732310314 0.05157593123209169
1 0.2907075873827792 0.32163323782234954 0.01875532821824382 0.0329512893982808
1 0.34782608695652173 0.36174785100286533 0.02557544757033248 0.050143266475644696
1 0.3290707587382779 0.33739255014326647 0.01875532821824382 0.03868194842406877
1 0.36445012787723785 0.332378223495702 0.0196078431372549 0.03151862464183381
1 0.36445012787723785 0.3037249283667622 0.01619778346121057 0.028653295128939826
1 0.40068201193520886 0.2657593123209169 0.017050298380221655 0.03008595988538682
1 0.4219948849104859 0.34025787965616044 0.023870417732310314 0.03868194842406877
1 0.3930093776641091 0.34957020057306587 0.02557544757033248 0.045845272206303724
1 0.45652173913043476 0.33810888252148996 0.021312872975277068 0.04297994269340974
1 0.4424552429667519 0.3116045845272206 0.020460358056265983 0.0329512893982808
1 0.4198635976129582 0.3037249283667622 0.0196078431372549 0.034383954154727794
1 0.42114236999147486 0.27435530085959886 0.017050298380221655 0.03008595988538682
1 0.4394714407502131 0.2643266475644699 0.014492753623188406 0.03008595988538682
1 0.4514066496163683 0.2836676217765043 0.017902813299232736 0.040114613180515755
1 0.4820971867007673 0.31805157593123207 0.023017902813299233 0.04297994269340974
1 0.4855072463768116 0.2722063037249284 0.0196078431372549 0.03724928366762178
1 0.47911338448422847 0.24283667621776503 0.015345268542199489 0.03008595988538682
1 0.5242966751918159 0.2657593123209169 0.02216538789428815 0.03868194842406877
1 0.5157715260017051 0.34025787965616044 0.027280477408354646 0.044412607449856735
1 0.5413469735720375 0.2808022922636103 0.017050298380221655 0.04297994269340974
1 0.5635123614663257 0.25716332378223494 0.015345268542199489 0.03868194842406877
1 0.5758738277919864 0.28796561604584525 0.01619778346121057 0.034383954154727794
1 0.5954816709292413 0.2693409742120344 0.017902813299232736 0.03151862464183381
1 0.5728900255754475 0.22636103151862463 0.011935208866155157 0.025787965616045846
1 0.587382779198636 0.22206303724928367 0.013640238704177323 0.03151862464183381
1 0.5916453537936914 0.245702005730659 0.017050298380221655 0.03008595988538682
1 0.6206308610400681 0.25429799426934097 0.017050298380221655 0.03008595988538682
1 0.6334185848252344 0.21203438395415472 0.013640238704177323 0.03151862464183381
1 0.6483375959079284 0.21203438395415472 0.014492753623188406 0.03151862464183381
1 0.6555839727195226 0.25501432664756446 0.01875532821824382 0.034383954154727794
1 0.6436487638533674 0.23782234957020057 0.017050298380221655 0.028653295128939826
1 0.6926683716965046 0.21131805157593123 0.01619778346121057 0.024355300859598854
1 0.6986359761295823 0.24212034383954154 0.017902813299232736 0.03151862464183381
1 0.7097186700767263 0.22564469914040114 0.01619778346121057 0.0329512893982808
1 0.6926683716965046 0.27650429799426934 0.01619778346121057 0.034383954154727794
1 0.4948849104859335 0.4140401146131805 0.03324808184143223 0.0659025787965616
1 0.5558397271952259 0.3631805157593123 0.028985507246376812 0.05300859598853868
1 0.5490196078431373 0.43338108882521487 0.03751065643648764 0.06446991404011461
1 0.6108269394714407 0.45702005730659023 0.03495311167945439 0.07163323782234957
1 0.6585677749360613 0.4613180515759312 0.040068201193520885 0.07736389684813753
1 0.6300085251491901 0.37177650429799425 0.030690537084398978 0.055873925501432664
1 0.6206308610400681 0.32736389684813755 0.023870417732310314 0.04727793696275071
1 0.6538789428815004 0.3015759312320917 0.02216538789428815 0.04727793696275071
1 0.6679454390451833 0.34957020057306587 0.021312872975277068 0.04297994269340974
1 0.6798806479113384 0.3674785100286533 0.028132992327365727 0.055873925501432664
1 0.7037510656436488 0.3173352435530086 0.017902813299232736 0.04154727793696275
1 0.7267689684569479 0.30659025787965616 0.0196078431372549 0.040114613180515755
1 0.7289002557544757 0.25573065902578795 0.015345268542199489 0.03581661891117478
1 0.7131287297527706 0.3646131805157593 0.023017902813299233 0.050143266475644696
1 0.7463768115942029 0.4068767908309455 0.029838022165387893 0.05444126074498567
1 0.7263427109974424 0.5386819484240688 0.0392156862745098 0.07449856733524356
1 0.8363171355498721 0.58810888252149 0.03751065643648764 0.08166189111747851
1 0.7975277067348678 0.4276504297994269 0.03324808184143223 0.061604584527220625
1 0.8699914748508099 0.4699140401146132 0.03324808184143223 0.06303724928366762
1 0.7617220801364024 0.25501432664756446 0.017902813299232736 0.034383954154727794
1 0.7719522591645354 0.2449856733524355 0.01278772378516624 0.03151862464183381
1 0.803921568627451 0.28581661891117477 0.017050298380221655 0.03868194842406877
1 0.7983802216538789 0.2686246418338109 0.014492753623188406 0.03008595988538682
1 0.8115942028985508 0.2686246418338109 0.015345268542199489 0.03581661891117478
1 0.8073316283034954 0.24713467048710602 0.013640238704177323 0.03008595988538682
1 0.8371696504688833 0.24785100286532952 0.017050298380221655 0.03724928366762178
1 0.8516624040920716 0.27578796561604585 0.01875532821824382 0.03868194842406877
1 0.8422847399829497 0.2979942693409742 0.015345268542199489 0.03151862464183381
1 0.8580562659846547 0.34097421203438394 0.0196078431372549 0.04297994269340974
1 0.8444160272804774 0.3646131805157593 0.0247229326513214 0.05300859598853868
1 0.8883205456095482 0.40401146131805155 0.030690537084398978 0.05730659025787965
1 0.9394714407502132 0.45702005730659023 0.030690537084398978 0.0659025787965616
1 0.954390451832907 0.3660458452722063 0.021312872975277068 0.05300859598853868
1 0.9552429667519181 0.32664756446991405 0.01619778346121057 0.040114613180515755
1 0.9650468883205456 0.30802292263610315 0.017050298380221655 0.03724928366762178
1 0.9714407502131287 0.2915472779369627 0.01619778346121057 0.0329512893982808
1 0.9104859335038363 0.2621776504297994 0.013640238704177323 0.03151862464183381
1 0.8738277919863597 0.2643266475644699 0.015345268542199489 0.0329512893982808
1 0.8883205456095482 0.2786532951289398 0.01875532821824382 0.03868194842406877
1 0.8738277919863597 0.3330945558739255 0.02216538789428815 0.044412607449856735
1 0.9011082693947144 0.3452722063037249 0.020460358056265983 0.04871060171919771
1 0.9181585677749361 0.32736389684813755 0.01875532821824382 0.04154727793696275
1 0.927536231884058 0.3044412607449857 0.017050298380221655 0.0329512893982808
