1 0.16228513650151669 0.3962765957446808 0.06167846309403438 0.12588652482269502
1 0.3852376137512639 0.4432624113475177 0.07280080889787664 0.14184397163120566
1 0.3700707785642063 0.21897163120567376 0.0262891809908999 0.047872340425531915
1 0.38877654196157735 0.1728723404255319 0.023255813953488372 0.044326241134751775
1 0.4398382204246714 0.20301418439716312 0.02224469160768453 0.03723404255319149
1 0.44742163801820023 0.2579787234042553 0.021233569261880688 0.047872340425531915
1 0.49646107178968657 0.22340425531914893 0.02224469160768453 0.04609929078014184
1 0.46258847320525787 0.10372340425531915 0.01718907987866532 0.026595744680851064
1 0.47927199191102127 0.11524822695035461 0.016177957532861477 0.031914893617021274
1 0.5990899898887766 0.19592198581560283 0.023255813953488372 0.051418439716312055
1 0.6440849342770476 0.23758865248226949 0.028311425682507586 0.06028368794326241
1 0.5985844287158747 0.09663120567375887 0.01820020222446916 0.04078014184397163
1 0.6193124368048534 0.08421985815602837 0.01718907987866532 0.03368794326241135
1 0.647623862487361 0.11702127659574468 0.011122345803842266 0.031914893617021274
1 0.6723963599595552 0.11436170212765957 0.01820020222446916 0.03368794326241135
