1 0.20400000000000001 0.746987951807229 0.224 0.3855421686746988
1 0.046 0.6114457831325302 0.084 0.16867469879518074
1 0.115 0.5406626506024097 0.05 0.09337349397590362
1 0.152 0.5572289156626506 0.068 0.0963855421686747
1 0.203 0.5105421686746988 0.054 0.07530120481927711
1 0.296 0.5602409638554218 0.092 0.14457831325301207
1 0.341 0.5948795180722892 0.066 0.11144578313253013
1 0.433 0.569277108433735 0.058 0.08433734939759037
1 0.553 0.3433734939759036 0.034 0.06626506024096386
1 0.53 0.5843373493975904 0.056 0.10843373493975904
1 0.612 0.5768072289156627 0.052000000000000005 0.09337349397590362
1 0.662 0.5075301204819277 0.052000000000000005 0.08132530120481928
1 0.719 0.6234939759036144 0.162 0.22891566265060243
1 0.802 0.5 0.044 0.0783132530120482
1 0.904 0.5210843373493976 0.056 0.0963855421686747
1 0.9480000000000001 0.585843373493976 0.096 0.16566265060240964
