1 0.02125 0.413984461709212 0.035833333333333335 0.042175360710321866
1 0.1366666666666667 0.5793562708102109 0.07500000000000001 0.10432852386237514
1 0.19166666666666668 0.5094339622641509 0.07 0.07547169811320754
1 0.2879166666666667 0.47225305216426194 0.052500000000000005 0.061043285238623755
1 0.3204166666666667 0.4428412874583796 0.0325 0.042175360710321866
1 0.35500000000000004 0.4356270810210877 0.030000000000000002 0.038845726970033294
1 0.34875 0.40843507214206437 0.022500000000000003 0.033296337402885685
1 0.57875 0.41731409544950054 0.029166666666666667 0.04439511653718091
1 0.6133333333333334 0.44617092119866814 0.04166666666666667 0.05549389567147614
1 0.6379166666666667 0.48501664816870144 0.04416666666666667 0.05771365149833518
1 0.63875 0.5438401775804662 0.07083333333333333 0.07103218645948946
1 0.76875 0.5776914539400666 0.08916666666666667 0.09655937846836848
1 0.8120833333333334 0.7058823529411765 0.10916666666666668 0.1509433962264151
1 0.7891666666666667 0.4500554938956715 0.03333333333333333 0.05216426193118757
1 0.755 0.4322974472807991 0.030000000000000002 0.04550499445061043
1 0.7291666666666667 0.4167591564927858 0.025 0.03662597114317425
1 0.8829166666666667 0.4583795782463929 0.0475 0.05771365149833518
1 0.8683333333333334 0.40732519422863483 0.03333333333333333 0.04439511653718091
1 0.9058333333333334 0.42452830188679247 0.021666666666666667 0.032186459489456164
1 0.9670833333333334 0.43729189789123196 0.035833333333333335 0.04661487236403996
