1 0.2111334002006018 0.3543516873889876 0.03911735205616851 0.06927175843694494
1 0.3159478435305918 0.22380106571936056 0.014042126379137413 0.03197158081705151
1 0.3234704112337011 0.20337477797513323 0.015045135406218655 0.026642984014209593
1 0.347542627883651 0.1980461811722913 0.015045135406218655 0.03019538188277087
1 0.4112337011033099 0.19538188277087035 0.014042126379137413 0.03197158081705151
1 0.4192577733199599 0.17317939609236235 0.014042126379137413 0.026642984014209593
1 0.41323971915747243 0.15630550621669628 0.014042126379137413 0.024866785079928955
1 0.4493480441323972 0.15097690941385436 0.012036108324974926 0.021314387211367674
1 0.4563691073219659 0.16962699822380106 0.0160481444332999 0.03019538188277087
1 0.44383149448345033 0.20159857904085257 0.017051153460381142 0.03730017761989343
1 0.48746238716148443 0.2291296625222025 0.022066198595787363 0.03907637655417407
1 0.5210631895687061 0.26465364120781526 0.023069207622868605 0.05328596802841919
1 0.4744232698094283 0.17939609236234458 0.01805416248746239 0.03197158081705151
1 0.4764292878635908 0.1483126110124334 0.014042126379137413 0.026642984014209593
1 0.46890672016048146 0.12877442273534637 0.013039117352056168 0.019538188277087035
1 0.49949849548645936 0.1296625222024867 0.010030090270812437 0.021314387211367674
1 0.5090270812437312 0.1447602131438721 0.015045135406218655 0.026642984014209593
1 0.5240722166499499 0.15008880994671403 0.015045135406218655 0.03374777975133215
1 0.5135406218655968 0.11456483126110124 0.014042126379137413 0.023090586145648313
1 0.5280842527582749 0.12166962699822381 0.011033099297893681 0.019538188277087035
1 0.5391173520561685 0.13232682060390763 0.011033099297893681 0.023090586145648313
1 0.5611835506519559 0.14742451154529307 0.013039117352056168 0.028419182948490232
1 0.5561685055165496 0.17406749555950268 0.017051153460381142 0.03197158081705151
1 0.5887662988966901 0.10657193605683837 0.012036108324974926 0.024866785079928955
1 0.6003009027081244 0.11811722912966252 0.013039117352056168 0.023090586145648313
1 0.5977933801404213 0.1341030195381883 0.014042126379137413 0.026642984014209593
1 0.5997993981945837 0.16429840142095917 0.0160481444332999 0.026642984014209593
1 0.5932798395185557 0.23001776198934282 0.01905717151454363 0.03374777975133215
1 0.5862587763289869 0.26287744227353466 0.023069207622868605 0.04973357015985791
1 0.6208625877632898 0.2886323268206039 0.026078234704112337 0.055062166962699825
1 0.633901705115346 0.24333925399644762 0.020060180541624874 0.035523978685612786
1 0.6594784353059178 0.2655417406749556 0.02106318956870612 0.04085257548845471
1 0.6765295887662989 0.3188277087033748 0.029087261785356068 0.06571936056838366
1 0.6654964894684052 0.20781527531083482 0.02106318956870612 0.035523978685612786
1 0.6349047141424273 0.14742451154529307 0.012036108324974926 0.024866785079928955
1 0.6103309929789368 0.09946714031971582 0.011033099297893681 0.021314387211367674
1 0.6323971915747242 0.09680284191829486 0.011033099297893681 0.023090586145648313
1 0.6213640922768305 0.13676731793960925 0.013039117352056168 0.028419182948490232
1 0.6449348044132397 0.11900532859680285 0.012036108324974926 0.021314387211367674
1 0.656469408224674 0.10390763765541741 0.011033099297893681 0.026642984014209593
1 0.6850551654964895 0.11900532859680285 0.010030090270812437 0.024866785079928955
1 0.6960882647943831 0.12078152753108348 0.012036108324974926 0.028419182948490232
1 0.7061183550651956 0.11900532859680285 0.010030090270812437 0.021314387211367674
1 0.7071213640922769 0.15719360568383658 0.012036108324974926 0.03019538188277087
1 0.7006018054162487 0.20426287744227353 0.015045135406218655 0.03197158081705151
1 0.720160481444333 0.22646536412078153 0.020060180541624874 0.047957371225577264
1 0.7392176529588766 0.16429840142095917 0.012036108324974926 0.03019538188277087
1 0.7261785356068204 0.13676731793960925 0.014042126379137413 0.03197158081705151
1 0.7522567703109329 0.12344582593250444 0.014042126379137413 0.026642984014209593
1 0.7637913741223671 0.13676731793960925 0.015045135406218655 0.03197158081705151
1 0.7803410230692076 0.1349911190053286 0.014042126379137413 0.028419182948490232
1 0.7878635907723169 0.15985790408525755 0.015045135406218655 0.03197158081705151
1 0.7698094282848545 0.17939609236234458 0.017051153460381142 0.035523978685612786
1 0.7898696088264794 0.1980461811722913 0.017051153460381142 0.03374777975133215
1 0.7893681043129388 0.25754884547069273 0.02407221664994985 0.05328596802841919
1 0.7387161484453361 0.34991119005328597 0.02708124373119358 0.056838365896980464
1 0.8289869608826479 0.34369449378330375 0.025075225677031094 0.055062166962699825
1 0.8445336008024072 0.2975133214920071 0.020060180541624874 0.04440497335701599
1 0.9037111334002006 0.3117229129662522 0.022066198595787363 0.055062166962699825
1 0.8139418254764292 0.238898756660746 0.01905717151454363 0.04085257548845471
1 0.8405215646940822 0.2113676731793961 0.0160481444332999 0.04262877442273535
1 0.8520561685055166 0.18738898756660746 0.015045135406218655 0.03730017761989343
1 0.8620862587763289 0.17584369449378331 0.013039117352056168 0.028419182948490232
1 0.872617853560682 0.16341030195381884 0.012036108324974926 0.028419182948490232
1 0.8796389167502507 0.14653641207815277 0.012036108324974926 0.026642984014209593
1 0.8390170511534604 0.15008880994671403 0.013039117352056168 0.03019538188277087
1 0.8254764292878636 0.16785079928952043 0.014042126379137413 0.03374777975133215
1 0.8916750250752257 0.17229129662522202 0.014042126379137413 0.028419182948490232
1 0.8896690070210632 0.19893428063943164 0.0160481444332999 0.035523978685612786
1 0.8801404212637913 0.23534635879218474 0.01905717151454363 0.047957371225577264
1 0.9277833500501504 0.27619893428063946 0.020060180541624874 0.04085257548845471
1 0.925777331995988 0.23534635879218474 0.020060180541624874 0.047957371225577264
1 0.9353059177532598 0.20781527531083482 0.017051153460381142 0.035523978685612786
1 0.9358074222668004 0.17229129662522202 0.0160481444332999 0.03197158081705151
1 0.9132397191574724 0.17406749555950268 0.015045135406218655 0.03197158081705151
1 0.9092276830491475 0.1625222024866785 0.013039117352056168 0.026642984014209593
