1 0.9088848594741614 0.15024232633279483 0.009972801450589302 0.02261712439418417
1 0.9061650045330916 0.17447495961227788 0.011786038077969175 0.029079159935379646
1 0.9029918404351768 0.19466882067851374 0.012692656391659111 0.037156704361873995
1 0.9437896645512239 0.191437802907916 0.014505893019038985 0.030694668820678516
1 0.9365367180417045 0.21082390953150243 0.012692656391659111 0.037156704361873995
1 0.9360834088848595 0.22778675282714056 0.015412511332728921 0.03231017770597738
1 0.92883046237534 0.2568659127625202 0.019038984587488667 0.048465266558966075
1 0.8930190389845875 0.24151857835218096 0.019945602901178604 0.04038772213247173
1 0.8930190389845875 0.2237479806138934 0.019945602901178604 0.04038772213247173
1 0.8671804170444243 0.18820678513731826 0.015412511332728921 0.033925686591276254
1 0.8744333635539437 0.17124394184168015 0.013599274705349048 0.03231017770597738
1 0.8540344514959202 0.1583198707592892 0.012692656391659111 0.03231017770597738
1 0.7815049864007253 0.1421647819063005 0.010879419764279238 0.03231017770597738
1 0.8055303717135086 0.1470113085621971 0.009972801450589302 0.03231017770597738
1 0.8200362647325476 0.14781906300484654 0.011786038077969175 0.02746365105008078
1 0.7615593834995467 0.14054927302100162 0.012692656391659111 0.035541195476575124
1 0.7869446962828649 0.15912762520193863 0.010879419764279238 0.02746365105008078
1 0.7941976427923844 0.17851373182552505 0.012692656391659111 0.033925686591276254
1 0.8381686310063463 0.17043618739903071 0.011786038077969175 0.030694668820678516
1 0.8318223028105167 0.18336025848142165 0.011786038077969175 0.030694668820678516
1 0.9093381686310064 0.3667205169628433 0.02357207615593835 0.06138933764135703
1 0.8395285584768812 0.23101777059773831 0.019945602901178604 0.0420032310177706
1 0.8032638259292838 0.21486268174474962 0.019945602901178604 0.04523424878836834
1 0.828649138712602 0.2617124394184168 0.02357207615593835 0.051696284329563816
1 0.7964641885766093 0.28917609046849757 0.024478694469628286 0.05492730210016156
1 0.7615593834995467 0.20678513731825526 0.014505893019038985 0.04523424878836834
1 0.7737987307343608 0.25525040387722137 0.02085222121486854 0.04523424878836834
1 0.7384406165004533 0.24555735056542813 0.022665457842248413 0.048465266558966075
1 0.7311876699909338 0.17932148626817448 0.017225747960108794 0.035541195476575124
1 0.7343608340888486 0.15589660743134087 0.016319129646418858 0.037156704361873995
1 0.71350861287398 0.19466882067851374 0.01813236627379873 0.04038772213247173
1 0.7615593834995467 0.3529886914378029 0.027198549410698096 0.0630048465266559
1 0.6990027198549411 0.32148626817447495 0.030825022665457842 0.06138933764135703
1 0.6917497733454215 0.26252019386106623 0.019945602901178604 0.04684975767366721
1 0.7094288304623754 0.12277867528271406 0.013599274705349048 0.03231017770597738
1 0.6876699909338169 0.12116316639741519 0.011786038077969175 0.025848142164781908
1 0.6790571169537625 0.13651050080775445 0.012692656391659111 0.030694668820678516
1 0.6600181323662738 0.1890145395799677 0.016319129646418858 0.038772213247172865
1 0.6459655485040798 0.1680129240710824 0.013599274705349048 0.035541195476575124
1 0.6550317316409792 0.15751211631663975 0.015412511332728921 0.030694668820678516
1 0.6405258386219401 0.13004846526655897 0.009972801450589302 0.024232633279483037
1 0.6514052583862194 0.12762520193861068 0.009972801450589302 0.02261712439418417
1 0.6328195829555757 0.11954765751211632 0.009066183136899365 0.019386106623586433
1 0.6260199456029012 0.14378029079159937 0.013599274705349048 0.029079159935379646
1 0.5797824116047144 0.14378029079159937 0.013599274705349048 0.029079159935379646
1 0.599274705349048 0.16720516962843296 0.010879419764279238 0.030694668820678516
1 0.6087941976427924 0.1680129240710824 0.015412511332728921 0.038772213247172865
1 0.5702629193109701 0.1680129240710824 0.014505893019038985 0.03231017770597738
1 0.5525838621940163 0.1470113085621971 0.011786038077969175 0.029079159935379646
1 0.5539437896645513 0.1373182552504039 0.012692656391659111 0.029079159935379646
1 0.5421577515865821 0.16639741518578352 0.014505893019038985 0.03231017770597738
1 0.5621033544877606 0.19628432956381262 0.014505893019038985 0.037156704361873995
1 0.527651858567543 0.18578352180936997 0.016319129646418858 0.035541195476575124
1 0.5163191296464189 0.16074313408723748 0.013599274705349048 0.02746365105008078
1 0.48640072529465095 0.1567043618739903 0.013599274705349048 0.029079159935379646
1 0.485947416137806 0.14620355411954766 0.010879419764279238 0.02746365105008078
1 0.5027198549410699 0.13489499192245558 0.009972801450589302 0.024232633279483037
1 0.49773345421577514 0.18820678513731826 0.016319129646418858 0.033925686591276254
1 0.5988213961922031 0.23424878836833604 0.019038984587488667 0.048465266558966075
1 0.6527651858567542 0.24555735056542813 0.01813236627379873 0.04523424878836834
1 0.6400725294650952 0.2560581583198708 0.021758839528558477 0.04684975767366721
1 0.43064369900271987 0.1631663974151858 0.009066183136899365 0.025848142164781908
1 0.4465095194922937 0.1655896607431341 0.011786038077969175 0.033925686591276254
1 0.4197642792384406 0.17124394184168015 0.014505893019038985 0.029079159935379646
1 0.42021758839528556 0.1930533117932149 0.015412511332728921 0.030694668820678516
1 0.44786944696282865 0.20678513731825526 0.016319129646418858 0.035541195476575124
1 0.4673617407071623 0.21082390953150243 0.017225747960108794 0.037156704361873995
1 0.4465095194922937 0.25040387722132473 0.019038984587488667 0.04523424878836834
1 0.4161378059836809 0.24151857835218096 0.019945602901178604 0.04038772213247173
1 0.3798730734360834 0.18497576736672053 0.014505893019038985 0.030694668820678516
1 0.40208522212148684 0.21647819063004847 0.017225747960108794 0.038772213247172865
1 0.38077969174977333 0.23909531502423265 0.01813236627379873 0.0420032310177706
1 0.37216681776971894 0.21567043618739903 0.017225747960108794 0.033925686591276254
1 0.35766092475067995 0.22859450726979 0.019038984587488667 0.04038772213247173
1 0.3535811423390752 0.20193861066235866 0.016319129646418858 0.029079159935379646
1 0.35494106980961015 0.1817447495961228 0.011786038077969175 0.030694668820678516
1 0.3372620126926564 0.22536348949919227 0.014505893019038985 0.033925686591276254
1 0.30054397098821395 0.2189014539579968 0.015412511332728921 0.037156704361873995
1 0.29465095194922936 0.24798061389337642 0.012692656391659111 0.037156704361873995
1 0.11196736174070716 0.38368336025848143 0.037171350861287394 0.07592891760904685
