1 0.1075 0.44833333333333336 0.153 0.2366666666666667
1 0.1775 0.41250000000000003 0.111 0.24833333333333335
1 0.2805 0.3416666666666667 0.093 0.21333333333333335
1 0.4045 0.085 0.073 0.12666666666666668
1 0.5845 0.3541666666666667 0.08700000000000001 0.18166666666666667
1 0.629 0.4541666666666667 0.098 0.19166666666666668
1 0.8065 0.5308333333333334 0.165 0.30833333333333335
1 0.874 0.39083333333333337 0.098 0.1716666666666667
1 0.9285 0.505 0.107 0.16666666666666669
1 0.908 0.8083333333333333 0.184 0.35000000000000003
