1 0.20036264732547598 0.2217741935483871 0.016319129646418858 0.03387096774193549
1 0.2497733454215775 0.17016129032258065 0.017225747960108794 0.03387096774193549
1 0.4397098821396192 0.21693548387096775 0.01813236627379873 0.043548387096774194
1 0.4628286491387126 0.2153225806451613 0.02085222121486854 0.04032258064516129
1 0.613327289211242 0.11129032258064517 0.013599274705349048 0.03225806451612903
1 0.6355394378966455 0.14677419354838708 0.01813236627379873 0.03870967741935484
1 0.6500453309156845 0.15161290322580645 0.016319129646418858 0.03225806451612903
1 0.6695376246600181 0.125 0.013599274705349048 0.03064516129032258
1 0.7475067996373527 0.15 0.013599274705349048 0.03225806451612903
1 0.7651858567543064 0.15483870967741936 0.01813236627379873 0.03870967741935484
1 0.8227561196736174 0.2645161290322581 0.024478694469628286 0.05161290322580645
1 0.8884859474161378 0.25161290322580643 0.021758839528558477 0.04838709677419355
1 0.9165911151405258 0.2540322580645161 0.01813236627379873 0.0532258064516129
1 0.8862194016319129 0.20967741935483872 0.015412511332728921 0.035483870967741936
1 0.8685403445149592 0.19516129032258064 0.014505893019038985 0.04838709677419355
1 0.9351767905711695 0.19919354838709677 0.015412511332728921 0.03387096774193549
