1 0.08723958333333333 0.08363802559414991 0.0703125 0.10511882998171847
1 0.08463541666666666 0.3829981718464351 0.10416666666666666 0.18281535648994515
1 0.2001953125 0.24314442413162707 0.107421875 0.1480804387568556
1 0.294921875 0.15585009140767825 0.08333333333333333 0.14351005484460694
1 0.40494791666666663 0.06581352833638025 0.06901041666666666 0.10968921389396709
1 0.5491536458333333 0.26051188299817185 0.11783854166666666 0.19195612431444242
1 0.599609375 0.12979890310786105 0.08463541666666666 0.1480804387568556
1 0.3860677083333333 0.5260511882998172 0.16796875 0.24405850091407677
1 0.8287760416666666 0.5872943327239488 0.22265625 0.3446069469835466
1 0.9055989583333333 0.2774223034734918 0.140625 0.24954296160877515
1 0.9638671875 0.11974405850091407 0.072265625 0.1846435100548446
1 0.6373697916666666 0.047989031078610606 0.07682291666666666 0.0923217550274223
