1 0.08048780487804878 0.49782608695652175 0.05365853658536585 0.1
1 0.1975609756097561 0.5391304347826087 0.06341463414634146 0.10434782608695653
1 0.16707317073170733 0.49130434782608695 0.041463414634146344 0.06956521739130435
1 0.30121951219512194 0.691304347826087 0.13414634146341464 0.25217391304347825
1 0.33414634146341465 0.5521739130434783 0.06829268292682927 0.12173913043478261
1 0.2926829268292683 0.4934782608695652 0.03414634146341464 0.07391304347826087
1 0.3853658536585366 0.5152173913043478 0.04390243902439024 0.09130434782608696
1 0.5219512195121951 0.5978260869565217 0.07317073170731707 0.13478260869565217
1 0.5 0.5217391304347826 0.058536585365853655 0.12173913043478261
1 0.5317073170731708 0.4826086956521739 0.03414634146341464 0.06956521739130435
1 0.5768292682926829 0.5152173913043478 0.041463414634146344 0.07391304347826087
1 0.6219512195121951 0.5086956521739131 0.03414634146341464 0.06956521739130435
1 0.6414634146341464 0.558695652173913 0.04878048780487805 0.1
1 0.7048780487804878 0.8456521739130435 0.16585365853658537 0.3
1 0.7670731707317073 0.5760869565217391 0.08048780487804878 0.14347826086956522
1 0.7048780487804878 0.5456521739130434 0.04390243902439024 0.08260869565217391
1 0.8390243902439024 0.5847826086956521 0.06341463414634146 0.10869565217391304
1 0.6548780487804878 0.3652173913043478 0.036585365853658534 0.06956521739130435
1 0.8256097560975609 0.5195652173913043 0.036585365853658534 0.07391304347826087
