1 0.1532 0.44273743016759776 0.0408 0.07541899441340782
1 0.3316 0.24231843575418996 0.0152 0.02653631284916201
1 0.382 0.23393854748603352 0.0152 0.034916201117318434
1 0.4048 0.23743016759776536 0.0176 0.036312849162011177
1 0.4212 0.22905027932960895 0.02 0.0335195530726257
1 0.4136 0.19273743016759778 0.0176 0.030726256983240226
1 0.4884 0.19832402234636873 0.016800000000000002 0.036312849162011177
1 0.5776 0.2255586592178771 0.0176 0.051675977653631286
1 0.6604 0.22416201117318438 0.02 0.046089385474860335
1 0.5964 0.10893854748603353 0.012 0.0223463687150838
1 0.6496000000000001 0.05726256983240224 0.0112 0.0223463687150838
1 0.7120000000000001 0.23393854748603352 0.020800000000000003 0.04329608938547486
1 0.7868 0.295391061452514 0.023200000000000002 0.04329608938547486
1 0.8200000000000001 0.35893854748603354 0.0256 0.06424581005586592
1 0.8848 0.348463687150838 0.020800000000000003 0.07402234636871509
1 0.9124 0.34078212290502796 0.0216 0.05307262569832402
1 0.8872 0.29399441340782123 0.0224 0.048882681564245814
1 0.9192 0.29399441340782123 0.0224 0.048882681564245814
1 0.876 0.2185754189944134 0.019200000000000002 0.040502793296089384
1 0.8316 0.21578212290502793 0.016800000000000002 0.03770949720670391
1 0.8624 0.1613128491620112 0.014400000000000001 0.03212290502793296
1 0.8984000000000001 0.18016759776536315 0.016 0.036312849162011177
