1 0.219 0.6619190404797601 0.148 0.17241379310344826
1 0.0575 0.5 0.101 0.11544227886056971
1 0.093 0.26761619190404795 0.036000000000000004 0.043478260869565216
1 0.0915 0.19865067466266867 0.021 0.031484257871064465
1 0.108 0.1896551724137931 0.016 0.02848575712143928
1 0.07100000000000001 0.12518740629685157 0.02 0.02848575712143928
1 0.0535 0.11544227886056971 0.017 0.0239880059970015
1 0.138 0.1409295352323838 0.014 0.020989505247376312
1 0.1845 0.15742128935532235 0.013000000000000001 0.020989505247376312
1 0.1695 0.1664167916041979 0.017 0.017991004497751123
1 0.1625 0.2098950524737631 0.019 0.0239880059970015
1 0.134 0.2166416791604198 0.02 0.034482758620689655
1 0.455 0.5067466266866567 0.062 0.10794602698650674
1 0.5395 0.52023988005997 0.047 0.08695652173913043
1 0.658 0.5104947526236882 0.038 0.06146926536731634
1 0.7315 0.610944527736132 0.055 0.10044977511244378
1 0.8325 0.5719640179910045 0.047 0.0704647676161919
1 0.774 0.5247376311844077 0.026000000000000002 0.041979010494752625
1 0.7235 0.5104947526236882 0.025 0.04047976011994003
1 0.9415 0.588455772113943 0.031 0.04947526236881559
1 0.8865000000000001 0.5674662668665666 0.033 0.05547226386806597
1 0.4605 0.39280359820089955 0.019 0.029985007496251874
1 0.4975 0.40929535232383807 0.023 0.035982008995502246
1 0.4165 0.3620689655172414 0.019 0.025487256371814093
1 0.378 0.33433283358320837 0.018000000000000002 0.0239880059970015
1 0.354 0.3035982008995502 0.016 0.02848575712143928
1 0.362 0.2871064467766117 0.012 0.022488755622188904
1 0.3735 0.24962518740629686 0.013000000000000001 0.025487256371814093
1 0.3115 0.30959520239880056 0.021 0.025487256371814093
1 0.3185 0.2826086956521739 0.013000000000000001 0.025487256371814093
1 0.2575 0.3193403298350824 0.027 0.035982008995502246
1 0.2655 0.29235382308845576 0.023 0.029985007496251874
1 0.203 0.28785607196401797 0.02 0.038980509745127435
1 0.169 0.27136431784107945 0.024 0.03298350824587706
1 0.20600000000000002 0.24137931034482757 0.018000000000000002 0.026986506746626684
1 0.232 0.23238380809595202 0.016 0.026986506746626684
1 0.2225 0.19790104947526235 0.015 0.0239880059970015
1 0.2165 0.1701649175412294 0.011 0.022488755622188904
1 0.193 0.2106446776611694 0.016 0.02848575712143928
1 0.289 0.2353823088455772 0.016 0.026986506746626684
1 0.28250000000000003 0.20764617691154422 0.013000000000000001 0.019490254872563718
1 0.96 0.5427286356821589 0.026000000000000002 0.041979010494752625
1 0.931 0.512743628185907 0.018000000000000002 0.026986506746626684
1 0.835 0.43478260869565216 0.012 0.020989505247376312
1 0.876 0.4625187406296851 0.014 0.02848575712143928
1 0.8355 0.4872563718140929 0.015 0.035982008995502246
1 0.8695 0.5097451274362819 0.017 0.029985007496251874
1 0.6900000000000001 0.29385307346326833 0.01 0.020989505247376312
1 0.6205 0.46026986506746626 0.019 0.029985007496251874
1 0.649 0.4452773613193403 0.016 0.026986506746626684
1 0.7010000000000001 0.4475262368815592 0.012 0.025487256371814093
1 0.7185 0.4662668665667166 0.017 0.029985007496251874
1 0.7625000000000001 0.48875562218890556 0.017 0.026986506746626684
1 0.783 0.47976011994003 0.012 0.026986506746626684
1 0.777 0.43553223388305845 0.014 0.02848575712143928
1 0.8105 0.46176911544227883 0.013000000000000001 0.0239880059970015
1 0.726 0.41004497751124436 0.012 0.019490254872563718
1 0.7475 0.4010494752623688 0.009000000000000001 0.019490254872563718
1 0.6940000000000001 0.39055472263868063 0.012 0.019490254872563718
1 0.663 0.4025487256371814 0.008 0.01649175412293853
1 0.625 0.4287856071964018 0.01 0.017991004497751123
1 0.641 0.4250374812593703 0.014 0.02848575712143928
1 0.631 0.3583208395802099 0.012 0.017991004497751123
1 0.548 0.3958020989505247 0.018000000000000002 0.029985007496251874
1 0.4875 0.37631184407796103 0.013000000000000001 0.0239880059970015
1 0.4225 0.3373313343328336 0.011 0.0239880059970015
1 0.3925 0.3110944527736132 0.013000000000000001 0.022488755622188904
1 0.3925 0.2818590704647676 0.011 0.0239880059970015
1 0.41200000000000003 0.260119940029985 0.014 0.019490254872563718
1 0.441 0.2578710644677661 0.012 0.020989505247376312
