1 0.022535211267605635 0.3677083333333333 0.03943661971830986 0.04375
1 0.1267605633802817 0.5229166666666667 0.1295774647887324 0.09166666666666666
1 0.16619718309859155 0.4427083333333333 0.07887323943661972 0.06041666666666667
1 0.11408450704225352 0.36041666666666666 0.05915492957746479 0.04583333333333333
1 0.14929577464788732 0.35520833333333335 0.033802816901408454 0.03958333333333333
1 0.22816901408450704 0.36666666666666664 0.04507042253521127 0.03333333333333333
1 0.31126760563380285 0.3958333333333333 0.0647887323943662 0.05
1 0.3563380281690141 0.4354166666666667 0.07605633802816902 0.0625
1 0.38028169014084506 0.3833333333333333 0.056338028169014086 0.03333333333333333
1 0.3830985915492958 0.2833333333333333 0.04507042253521127 0.0375
1 0.46056338028169014 0.371875 0.04225352112676056 0.035416666666666666
1 0.48450704225352115 0.4145833333333333 0.061971830985915494 0.04583333333333333
1 0.5309859154929578 0.3958333333333333 0.04788732394366198 0.0375
1 0.5943661971830986 0.38645833333333335 0.033802816901408454 0.035416666666666666
1 0.8816901408450705 0.54375 0.12394366197183099 0.07916666666666666
1 0.8591549295774649 0.48541666666666666 0.10140845070422536 0.07083333333333333
1 0.8619718309859156 0.44479166666666664 0.06760563380281691 0.05625
1 0.843661971830986 0.40625 0.05915492957746479 0.0375
1 0.8028169014084507 0.39479166666666665 0.03943661971830986 0.035416666666666666
1 0.9323943661971832 0.40729166666666666 0.04507042253521127 0.035416666666666666
