1 0.382480957562568 0.45321637426900585 0.06420021762785637 0.1189083820662768
1 0.4439608269858542 0.2387914230019493 0.02176278563656148 0.04873294346978557
1 0.4085963003264418 0.24171539961013644 0.022850924918389554 0.04678362573099415
1 0.3585418933623504 0.24463937621832357 0.020674646354733407 0.04483430799220273
1 0.3335146898803047 0.21929824561403508 0.020674646354733407 0.04093567251461988
1 0.2867247007616975 0.23586744639376217 0.01632208922742111 0.031189083820662766
1 0.28182807399347115 0.21539961013645223 0.02176278563656148 0.037037037037037035
1 0.323177366702938 0.19785575048732942 0.01958650707290533 0.04093567251461988
1 0.34766050054406966 0.19395711500974658 0.018498367791077257 0.04483430799220273
1 0.3585418933623504 0.2124756335282651 0.01632208922742111 0.031189083820662766
1 0.37704026115342765 0.20175438596491227 0.018498367791077257 0.04093567251461988
1 0.3955386289445049 0.2046783625730994 0.020674646354733407 0.03898635477582846
1 0.3944504896626768 0.1617933723196881 0.018498367791077257 0.03508771929824561
1 0.41403699673558214 0.15692007797270954 0.01632208922742111 0.037037037037037035
1 0.4401523394994559 0.19785575048732942 0.018498367791077257 0.04483430799220273
1 0.4515778019586507 0.20955165692007796 0.01958650707290533 0.04093567251461988
1 0.4396082698585419 0.15789473684210525 0.015233949945593036 0.031189083820662766
1 0.44940152339499456 0.1793372319688109 0.015233949945593036 0.031189083820662766
1 0.4749727965179543 0.19395711500974658 0.020674646354733407 0.04483430799220273
1 0.42655059847660504 0.15107212475633527 0.015233949945593036 0.03313840155945419
1 0.4815016322089228 0.1442495126705653 0.014145810663764961 0.031189083820662766
1 0.47606093579978237 0.12962962962962962 0.011969532100108815 0.025341130604288498
1 0.49891186071817195 0.12085769980506822 0.01632208922742111 0.031189083820662766
1 0.5108813928182807 0.14912280701754385 0.011969532100108815 0.03313840155945419
1 0.5070729053318825 0.1881091617933723 0.01958650707290533 0.04093567251461988
1 0.5380848748639826 0.19005847953216373 0.018498367791077257 0.04093567251461988
1 0.5391730141458106 0.1530214424951267 0.014145810663764961 0.037037037037037035
1 0.5228509249183896 0.12962962962962962 0.014145810663764961 0.029239766081871343
1 0.5495103373231773 0.13352826510721247 0.013057671381936888 0.03313840155945419
1 0.5565832426550599 0.15789473684210525 0.014145810663764961 0.03898635477582846
1 0.5554951033732318 0.12280701754385964 0.014145810663764961 0.02729044834307992
1 0.5799782372143635 0.13840155945419103 0.015233949945593036 0.031189083820662766
1 0.5968443960826986 0.15497076023391812 0.01632208922742111 0.029239766081871343
1 0.5973884657236126 0.11598440545808966 0.013057671381936888 0.025341130604288498
1 0.6093579978237215 0.10818713450292397 0.01088139281828074 0.029239766081871343
1 0.6218715995647442 0.13157894736842105 0.01632208922742111 0.029239766081871343
1 0.6392818280739935 0.15107212475633527 0.014145810663764961 0.037037037037037035
1 0.6528835690968444 0.13937621832358674 0.013057671381936888 0.03313840155945419
1 0.661588683351469 0.10721247563352826 0.01088139281828074 0.02729044834307992
1 0.6795429815016322 0.12085769980506822 0.014145810663764961 0.031189083820662766
1 0.7034820457018498 0.10721247563352826 0.003264417845484222 0.03898635477582846
1 0.7089227421109903 0.10623781676413255 0.014145810663764961 0.037037037037037035
1 0.6991294885745376 0.17251461988304093 0.020674646354733407 0.04483430799220273
1 0.6643090315560392 0.19200779727095516 0.01632208922742111 0.037037037037037035
1 0.6371055495103374 0.24171539961013644 0.02720348204570185 0.05458089668615984
1 0.6251360174102285 0.21734892787524365 0.020674646354733407 0.037037037037037035
1 0.5794341675734495 0.23294346978557504 0.02720348204570185 0.04873294346978557
1 0.7007616974972797 0.3157894736842105 0.03917301414581066 0.07797270955165692
1 0.6887921653971708 0.25048732943469787 0.02176278563656148 0.04873294346978557
1 0.6822633297062024 0.2212475633528265 0.02176278563656148 0.04093567251461988
1 0.7176278563656148 0.18226120857699804 0.018498367791077257 0.04093567251461988
1 0.7317736670293797 0.14717348927875243 0.01632208922742111 0.04093567251461988
1 0.7459194776931447 0.15984405458089668 0.018498367791077257 0.042884990253411304
1 0.7557127312295974 0.20175438596491227 0.018498367791077257 0.04093567251461988
1 0.7290533188248096 0.2309941520467836 0.02393906420021763 0.04483430799220273
1 0.7704026115342764 0.24951267056530213 0.030467899891186073 0.05847953216374269
1 0.749727965179543 0.391812865497076 0.03917301414581066 0.07797270955165692
1 0.8025027203482046 0.28654970760233917 0.029379760609358 0.05458089668615984
1 0.8041349292709467 0.20662768031189083 0.02176278563656148 0.04678362573099415
1 0.7976060935799782 0.16471734892787523 0.017410228509249184 0.03313840155945419
1 0.7812840043525572 0.12378167641325535 0.013057671381936888 0.037037037037037035
1 0.8014145810663765 0.12962962962962962 0.014145810663764961 0.03313840155945419
1 0.8204570184983678 0.1286549707602339 0.017410228509249184 0.031189083820662766
1 0.8286180631120784 0.16569200779727095 0.01632208922742111 0.031189083820662766
1 0.8199129488574538 0.20175438596491227 0.01632208922742111 0.037037037037037035
1 0.8302502720348205 0.25243664717348924 0.02176278563656148 0.04873294346978557
1 0.8531011969532101 0.2202729044834308 0.01958650707290533 0.042884990253411304
1 0.8683351468988031 0.17251461988304093 0.01958650707290533 0.04483430799220273
1 0.8569096844396082 0.14912280701754385 0.014145810663764961 0.037037037037037035
1 0.8411316648531012 0.15204678362573099 0.015233949945593036 0.031189083820662766
1 0.9009793253536453 0.1783625730994152 0.013057671381936888 0.029239766081871343
1 0.8988030467899891 0.23586744639376217 0.017410228509249184 0.042884990253411304
1 0.910772578890098 0.3362573099415205 0.028291621327529923 0.0682261208576998
1 0.941240478781284 0.2563352826510721 0.02176278563656148 0.05263157894736842
1 0.9298150163220893 0.21832358674463936 0.014145810663764961 0.03898635477582846
1 0.911316648531012 0.1442495126705653 0.01632208922742111 0.03898635477582846
1 0.9363438520130577 0.19395711500974658 0.011969532100108815 0.029239766081871343
1 0.9477693144722524 0.19785575048732942 0.013057671381936888 0.029239766081871343
1 0.9537540805223069 0.17738791423001948 0.01632208922742111 0.031189083820662766
