1 0.282015065913371 0.20286195286195285 0.01224105461393597 0.028619528619528618
1 0.353578154425612 0.1473063973063973 0.01224105461393597 0.028619528619528618
1 0.3695856873822975 0.19444444444444445 0.014124293785310734 0.03198653198653199
1 0.3625235404896422 0.2382154882154882 0.015065913370998116 0.03198653198653199
1 0.3667608286252354 0.2786195286195286 0.014124293785310734 0.03535353535353535
1 0.4086629001883239 0.2744107744107744 0.020715630885122408 0.04713804713804714
1 0.4096045197740113 0.1893939393939394 0.011299435028248588 0.028619528619528618
1 0.44774011299435024 0.186026936026936 0.014124293785310734 0.03535353535353535
1 0.45856873822975514 0.23063973063973062 0.01694915254237288 0.0404040404040404
1 0.4661016949152542 0.19276094276094274 0.015065913370998116 0.03872053872053872
1 0.48493408662900184 0.22979797979797978 0.018832391713747645 0.04208754208754208
1 0.4891713747645951 0.19949494949494948 0.017890772128060263 0.03872053872053872
1 0.4891713747645951 0.3063973063973064 0.02542372881355932 0.04713804713804714
1 0.6049905838041431 0.2626262626262626 0.023540489642184557 0.057239057239057235
1 0.5767419962335216 0.1372053872053872 0.010357815442561204 0.028619528619528618
1 0.7109227871939736 0.1893939393939394 0.01694915254237288 0.04208754208754208
1 0.7504708097928436 0.24579124579124578 0.022598870056497175 0.043771043771043766
