1 0.06186267845003399 0.3392857142857143 0.08837525492861999 0.13775510204081634
1 0.15805574439157036 0.23112244897959186 0.06594153636981645 0.09489795918367348
1 0.2498300475866757 0.26071428571428573 0.05778382053025152 0.08877551020408164
1 0.38647178789938813 0.5219387755102042 0.18966689326988442 0.35408163265306125
1 0.44765465669612503 0.05561224489795919 0.045547246770904146 0.09081632653061225
1 0.4935418082936777 0.26479591836734695 0.06526172671651936 0.09285714285714286
1 0.6342624065261726 0.2066326530612245 0.04894629503738953 0.08469387755102041
1 0.6804894629503738 0.3535714285714286 0.10876954452753229 0.17857142857142858
1 0.7845003399048266 0.27755102040816326 0.06662134602311352 0.12448979591836735
1 0.8779741672331747 0.2571428571428572 0.05642420122365737 0.1
1 0.9157036029911624 0.21683673469387757 0.04078857919782461 0.07653061224489796
