1 0.19141914191419143 0.45473537604456826 0.037953795379537955 0.0766016713091922
1 0.2396864686468647 0.33635097493036215 0.014026402640264026 0.03203342618384401
1 0.27186468646864687 0.34540389972144847 0.018976897689768978 0.03899721448467967
1 0.3032178217821782 0.35863509749303624 0.020627062706270627 0.037604456824512536
1 0.2957920792079208 0.30362116991643456 0.015676567656765675 0.03064066852367688
1 0.34983498349834985 0.35863509749303624 0.019801980198019802 0.037604456824512536
1 0.37293729372937295 0.3245125348189415 0.01485148514851485 0.03064066852367688
1 0.36963696369636967 0.2917827298050139 0.01485148514851485 0.034818941504178275
1 0.39603960396039606 0.33147632311977715 0.013201320132013201 0.025069637883008356
1 0.41872937293729373 0.33008356545961004 0.017326732673267328 0.027855153203342618
1 0.4566831683168317 0.33356545961002787 0.015676567656765675 0.03203342618384401
1 0.41996699669966997 0.3008356545961003 0.01485148514851485 0.03064066852367688
1 0.41996699669966997 0.27158774373259054 0.01485148514851485 0.025069637883008356
1 0.40552805280528054 0.25696378830083566 0.012376237623762377 0.023676880222841225
1 0.45090759075907594 0.2694986072423398 0.015676567656765675 0.026462395543175487
1 0.4471947194719472 0.3043175487465181 0.013201320132013201 0.02924791086350975
1 0.48267326732673266 0.30013927576601673 0.011551155115511552 0.026462395543175487
1 0.4806105610561056 0.266016713091922 0.014026402640264026 0.025069637883008356
1 0.4731848184818482 0.24373259052924792 0.007425742574257425 0.019498607242339833
1 0.48102310231023104 0.23467966573816157 0.013201320132013201 0.020891364902506964
1 0.5074257425742574 0.26532033426183843 0.013201320132013201 0.02924791086350975
1 0.5127887788778878 0.31197771587743733 0.017326732673267328 0.036211699164345405
1 0.528052805280528 0.27715877437325903 0.01485148514851485 0.027855153203342618
1 0.573019801980198 0.24860724233983286 0.012376237623762377 0.023676880222841225
1 0.5350660066006601 0.25069637883008355 0.012376237623762377 0.025069637883008356
1 0.5453795379537953 0.25696378830083566 0.01485148514851485 0.026462395543175487
1 0.5754950495049505 0.21587743732590528 0.010726072607260726 0.019498607242339833
1 0.5853960396039604 0.2416434540389972 0.010726072607260726 0.023676880222841225
1 0.6171617161716172 0.22423398328690808 0.013201320132013201 0.025069637883008356
1 0.6241749174917491 0.20334261838440112 0.010726072607260726 0.025069637883008356
1 0.639026402640264 0.22075208913649025 0.010726072607260726 0.023676880222841225
1 0.6476897689768977 0.24651810584958217 0.013201320132013201 0.025069637883008356
1 0.615924092409241 0.25487465181058494 0.012376237623762377 0.019498607242339833
1 0.5841584158415841 0.27506963788300837 0.0165016501650165 0.02924791086350975
1 0.6757425742574258 0.21030640668523676 0.009900990099009901 0.022284122562674095
1 0.6868811881188119 0.22841225626740946 0.010726072607260726 0.027855153203342618
1 0.7029702970297029 0.22701949860724235 0.01485148514851485 0.025069637883008356
1 0.6811056105610561 0.27298050139275765 0.014026402640264026 0.027855153203342618
1 0.5148514851485149 0.3788300835654596 0.026402640264026403 0.04735376044568245
1 0.5573432343234324 0.4011142061281337 0.02557755775577558 0.04178272980501393
1 0.551980198019802 0.36908077994428967 0.023102310231023104 0.03064066852367688
1 0.6105610561056106 0.32520891364902504 0.019801980198019802 0.037604456824512536
1 0.625 0.4192200557103064 0.03052805280528053 0.055710306406685235
1 0.6802805280528053 0.36768802228412256 0.02392739273927393 0.03899721448467967
1 0.6600660066006601 0.3412256267409471 0.018151815181518153 0.03899721448467967
1 0.6452145214521452 0.30153203342618384 0.0165016501650165 0.034818941504178275
1 0.7157590759075908 0.2604456824512535 0.010726072607260726 0.027855153203342618
1 0.7334983498349835 0.2841225626740947 0.013201320132013201 0.033426183844011144
1 0.7557755775577558 0.22214484679665739 0.01485148514851485 0.026462395543175487
1 0.6872937293729373 0.43454038997214484 0.036303630363036306 0.06128133704735376
1 0.7178217821782178 0.5118384401114207 0.034653465346534656 0.07381615598885793
1 0.7516501650165016 0.4032033426183844 0.024752475247524754 0.04317548746518106
1 0.7013201320132013 0.35236768802228413 0.02145214521452145 0.03899721448467967
1 0.8003300330033003 0.403899721448468 0.019801980198019802 0.04456824512534819
1 0.8143564356435644 0.48259052924791085 0.026402640264026403 0.05153203342618384
1 0.8568481848184819 0.4331476323119777 0.022277227722772276 0.04735376044568245
1 0.9232673267326733 0.4637883008356546 0.0297029702970297 0.06128133704735376
1 0.9286303630363036 0.3948467966573816 0.018976897689768978 0.037604456824512536
1 0.9405940594059407 0.35097493036211697 0.013201320132013201 0.036211699164345405
1 0.8696369636963697 0.4073816155988858 0.02145214521452145 0.04874651810584958
1 0.8213696369636964 0.36142061281337046 0.018976897689768978 0.037604456824512536
1 0.7578382838283828 0.27158774373259054 0.010726072607260726 0.019498607242339833
1 0.7772277227722773 0.282033426183844 0.013201320132013201 0.02924791086350975
1 0.775990099009901 0.2527855153203343 0.010726072607260726 0.018105849582172703
1 0.7924917491749175 0.233983286908078 0.012376237623762377 0.027855153203342618
1 0.7974422442244224 0.27506963788300837 0.012376237623762377 0.023676880222841225
1 0.8238448844884488 0.30571030640668523 0.015676567656765675 0.02924791086350975
1 0.8259075907590759 0.27785515320334264 0.013201320132013201 0.020891364902506964
1 0.8234323432343235 0.24303621169916434 0.013201320132013201 0.026462395543175487
1 0.8531353135313532 0.25974930362116994 0.011551155115511552 0.02924791086350975
1 0.8679867986798679 0.2639275766016713 0.011551155115511552 0.026462395543175487
1 0.8853135313531353 0.25557103064066855 0.011551155115511552 0.02924791086350975
1 0.9088283828382838 0.2883008356545961 0.014026402640264026 0.03064066852367688
1 0.9492574257425743 0.282033426183844 0.012376237623762377 0.023676880222841225
1 0.9480198019801981 0.2994428969359331 0.013201320132013201 0.025069637883008356
1 0.9447194719471947 0.3126740947075209 0.01485148514851485 0.026462395543175487
1 0.8642739273927393 0.3126740947075209 0.014026402640264026 0.02924791086350975
1 0.8778877887788779 0.34052924791086353 0.01485148514851485 0.0403899721448468
1 0.8997524752475248 0.32103064066852366 0.015676567656765675 0.03203342618384401
1 0.8766501650165016 0.2876044568245125 0.014026402640264026 0.02924791086350975
