1 0.11252992817238627 0.5663780663780664 0.05746209098164406 0.10245310245310245
1 0.23184357541899442 0.3448773448773449 0.018355945730247406 0.031746031746031744
1 0.26177174780526735 0.3484848484848485 0.020750199521149242 0.03896103896103896
1 0.2877094972067039 0.30447330447330445 0.015163607342378293 0.031746031746031744
1 0.2885075818036712 0.3694083694083694 0.019952114924181964 0.0404040404040404
1 0.3220271348762969 0.38023088023088025 0.02154828411811652 0.04184704184704185
1 0.35275339185953714 0.33261183261183264 0.014365522745411015 0.03318903318903319
1 0.3531524341580208 0.29292929292929293 0.01675977653631285 0.02886002886002886
1 0.3786911412609737 0.3484848484848485 0.018355945730247406 0.03318903318903319
1 0.3846767757382283 0.26551226551226553 0.014365522745411015 0.025974025974025976
1 0.3970470869912211 0.2893217893217893 0.011971268954509178 0.027417027417027416
1 0.4022346368715084 0.30303030303030304 0.014365522745411015 0.02886002886002886
1 0.40542697525937754 0.35425685425685427 0.019154030327214685 0.044733044733044736
1 0.42178770949720673 0.26334776334776333 0.013567438148443736 0.021645021645021644
1 0.43735035913806863 0.2691197691197691 0.012769353551476457 0.027417027417027416
1 0.4329608938547486 0.3088023088023088 0.018355945730247406 0.03751803751803752
1 0.4477254588986433 0.3333333333333333 0.019154030327214685 0.03463203463203463
1 0.46288906624102155 0.30663780663780665 0.017557861133280128 0.03318903318903319
1 0.44932162809257786 0.2532467532467532 0.0111731843575419 0.027417027417027416
1 0.4600957701516361 0.24242424242424243 0.013567438148443736 0.025974025974025976
1 0.4624900239425379 0.27705627705627706 0.013567438148443736 0.025974025974025976
1 0.4784517158818835 0.2893217893217893 0.01675977653631285 0.030303030303030304
1 0.5111731843575419 0.3008658008658009 0.01675977653631285 0.030303030303030304
1 0.49521149241819634 0.3268398268398268 0.015163607342378293 0.03318903318903319
1 0.5079808459696729 0.2481962481962482 0.011971268954509178 0.025974025974025976
1 0.5227454110135674 0.25757575757575757 0.017557861133280128 0.03318903318903319
1 0.5403032721468476 0.23304473304473305 0.012769353551476457 0.027417027417027416
1 0.5590582601755787 0.22366522366522368 0.010375099760574621 0.0202020202020202
1 0.5722266560255387 0.2611832611832612 0.01596169193934557 0.03463203463203463
1 0.5650438946528332 0.24386724386724387 0.014365522745411015 0.02886002886002886
1 0.5646448523543496 0.28354978354978355 0.015163607342378293 0.03896103896103896
1 0.5207501995211493 0.35425685425685427 0.019952114924181964 0.044733044733044736
1 0.4916201117318436 0.40115440115440115 0.0223463687150838 0.05194805194805195
1 0.5339185953711094 0.4069264069264069 0.025538707102952914 0.049062049062049064
1 0.5913806863527534 0.23160173160173161 0.0111731843575419 0.024531024531024532
1 0.6005586592178771 0.20923520923520925 0.011971268954509178 0.02886002886002886
1 0.5885873902633679 0.25685425685425683 0.013567438148443736 0.02886002886002886
1 0.6197126895450918 0.2582972582972583 0.013567438148443736 0.023088023088023088
1 0.6237031125299282 0.2352092352092352 0.015163607342378293 0.025974025974025976
1 0.6508379888268156 0.2287157287157287 0.010375099760574621 0.024531024531024532
1 0.6636073423782921 0.23665223665223664 0.011971268954509178 0.02886002886002886
1 0.6723862729449323 0.23088023088023088 0.011971268954509178 0.02886002886002886
1 0.6664006384676776 0.27056277056277056 0.014365522745411015 0.03318903318903319
1 0.6907422186751796 0.25901875901875904 0.013567438148443736 0.03607503607503607
1 0.6237031125299282 0.30735930735930733 0.01675977653631285 0.0404040404040404
1 0.6356743814844373 0.3354978354978355 0.018355945730247406 0.04184704184704185
1 0.5889864325618516 0.3318903318903319 0.019154030327214685 0.03751803751803752
1 0.5969672785315244 0.37445887445887444 0.0223463687150838 0.044733044733044736
1 0.6013567438148444 0.43506493506493504 0.026336791699920193 0.05339105339105339
1 0.6540303272146848 0.38816738816738816 0.026336791699920193 0.06060606060606061
1 0.6564245810055866 0.44083694083694086 0.029529130087789308 0.06204906204906205
1 0.694732641660016 0.5331890331890332 0.031125299281723865 0.07936507936507936
1 0.6667996807661613 0.3232323232323232 0.019952114924181964 0.03463203463203463
1 0.6787709497206704 0.35353535353535354 0.019952114924181964 0.04329004329004329
1 0.7166799680766162 0.3997113997113997 0.025538707102952914 0.05772005772005772
1 0.7573822825219474 0.455988455988456 0.02873104549082203 0.06060606060606061
1 0.8100558659217878 0.5346320346320347 0.030327214684756586 0.06782106782106782
1 0.8236233040702314 0.4357864357864358 0.0223463687150838 0.05194805194805195
1 0.786512370311253 0.38095238095238093 0.02154828411811652 0.046176046176046176
1 0.8020750199521149 0.34704184704184704 0.017557861133280128 0.04184704184704185
1 0.7090981644054271 0.29292929292929293 0.015163607342378293 0.03751803751803752
1 0.7198723064644853 0.2532467532467532 0.014365522745411015 0.03318903318903319
1 0.7366320830007981 0.22438672438672438 0.014365522745411015 0.027417027417027416
1 0.7641660015961692 0.2417027417027417 0.013567438148443736 0.024531024531024532
1 0.7549880287310455 0.2611832611832612 0.01596169193934557 0.03463203463203463
1 0.7537909018355946 0.284992784992785 0.018355945730247406 0.03607503607503607
1 0.7924980047885076 0.2474747474747475 0.014365522745411015 0.027417027417027416
1 0.8200319233838788 0.26334776334776333 0.013567438148443736 0.030303030303030304
1 0.8515562649640862 0.25757575757575757 0.0111731843575419 0.024531024531024532
1 0.8467677573822826 0.2748917748917749 0.0111731843575419 0.03607503607503607
1 0.8347964884277734 0.2842712842712843 0.012769353551476457 0.03751803751803752
1 0.7988826815642458 0.28066378066378067 0.01596169193934557 0.030303030303030304
1 0.7960893854748604 0.3059163059163059 0.015163607342378293 0.03751803751803752
1 0.8320031923383879 0.3253968253968254 0.01675977653631285 0.044733044733044736
1 0.8627294493216281 0.2878787878787879 0.014365522745411015 0.03607503607503607
1 0.8611332801276936 0.33261183261183264 0.01596169193934557 0.047619047619047616
1 0.8503591380686353 0.36002886002886003 0.01675977653631285 0.047619047619047616
1 0.840782122905028 0.3903318903318903 0.019952114924181964 0.05916305916305916
1 0.8758978451715882 0.4054834054834055 0.019952114924181964 0.05483405483405483
1 0.9142059058260176 0.27200577200577203 0.011971268954509178 0.03318903318903319
1 0.9134078212290503 0.30808080808080807 0.013567438148443736 0.03607503607503607
1 0.9054269752593775 0.3282828282828283 0.013567438148443736 0.030303030303030304
1 0.9062250598563448 0.35714285714285715 0.01675977653631285 0.04184704184704185
1 0.8914604948124502 0.468975468975469 0.0223463687150838 0.06637806637806638
