1 0.06928571428571428 0.43776824034334766 0.09 0.20600858369098712
1 0.11428571428571428 0.21030042918454936 0.1 0.19313304721030042
1 0.245 0.17274678111587982 0.06714285714285714 0.11373390557939914
1 0.3142857142857143 0.286480686695279 0.08 0.19527896995708155
1 0.35214285714285715 0.12124463519313304 0.07 0.09656652360515021
1 0.4835714285714286 0.2167381974248927 0.10714285714285714 0.18025751072961374
1 0.4907142857142857 0.06330472103004292 0.07857142857142857 0.11802575107296137
1 0.5978571428571429 0.13412017167381973 0.04428571428571428 0.08798283261802575
1 0.6357142857142857 0.15450643776824036 0.06285714285714286 0.11587982832618025
1 0.7357142857142858 0.15879828326180256 0.13714285714285715 0.22317596566523606
1 0.7621428571428571 0.657725321888412 0.21 0.30257510729613735
