1 0.19277777777777777 0.3237623762376238 0.03666666666666667 0.08118811881188119
1 0.32166666666666666 0.21485148514851485 0.016666666666666666 0.03762376237623762
1 0.3827777777777778 0.19306930693069307 0.021111111111111112 0.04554455445544554
1 0.3877777777777778 0.1702970297029703 0.017777777777777778 0.039603960396039604
1 0.42333333333333334 0.21683168316831683 0.02 0.04950495049504951
1 0.41055555555555556 0.2742574257425743 0.025555555555555557 0.053465346534653464
1 0.4 0.2099009900990099 0.022222222222222223 0.04356435643564356
1 0.4305555555555556 0.15742574257425743 0.016666666666666666 0.033663366336633666
1 0.45 0.16336633663366337 0.017777777777777778 0.03762376237623762
1 0.45666666666666667 0.1792079207920792 0.017777777777777778 0.03762376237623762
1 0.45666666666666667 0.2099009900990099 0.02 0.047524752475247525
1 0.4688888888888889 0.24059405940594059 0.022222222222222223 0.04950495049504951
1 0.4777777777777778 0.1316831683168317 0.013333333333333332 0.0297029702970297
1 0.49166666666666664 0.13762376237623763 0.014444444444444444 0.0297029702970297
1 0.47833333333333333 0.1801980198019802 0.021111111111111112 0.04356435643564356
1 0.5083333333333333 0.20495049504950497 0.021111111111111112 0.03762376237623762
1 0.5238888888888888 0.16930693069306932 0.021111111111111112 0.033663366336633666
1 0.5344444444444444 0.19801980198019803 0.024444444444444446 0.039603960396039604
1 0.5516666666666666 0.17326732673267328 0.016666666666666666 0.0297029702970297
1 0.5544444444444444 0.13366336633663367 0.013333333333333332 0.025742574257425745
1 0.5588888888888889 0.13663366336633664 0.013333333333333332 0.027722772277227723
1 0.5672222222222222 0.14653465346534653 0.016666666666666666 0.039603960396039604
1 0.5894444444444444 0.1722772277227723 0.021111111111111112 0.03564356435643565
1 0.595 0.1485148514851485 0.01888888888888889 0.027722772277227723
1 0.5838888888888889 0.11782178217821783 0.014444444444444444 0.0297029702970297
1 0.6327777777777778 0.12574257425742574 0.01 0.02178217821782178
1 0.6344444444444445 0.10792079207920792 0.011111111111111112 0.02178217821782178
1 0.6888888888888889 0.12079207920792079 0.013333333333333332 0.031683168316831684
1 0.7094444444444444 0.1306930693069307 0.012222222222222223 0.031683168316831684
1 0.5955555555555555 0.26534653465346536 0.022222222222222223 0.055445544554455446
1 0.6133333333333333 0.25742574257425743 0.026666666666666665 0.0594059405940594
1 0.6433333333333333 0.22574257425742575 0.022222222222222223 0.047524752475247525
1 0.6811111111111111 0.2 0.022222222222222223 0.039603960396039604
1 0.7194444444444444 0.18316831683168316 0.016666666666666666 0.03762376237623762
1 0.735 0.1891089108910891 0.014444444444444444 0.033663366336633666
1 0.7244444444444444 0.16237623762376238 0.017777777777777778 0.03564356435643565
1 0.7311111111111112 0.15247524752475247 0.013333333333333332 0.031683168316831684
1 0.7516666666666667 0.15148514851485148 0.014444444444444444 0.0297029702970297
1 0.77 0.16435643564356436 0.015555555555555555 0.03564356435643565
1 0.7911111111111111 0.1425742574257426 0.015555555555555555 0.03564356435643565
1 0.8005555555555556 0.16237623762376238 0.014444444444444444 0.031683168316831684
1 0.7977777777777778 0.18415841584158416 0.017777777777777778 0.03564356435643565
1 0.7988888888888889 0.21683168316831683 0.017777777777777778 0.04554455445544554
1 0.7616666666666667 0.200990099009901 0.01888888888888889 0.041584158415841586
1 0.7588888888888888 0.2603960396039604 0.022222222222222223 0.053465346534653464
1 0.7355555555555555 0.29405940594059404 0.03111111111111111 0.05742574257425743
1 0.6538888888888889 0.4158415841584158 0.034444444444444444 0.0594059405940594
1 0.8383333333333334 0.31584158415841584 0.027777777777777776 0.06534653465346535
1 0.8494444444444444 0.2712871287128713 0.021111111111111112 0.05148514851485149
1 0.8433333333333334 0.22673267326732674 0.02 0.041584158415841586
1 0.83 0.12178217821782178 0.024444444444444446 0.053465346534653464
1 0.8738888888888889 0.10495049504950495 0.01888888888888889 0.047524752475247525
1 0.9016666666666666 0.21188118811881188 0.021111111111111112 0.04356435643564356
1 0.8888888888888888 0.24257425742574257 0.022222222222222223 0.04950495049504951
1 0.8794444444444445 0.2891089108910891 0.023333333333333334 0.0594059405940594
1 0.9138888888888889 0.33663366336633666 0.025555555555555557 0.06732673267326733
1 0.9394444444444444 0.2386138613861386 0.01888888888888889 0.03762376237623762
1 0.9638888888888889 0.15148514851485148 0.01888888888888889 0.04554455445544554
1 0.9316666666666666 0.11683168316831684 0.016666666666666666 0.03564356435643565
1 0.975 0.1297029702970297 0.016666666666666666 0.033663366336633666
1 0.9872222222222222 0.1495049504950495 0.014444444444444444 0.03762376237623762
