1 0.2006172839506173 0.818142361111111 0.08140432098765432 0.10734953703703703
1 0.35050154320987653 0.5938946759259259 0.06134259259259259 0.11371527777777778
1 0.3828125 0.8920717592592592 0.0792824074074074 0.12905092592592593
1 0.40769675925925924 0.7912326388888888 0.06809413580246913 0.10561342592592592
1 0.6050347222222222 0.8971354166666666 0.09085648148148148 0.15596064814814814
1 0.630883487654321 0.8541666666666666 0.08622685185185185 0.14467592592592593
1 0.5947145061728395 0.782986111111111 0.06481481481481481 0.0931712962962963
1 0.7387152777777778 0.8010706018518519 0.05922067901234568 0.11487268518518517
1 0.7937885802469136 0.8310185185185185 0.06481481481481481 0.13541666666666666
1 0.8403742283950617 0.8961226851851851 0.06539351851851852 0.17881944444444445
1 0.9192708333333333 0.875 0.1267361111111111 0.2065972222222222
