1 0.040287990196078434 0.40175653594771243 0.07383578431372549 0.11642156862745098
1 0.18903186274509803 0.338031045751634 0.06495098039215687 0.09436274509803921
1 0.29181985294117646 0.30800653594771243 0.05238970588235294 0.08660130718954248
1 0.3717830882352941 0.39276960784313725 0.08363970588235294 0.12050653594771242
1 0.4247855392156863 0.272671568627451 0.040134803921568624 0.07557189542483661
1 0.4950980392156863 0.3639705882352941 0.07904411764705882 0.11437908496732027
1 0.5197610294117647 0.27512254901960786 0.04932598039215686 0.07883986928104575
1 0.5574448529411765 0.29758986928104575 0.04871323529411765 0.06985294117647059
1 0.5940563725490196 0.32945261437908496 0.06495098039215687 0.09354575163398693
1 0.6314338235294118 0.29064542483660133 0.04718137254901961 0.06985294117647059
1 0.6818321078431372 0.2937091503267974 0.059742647058823525 0.08169934640522876
1 0.6848958333333334 0.23386437908496732 0.040134803921568624 0.06576797385620915
1 0.8412990196078431 0.20506535947712418 0.044117647058823525 0.06781045751633988
1 0.8667279411764706 0.26266339869281047 0.0545343137254902 0.0857843137254902
1 0.8783700980392156 0.2064950980392157 0.03860294117647059 0.05514705882352941
1 0.9404105392156863 0.22773692810457516 0.04932598039215686 0.06576797385620915
1 0.9453125 0.18709150326797386 0.03952205882352941 0.05555555555555556
