1 0.05916666666666667 0.6012500000000001 0.10833333333333334 0.2125
1 0.22166666666666668 0.68 0.13 0.215
1 0.18000000000000002 0.47625 0.05333333333333334 0.0925
1 0.41500000000000004 0.45125 0.060000000000000005 0.1125
1 0.18166666666666667 0.54 0.07 0.085
1 0.44583333333333336 0.62125 0.10166666666666667 0.1775
1 0.3841666666666667 0.84375 0.18166666666666667 0.2775
1 0.5016666666666667 0.25875 0.030000000000000002 0.0675
1 0.4916666666666667 0.455 0.06666666666666667 0.12
1 0.5766666666666667 0.44625000000000004 0.05666666666666667 0.11750000000000001
1 0.6316666666666667 0.42625 0.07 0.1225
1 0.6516666666666667 0.6575 0.12666666666666668 0.185
1 0.8016666666666667 0.7125 0.14 0.24
1 0.7741666666666667 0.485 0.06166666666666667 0.09
1 0.8416666666666667 0.47250000000000003 0.07 0.13
1 0.9108333333333334 0.45625 0.04166666666666667 0.0775
