1 0.9365384615384615 0.2186411149825784 0.013461538461538462 0.04006968641114982
1 0.8879807692307693 0.22386759581881532 0.014423076923076924 0.04355400696864112
1 0.9278846153846154 0.27526132404181186 0.01730769230769231 0.05226480836236934
1 0.9240384615384616 0.32926829268292684 0.023076923076923078 0.059233449477351915
1 0.9052884615384615 0.41289198606271776 0.03173076923076923 0.07665505226480836
1 0.8701923076923077 0.2700348432055749 0.01730769230769231 0.05226480836236934
1 0.8432692307692308 0.3162020905923345 0.021153846153846155 0.06445993031358885
1 0.8240384615384616 0.3902439024390244 0.026923076923076925 0.06968641114982578
1 0.8221153846153847 0.2508710801393728 0.015384615384615385 0.04529616724738676
1 0.8004807692307693 0.22996515679442509 0.016346153846153847 0.041811846689895474
1 0.7822115384615385 0.30226480836236935 0.022115384615384617 0.05400696864111498
1 0.7677884615384616 0.22473867595818817 0.01826923076923077 0.041811846689895474
1 0.795673076923077 0.1332752613240418 0.010576923076923078 0.02264808362369338
1 0.7990384615384616 0.1559233449477352 0.013461538461538462 0.036585365853658534
1 0.7346153846153847 0.13763066202090593 0.011538461538461539 0.027874564459930314
1 0.7605769230769232 0.14721254355400698 0.011538461538461539 0.033101045296167246
1 0.758173076923077 0.17073170731707318 0.0125 0.03832752613240418
1 0.7514423076923077 0.18815331010452963 0.01826923076923077 0.041811846689895474
1 0.7149038461538462 0.18554006968641115 0.016346153846153847 0.04355400696864112
1 0.7129807692307693 0.22473867595818817 0.01826923076923077 0.04529616724738676
1 0.7283653846153847 0.28310104529616725 0.022115384615384617 0.05749128919860627
1 0.7625000000000001 0.3614982578397212 0.028846153846153848 0.078397212543554
1 0.6836538461538462 0.24912891986062718 0.019230769230769232 0.05574912891986063
1 0.6932692307692309 0.30226480836236935 0.025 0.06097560975609756
1 0.6735576923076924 0.1750871080139373 0.014423076923076924 0.036585365853658534
1 0.6620192307692309 0.0975609756097561 0.008653846153846154 0.020905923344947737
1 0.6947115384615385 0.1019163763066202 0.008653846153846154 0.02264808362369338
1 0.6947115384615385 0.11585365853658537 0.010576923076923078 0.02613240418118467
1 0.7144230769230769 0.10365853658536585 0.009615384615384616 0.02613240418118467
1 0.6399038461538462 0.10975609756097561 0.010576923076923078 0.027874564459930314
1 0.6538461538461539 0.13066202090592335 0.011538461538461539 0.027874564459930314
1 0.645673076923077 0.21689895470383275 0.014423076923076924 0.033101045296167246
1 0.6288461538461538 0.12369337979094076 0.011538461538461539 0.027874564459930314
1 0.6173076923076923 0.10714285714285714 0.007692307692307693 0.02613240418118467
1 0.5947115384615385 0.10714285714285714 0.008653846153846154 0.02264808362369338
1 0.5836538461538462 0.11498257839721254 0.009615384615384616 0.027874564459930314
1 0.608173076923077 0.12020905923344948 0.010576923076923078 0.027874564459930314
1 0.6259615384615385 0.14285714285714285 0.013461538461538462 0.0313588850174216
1 0.5908653846153846 0.17421602787456447 0.0125 0.03832752613240418
1 0.5961538461538461 0.14982578397212543 0.011538461538461539 0.027874564459930314
1 0.6158653846153846 0.25174216027874563 0.022115384615384617 0.05749128919860627
1 0.6158653846153846 0.3205574912891986 0.025961538461538463 0.059233449477351915
1 0.5798076923076924 0.23170731707317074 0.01730769230769231 0.04878048780487805
1 0.5524038461538462 0.2935540069686411 0.02403846153846154 0.06445993031358885
1 0.5514423076923077 0.11846689895470383 0.0125 0.027874564459930314
1 0.5158653846153847 0.11846689895470383 0.010576923076923078 0.024390243902439025
1 0.5288461538461539 0.1210801393728223 0.009615384615384616 0.02264808362369338
1 0.5129807692307693 0.14198606271777003 0.0125 0.029616724738675958
1 0.5317307692307692 0.15156794425087108 0.015384615384615385 0.0313588850174216
1 0.5485576923076924 0.14198606271777003 0.0125 0.02613240418118467
1 0.5586538461538462 0.15940766550522648 0.013461538461538462 0.033101045296167246
1 0.5639423076923077 0.18205574912891986 0.0125 0.036585365853658534
1 0.49423076923076925 0.13066202090592335 0.011538461538461539 0.024390243902439025
1 0.4697115384615385 0.14198606271777003 0.014423076923076924 0.02613240418118467
1 0.49230769230769234 0.14285714285714285 0.015384615384615385 0.027874564459930314
1 0.4865384615384616 0.17073170731707318 0.013461538461538462 0.03832752613240418
1 0.5158653846153847 0.18554006968641115 0.016346153846153847 0.04006968641114982
1 0.4951923076923077 0.22038327526132404 0.01730769230769231 0.04355400696864112
1 0.49951923076923077 0.2865853658536585 0.022115384615384617 0.05749128919860627
1 0.4259615384615385 0.13937282229965156 0.011538461538461539 0.027874564459930314
1 0.43365384615384617 0.16114982578397213 0.011538461538461539 0.033101045296167246
1 0.4514423076923077 0.16463414634146342 0.0125 0.036585365853658534
1 0.41298076923076926 0.19076655052264807 0.014423076923076924 0.04006968641114982
1 0.43173076923076925 0.22996515679442509 0.019230769230769232 0.041811846689895474
1 0.3557692307692308 0.1794425087108014 0.011538461538461539 0.024390243902439025
1 0.38125000000000003 0.18815331010452963 0.014423076923076924 0.03484320557491289
1 0.3653846153846154 0.2229965156794425 0.013461538461538462 0.03484320557491289
1 0.37788461538461543 0.23693379790940766 0.013461538461538462 0.03484320557491289
1 0.3889423076923077 0.2421602787456446 0.020192307692307693 0.04529616724738676
1 0.3389423076923077 0.2229965156794425 0.016346153846153847 0.041811846689895474
1 0.28173076923076923 0.23170731707317074 0.015384615384615385 0.03832752613240418
1 0.17836538461538462 0.3510452961672474 0.03942307692307692 0.07142857142857142
