1 0.2164102564102564 0.3467889908256881 0.05333333333333333 0.09541284403669725
1 0.4348717948717949 0.21559633027522937 0.020512820512820513 0.04954128440366973
1 0.4753846153846154 0.21743119266055047 0.021538461538461538 0.045871559633027525
1 0.5312820512820513 0.19174311926605506 0.020512820512820513 0.03486238532110092
1 0.6143589743589744 0.20458715596330276 0.026666666666666665 0.05321100917431193
1 0.6256410256410256 0.22935779816513763 0.022564102564102566 0.047706422018348627
1 0.6641025641025641 0.21376146788990827 0.02358974358974359 0.04220183486238532
1 0.6723076923076923 0.24128440366972478 0.02358974358974359 0.04954128440366973
1 0.6676923076923077 0.16972477064220184 0.020512820512820513 0.04954128440366973
1 0.7169230769230769 0.2036697247706422 0.022564102564102566 0.05871559633027523
1 0.7502564102564102 0.2761467889908257 0.035897435897435895 0.07522935779816514
1 0.7184615384615385 0.30275229357798167 0.031794871794871796 0.06972477064220184
1 0.8307692307692308 0.26238532110091745 0.026666666666666665 0.05871559633027523
1 0.8692307692307693 0.28899082568807344 0.02564102564102564 0.04954128440366973
1 0.9420512820512821 0.40458715596330275 0.050256410256410255 0.10091743119266056
