1 0.12073170731707317 0.5199115044247787 0.05609756097560976 0.11946902654867256
1 0.2097560975609756 0.4557522123893805 0.04878048780487805 0.09734513274336283
1 0.20243902439024392 0.2654867256637168 0.03414634146341464 0.07079646017699115
1 0.14878048780487804 0.3163716814159292 0.03902439024390244 0.0752212389380531
1 0.30609756097560975 0.4358407079646018 0.05609756097560976 0.10176991150442477
1 0.2682926829268293 0.2721238938053097 0.03902439024390244 0.0663716814159292
1 0.23170731707317074 0.334070796460177 0.04390243902439024 0.09292035398230089
1 0.32682926829268294 0.28982300884955753 0.029268292682926828 0.0663716814159292
1 0.3951219512195122 0.25663716814159293 0.03414634146341464 0.061946902654867256
1 0.4378048780487805 0.2853982300884956 0.03170731707317073 0.0663716814159292
1 0.42317073170731706 0.4314159292035398 0.041463414634146344 0.08407079646017698
1 0.35365853658536583 0.6194690265486725 0.04390243902439024 0.08849557522123894
1 0.2329268292682927 0.6216814159292036 0.06585365853658537 0.12831858407079647
1 0.4865853658536585 0.6084070796460177 0.06097560975609756 0.10176991150442477
1 0.5487804878048781 0.5265486725663717 0.058536585365853655 0.12389380530973451
1 0.45365853658536587 0.13716814159292035 0.029268292682926828 0.061946902654867256
1 0.30121951219512194 0.10619469026548672 0.03170731707317073 0.061946902654867256
1 0.7048780487804878 0.27654867256637167 0.029268292682926828 0.0752212389380531
1 0.7658536585365854 0.28982300884955753 0.03414634146341464 0.0663716814159292
1 0.801219512195122 0.334070796460177 0.036585365853658534 0.0663716814159292
1 0.8463414634146341 0.2942477876106195 0.03902439024390244 0.0752212389380531
1 0.8621951219512195 0.34292035398230086 0.036585365853658534 0.0663716814159292
