1 0.014166666666666668 0.4192200557103064 0.025 0.06406685236768803
1 0.065 0.46518105849582175 0.02666666666666667 0.05013927576601671
1 0.095 0.44986072423398327 0.02666666666666667 0.04735376044568245
1 0.12333333333333334 0.4373259052924791 0.02666666666666667 0.06128133704735376
1 0.16 0.4401114206128134 0.043333333333333335 0.07799442896935933
1 0.24166666666666667 0.4136490250696379 0.06333333333333334 0.10306406685236769
1 0.29000000000000004 0.42896935933147634 0.03333333333333333 0.07799442896935933
1 0.35500000000000004 0.44428969359331477 0.02666666666666667 0.052924791086350974
1 0.4191666666666667 0.4401114206128134 0.035 0.07799442896935933
1 0.3825 0.4582172701949861 0.018333333333333333 0.04178272980501393
1 0.3375 0.4554317548746518 0.015000000000000001 0.03064066852367688
1 0.32666666666666666 0.46657381615598886 0.016666666666666666 0.036211699164345405
1 0.46166666666666667 0.45264623955431754 0.02666666666666667 0.052924791086350974
1 0.5258333333333334 0.4192200557103064 0.055 0.11420612813370473
1 0.6016666666666667 0.435933147632312 0.04 0.09749303621169916
1 0.6366666666666667 0.4610027855153203 0.030000000000000002 0.06963788300835655
1 0.7033333333333334 0.46657381615598886 0.03666666666666667 0.0807799442896936
1 0.7591666666666668 0.4958217270194986 0.018333333333333333 0.05013927576601671
1 0.9675 0.3774373259052925 0.025 0.04735376044568245
1 0.9533333333333334 0.3788300835654596 0.023333333333333334 0.05013927576601671
