1 0.041796875000000004 0.20729166666666665 0.07890625000000001 0.24791666666666667
1 0.178125 0.2838541666666667 0.12187500000000001 0.178125
1 0.31093750000000003 0.23697916666666666 0.08125 0.14270833333333333
1 0.3984375 0.27760416666666665 0.06875 0.11979166666666667
1 0.521484375 0.31666666666666665 0.06328125 0.1125
1 0.46953125 0.37864583333333335 0.029687500000000002 0.036458333333333336
1 0.590234375 0.39739583333333334 0.030468750000000003 0.04895833333333333
1 0.6683593750000001 0.2833333333333333 0.06484375 0.12083333333333333
1 0.6644531250000001 0.50625 0.14296875 0.23124999999999998
1 0.8347656250000001 0.2911458333333333 0.07109375 0.11979166666666667
1 0.97421875 0.3390625 0.051562500000000004 0.11770833333333333
