1 0.17 0.46546546546546547 0.124 0.24024024024024024
1 0.234 0.45345345345345345 0.076 0.22822822822822822
1 0.113 0.3183183183183183 0.106 0.18618618618618618
1 0.042 0.16516516516516516 0.08 0.17417417417417416
1 0.146 0.1996996996996997 0.084 0.15315315315315314
1 0.132 0.08858858858858859 0.084 0.11711711711711711
1 0.04 0.028528528528528527 0.056 0.05105105105105105
1 0.185 0.04954954954954955 0.066 0.08708708708708708
1 0.262 0.07057057057057058 0.076 0.12312312312312312
1 0.248 0.17417417417417416 0.084 0.14414414414414414
1 0.221 0.3333333333333333 0.09 0.13213213213213212
1 0.337 0.30930930930930933 0.082 0.16816816816816815
1 0.329 0.17567567567567569 0.074 0.13513513513513514
1 0.468 0.17117117117117117 0.08 0.15015015015015015
1 0.405 0.45045045045045046 0.114 0.2222222222222222
1 0.495 0.47897897897897895 0.094 0.1891891891891892
1 0.641 0.487987987987988 0.10200000000000001 0.17717717717717718
1 0.711 0.4159159159159159 0.09 0.2012012012012012
1 0.626 0.3228228228228228 0.084 0.17117117117117117
1 0.588 0.18768768768768768 0.068 0.12912912912912913
1 0.527 0.07657657657657657 0.058 0.1111111111111111
1 0.727 0.15165165165165165 0.07 0.12312312312312312
1 0.704 0.2702702702702703 0.068 0.12012012012012012
1 0.864 0.3948948948948949 0.096 0.19519519519519518
1 0.9410000000000001 0.4099099099099099 0.08600000000000001 0.1891891891891892
1 0.892 0.2972972972972973 0.08 0.12612612612612611
1 0.8280000000000001 0.0915915915915916 0.06 0.11711711711711711
1 0.97 0.2057057057057057 0.06 0.11711711711711711
1 0.968 0.1036036036036036 0.06 0.11711711711711711
1 0.9570000000000001 0.03753753753753754 0.046 0.06306306306306306
1 0.878 0.036036036036036036 0.048 0.06606606606606606
1 0.782 0.03153153153153153 0.04 0.057057057057057055
1 0.731 0.057057057057057055 0.066 0.1021021021021021
