1 0.1483679525222552 0.722 0.10089020771513353 0.056
1 0.23887240356083086 0.659 0.05637982195845698 0.038
1 0.04896142433234422 0.852 0.08011869436201781 0.06
1 0.4109792284866469 0.8310000000000001 0.09198813056379822 0.062
1 0.4362017804154303 0.761 0.05341246290801187 0.05
1 0.4421364985163205 0.684 0.04747774480712166 0.04
1 0.7106824925816024 0.554 0.06231454005934718 0.04
1 0.7195845697329377 0.684 0.06824925816023739 0.044
1 0.7863501483679526 0.757 0.0712166172106825 0.062
1 0.8560830860534125 0.745 0.06824925816023739 0.058
1 0.9777448071216618 0.714 0.04451038575667656 0.048
