1 0.11639808362369337 0.6271269633507853 0.09908536585365854 0.20778795811518325
1 0.1672473867595819 0.5723167539267016 0.06881533101045297 0.14463350785340315
1 0.04366289198606272 0.49934554973821993 0.06598432055749129 0.11714659685863875
1 0.1289198606271777 0.3178992146596859 0.0666376306620209 0.11289267015706807
1 0.09843205574912892 0.2987565445026178 0.04790940766550523 0.08115183246073299
1 0.26426393728222997 0.374836387434555 0.053353658536585365 0.09391361256544503
1 0.2381315331010453 0.33573298429319376 0.04072299651567944 0.068717277486911
1 0.32360627177700346 0.42130235602094246 0.06402439024390244 0.12336387434554974
1 0.3438588850174216 0.755726439790576 0.13980836236933797 0.2418193717277487
1 0.45557491289198604 0.5415575916230366 0.09059233449477352 0.14856020942408377
1 0.3868684668989547 0.3715641361256545 0.05553135888501742 0.09587696335078534
1 0.3231707317073171 0.30513743455497383 0.05618466898954704 0.0899869109947644
1 0.42367160278745647 0.3262434554973822 0.04769163763066202 0.08311518324607331
1 0.4946646341463415 0.4258835078534032 0.05901567944250871 0.10765706806282724
1 0.46265243902439024 0.39496073298429324 0.04856271777003484 0.08965968586387435
1 0.5357142857142857 0.3167539267015707 0.04137630662020906 0.07722513089005235
1 0.5946210801393729 0.36583769633507857 0.049869337979094076 0.0948952879581152
1 0.616506968641115 0.34211387434554974 0.03571428571428571 0.08147905759162304
1 0.6509146341463414 0.5463023560209425 0.09625435540069686 0.17964659685863876
1 0.672691637630662 0.4756217277486911 0.05966898954703833 0.10569371727748691
1 0.6931620209059234 0.40428664921465973 0.052700348432055746 0.09195026178010472
1 0.7359538327526133 0.35962041884816753 0.05117595818815331 0.0844240837696335
1 0.741506968641115 0.29466623036649214 0.05139372822299652 0.08540575916230367
1 0.7043771777003485 0.2627617801047121 0.04420731707317073 0.08965968586387435
1 0.8125 0.32198952879581155 0.047038327526132406 0.07918848167539268
1 0.827852787456446 0.37320026178010474 0.049869337979094076 0.09260471204188482
1 0.8445121951219512 0.4533704188481676 0.06184668989547038 0.10569371727748691
1 0.8711890243902439 0.6454515706806283 0.13044425087108014 0.20713350785340315
1 0.8027003484320557 0.5147251308900523 0.09494773519163763 0.15837696335078535
1 0.8391768292682927 0.2697971204188482 0.04159407665505226 0.08213350785340315
1 0.9094076655052264 0.32575261780104714 0.042682926829268296 0.09718586387434555
1 0.9326001742160279 0.28828534031413616 0.045513937282229966 0.08769633507853404
