1 0.010325292397660817 0.561266447368421 0.020285087719298246 0.0424890350877193
1 0.0646016081871345 0.5686677631578947 0.024671052631578948 0.033717105263157895
1 0.11366959064327485 0.5663377192982456 0.02631578947368421 0.043859649122807015
1 0.1221673976608187 0.5829221491228069 0.026498538011695903 0.04194078947368421
1 0.1440972222222222 0.5426260964912281 0.020285087719298246 0.03207236842105263
1 0.16529605263157893 0.5481085526315789 0.020650584795321635 0.031524122807017545
1 0.2023940058479532 0.5537280701754386 0.01991959064327485 0.03070175438596491
1 0.22551169590643275 0.5385142543859649 0.017178362573099414 0.030427631578947366
1 0.23327850877192982 0.5597587719298245 0.02540204678362573 0.038377192982456135
1 0.26059941520467833 0.5671600877192983 0.023391812865497075 0.043859649122807015
1 0.29504751461988304 0.6440515350877193 0.04404239766081871 0.0644188596491228
1 0.27229532163742687 0.5389254385964912 0.019736842105263157 0.027412280701754384
1 0.2888340643274854 0.5467379385964912 0.017361111111111112 0.028782894736842105
1 0.31642909356725146 0.5348135964912281 0.012975146198830409 0.025219298245614034
1 0.3199926900584795 0.5549616228070176 0.02010233918128655 0.03207236842105263
1 0.33808479532163743 0.5474232456140351 0.01827485380116959 0.03782894736842105
1 0.3472222222222222 0.5561951754385964 0.017543859649122806 0.03453947368421052
1 0.35590277777777773 0.534265350877193 0.016264619883040933 0.025219298245614034
1 0.33031798245614036 0.5316611842105263 0.0133406432748538 0.022203947368421052
1 0.3830409356725146 0.5467379385964912 0.021198830409356724 0.03207236842105263
1 0.3968384502923976 0.5379660087719298 0.014802631578947368 0.028234649122807015
1 0.383406432748538 0.59375 0.03728070175438596 0.05482456140350877
1 0.36878654970760233 0.599095394736842 0.0222953216374269 0.0424890350877193
1 0.4319261695906432 0.5997807017543859 0.035270467836257306 0.05537280701754386
1 0.42452485380116955 0.6899671052631579 0.06944444444444445 0.09375
1 0.42872807017543857 0.5455043859649122 0.01425438596491228 0.0268640350877193
1 0.4450840643274854 0.5513980263157895 0.021381578947368418 0.03536184210526316
1 0.4423428362573099 0.5319353070175439 0.011878654970760233 0.018366228070175437
1 0.4630847953216374 0.5334429824561403 0.01608187134502924 0.02576754385964912
1 0.4317434210526316 0.5272752192982456 0.012244152046783625 0.01726973684210526
1 0.5075840643274854 0.4916392543859649 0.0221125730994152 0.035910087719298246
1 0.5493421052631579 0.5139802631578947 0.011330409356725146 0.021381578947368418
1 0.5629568713450293 0.5183662280701754 0.010051169590643274 0.022478070175438597
1 0.5766630116959064 0.5317982456140351 0.0133406432748538 0.02631578947368421
1 0.5986842105263157 0.5224780701754386 0.013157894736842105 0.02576754385964912
1 0.5971308479532164 0.540844298245614 0.011878654970760233 0.0268640350877193
1 0.5421235380116959 0.5435855263157895 0.016995614035087717 0.02796052631578947
1 0.5227521929824561 0.5725054824561403 0.026498538011695903 0.04358552631578947
1 0.5026498538011696 0.6240405701754386 0.046600877192982455 0.07209429824561403
1 0.49744152046783624 0.7938596491228069 0.09502923976608187 0.14418859649122806
1 0.5770285087719298 0.5808662280701754 0.027595029239766082 0.042214912280701754
1 0.6178728070175439 0.5727796052631579 0.025219298245614034 0.0424890350877193
1 0.6326754385964912 0.6348684210526315 0.04568713450292397 0.08114035087719298
1 0.7168311403508771 0.6733826754385964 0.05537280701754386 0.08963815789473684
1 0.6641081871345029 0.59375 0.031067251461988302 0.05263157894736842
1 0.6958150584795322 0.5797697368421052 0.03782894736842105 0.0625
1 0.6527777777777778 0.5645559210526315 0.025219298245614034 0.0424890350877193
1 0.630391081871345 0.5429002192982456 0.02101608187134503 0.03645833333333333
1 0.614126461988304 0.518640350877193 0.012244152046783625 0.023026315789473683
1 0.6402595029239766 0.5167214912280701 0.012244152046783625 0.021929824561403508
1 0.6577119883040935 0.5270010964912281 0.01425438596491228 0.026589912280701754
1 0.6636513157894737 0.518640350877193 0.013706140350877192 0.01864035087719298
1 0.6764437134502923 0.5368695175438596 0.022478070175438597 0.03207236842105263
1 0.6823830409356725 0.5138432017543859 0.014619883040935672 0.021107456140350877
1 0.6508589181286549 0.4845120614035087 0.010782163742690058 0.01726973684210526
1 0.6302997076023391 0.4765625 0.01023391812865497 0.013980263157894735
1 0.7033077485380117 0.5241228070175439 0.012244152046783625 0.020285087719298246
1 0.7086988304093567 0.5152138157894737 0.013523391812865496 0.021107456140350877
1 0.7274305555555555 0.5256304824561403 0.017361111111111112 0.02987938596491228
1 0.730171783625731 0.5715460526315789 0.02357456140350877 0.044956140350877194
1 0.7455226608187134 0.5407072368421052 0.017361111111111112 0.028782894736842105
1 0.7461622807017544 0.5157620614035088 0.01206140350877193 0.0200109649122807
1 0.7642543859649122 0.5338541666666666 0.01827485380116959 0.03536184210526316
1 0.7796966374269005 0.5581140350877193 0.0221125730994152 0.042214912280701754
1 0.799890350877193 0.5782620614035088 0.031432748538011694 0.0512609649122807
1 0.774579678362573 0.5263157894736842 0.016264619883040933 0.027412280701754384
1 0.7949561403508771 0.5193256578947368 0.011330409356725146 0.022752192982456138
1 0.8061038011695906 0.5367324561403508 0.017909356725146198 0.029605263157894735
1 0.8139619883040935 0.5206962719298245 0.010599415204678362 0.020559210526315787
1 0.8206323099415205 0.5319353070175439 0.011878654970760233 0.022752192982456138
1 0.831140350877193 0.5389254385964912 0.017543859649122806 0.03453947368421052
1 0.8462171052631579 0.5307017543859649 0.014071637426900584 0.027412280701754384
1 0.849141081871345 0.5202850877192983 0.01114766081871345 0.019736842105263157
1 0.8603801169590642 0.5371436403508771 0.015350877192982455 0.026589912280701754
1 0.8765533625730993 0.542077850877193 0.016264619883040933 0.028234649122807015
1 0.8712536549707602 0.5707236842105263 0.02101608187134503 0.042214912280701754
1 0.8259320175438596 0.6229440789473684 0.04404239766081871 0.08141447368421052
1 0.9032346491228069 0.575657894736842 0.029788011695906433 0.048793859649122806
1 0.9077119883040935 0.5315241228070176 0.01608187134502924 0.02631578947368421
1 0.8972953216374269 0.5356359649122807 0.011330409356725146 0.023026315789473683
1 0.9325657894736842 0.5683936403508771 0.02448830409356725 0.04632675438596491
1 0.9637244152046783 0.5519462719298245 0.02576754385964912 0.03645833333333333
1 0.9830043859649122 0.5485197368421052 0.01827485380116959 0.03289473684210526
1 0.948921783625731 0.5464638157894737 0.015899122807017545 0.031524122807017545
1 0.9390533625730993 0.5237116228070176 0.016995614035087717 0.028234649122807015
1 0.9490131578947368 0.525219298245614 0.010964912280701754 0.022478070175438597
1 0.9723135964912281 0.5307017543859649 0.01663011695906433 0.021929824561403508
