0 0.041 0.1891891891891892 0.078 0.21621621621621623
0 0.20600000000000002 0.21771771771771772 0.14 0.24324324324324323
0 0.354 0.25825825825825827 0.112 0.21021021021021022
0 0.498 0.2747747747747748 0.076 0.12312312312312312
1 0.40900000000000003 0.2702702702702703 0.058 0.13213213213213212
0 0.44 0.28378378378378377 0.036000000000000004 0.07507507507507508
1 0.265 0.2912912912912913 0.046 0.0960960960960961
0 0.133 0.23123123123123124 0.05 0.12612612612612611
1 0.803 0.26576576576576577 0.114 0.22522522522522523
1 0.715 0.3108108108108108 0.074 0.14114114114114115
0 0.518 0.3108108108108108 0.028 0.07507507507507508
