0 0.15533333333333332 0.47417355371900827 0.04133333333333333 0.06818181818181818
0 0.40066666666666667 0.5165289256198348 0.04133333333333333 0.07024793388429752
0 0.4666666666666667 0.49483471074380164 0.048 0.07644628099173553
0 0.5806666666666667 0.4927685950413223 0.04666666666666666 0.07644628099173553
0 0.6746666666666666 0.5123966942148761 0.050666666666666665 0.08264462809917356
0 0.7453333333333333 0.49483471074380164 0.048 0.08884297520661158
0 0.8813333333333333 0.5237603305785125 0.04533333333333333 0.08471074380165289
1 0.26666666666666666 0.515495867768595 0.03733333333333333 0.06404958677685951
1 0.296 0.49586776859504134 0.032 0.05785123966942149
1 0.33066666666666666 0.48243801652892565 0.04 0.06818181818181818
