0 0.7411067193675889 0.36089238845144356 0.07114624505928853 0.09711286089238845
0 0.908102766798419 0.32020997375328086 0.07707509881422925 0.11023622047244094
1 0.2885375494071146 0.3425196850393701 0.035573122529644265 0.05511811023622047
1 0.32312252964426874 0.5826771653543307 0.08893280632411067 0.1732283464566929
1 0.20158102766798416 0.4461942257217848 0.043478260869565216 0.06299212598425197
1 0.14130434782608695 0.49081364829396323 0.06521739130434782 0.08923884514435695
1 0.08695652173913043 0.4645669291338583 0.03952569169960474 0.08398950131233596
1 0.8063241106719367 0.34908136482939633 0.06719367588932806 0.08923884514435695
1 0.8241106719367588 0.49343832020997375 0.0909090909090909 0.15223097112860892
1 0.5019762845849802 0.33727034120734906 0.043478260869565216 0.06561679790026247
1 0.5484189723320158 0.32020997375328086 0.0533596837944664 0.08923884514435695
1 0.5859683794466403 0.31627296587926507 0.037549407114624504 0.07086614173228346
1 0.6235177865612648 0.3241469816272966 0.04940711462450593 0.08661417322834646
