0 0.08545454545454545 0.3895631067961165 0.05454545454545454 0.0849514563106796
0 0.16090909090909092 0.37864077669902907 0.04909090909090909 0.07281553398058252
0 0.22090909090909092 0.37499999999999994 0.04181818181818182 0.06553398058252427
0 0.2818181818181818 0.3907766990291262 0.04 0.06310679611650485
0 0.35454545454545455 0.4029126213592233 0.03272727272727273 0.05339805825242718
0 0.43727272727272726 0.37257281553398053 0.03090909090909091 0.0558252427184466
0 0.5045454545454545 0.3895631067961165 0.03090909090909091 0.06067961165048543
0 0.56 0.3834951456310679 0.03272727272727273 0.06310679611650485
0 0.66 0.3932038834951456 0.03272727272727273 0.058252427184466014
0 0.7045454545454546 0.3834951456310679 0.038181818181818185 0.07281553398058252
0 0.7854545454545454 0.39805825242718446 0.04727272727272727 0.07766990291262135
0 0.8818181818181818 0.3398058252427184 0.05090909090909091 0.07766990291262135
