0 0.10972222222222222 0.07730263157894736 0.09166666666666667 0.1513157894736842
1 0.44722222222222224 0.08881578947368421 0.06296296296296297 0.14144736842105263
1 0.3055555555555556 0.15871710526315788 0.0962962962962963 0.15625
1 0.19351851851851853 0.08963815789473684 0.06851851851851852 0.12664473684210525
0 0.1486111111111111 0.06661184210526315 0.05462962962962963 0.1299342105263158
0 0.5208333333333334 0.04769736842105263 0.05648148148148149 0.09210526315789473
1 0.662962962962963 0.140625 0.07962962962962963 0.14638157894736842
1 0.7162037037037037 0.07976973684210525 0.07314814814814816 0.15625
1 0.6796296296296297 0.03536184210526316 0.05185185185185186 0.06743421052631579
1 0.7805555555555556 0.05592105263157894 0.061111111111111116 0.10855263157894736
1 0.9407407407407408 0.030427631578947366 0.04814814814814815 0.05756578947368421
1 0.9824074074074074 0.02549342105263158 0.03518518518518519 0.04769736842105263
