0 0.591304347826087 0.4989130434782609 0.028985507246376812 0.06304347826086956
0 0.5398550724637681 0.49130434782608695 0.030434782608695653 0.06086956521739131
0 0.4905797101449275 0.4956521739130435 0.030434782608695653 0.06086956521739131
0 0.28405797101449276 0.31956521739130433 0.026086956521739132 0.052173913043478265
0 0.33768115942028987 0.32717391304347826 0.026086956521739132 0.058695652173913045
0 0.33768115942028987 0.5076086956521739 0.03188405797101449 0.058695652173913045
0 0.3855072463768116 0.4945652173913044 0.028985507246376812 0.058695652173913045
0 0.4384057971014493 0.48695652173913045 0.030434782608695653 0.06086956521739131
0 0.4934782608695652 0.40217391304347827 0.02463768115942029 0.052173913043478265
0 0.5304347826086957 0.32717391304347826 0.026086956521739132 0.04565217391304348
0 0.5710144927536231 0.3358695652173913 0.02318840579710145 0.05
0 0.6231884057971014 0.3282608695652174 0.026086956521739132 0.052173913043478265
0 0.6702898550724637 0.3467391304347826 0.02463768115942029 0.05
0 0.4920289855072464 0.3315217391304348 0.02463768115942029 0.04565217391304348
0 0.36594202898550726 0.3282608695652174 0.02753623188405797 0.052173913043478265
0 0.39420289855072466 0.31521739130434784 0.026086956521739132 0.052173913043478265
0 0.42391304347826086 0.31630434782608696 0.02463768115942029 0.05434782608695652
0 0.4557971014492754 0.3239130434782609 0.02753623188405797 0.05652173913043478
0 0.2644927536231884 0.30217391304347824 0.02753623188405797 0.05652173913043478
0 0.6434782608695653 0.35434782608695653 0.026086956521739132 0.05652173913043478
0 0.3079710144927536 0.3108695652173913 0.02463768115942029 0.043478260869565216
