0 0.24888392857142855 0.5112433862433862 0.03645833333333333 0.05357142857142857
0 0.28013392857142855 0.4864417989417989 0.043402777777777776 0.062169312169312166
0 0.33370535714285715 0.49636243386243384 0.0339781746031746 0.056878306878306875
0 0.38715277777777773 0.5003306878306878 0.040178571428571425 0.0734126984126984
0 0.40959821428571425 0.5185185185185185 0.029513888888888888 0.05357142857142857
0 0.4383680555555555 0.5248015873015873 0.02802579365079365 0.051587301587301584
0 0.4801587301587301 0.49470899470899465 0.03571428571428571 0.06415343915343916
0 0.5119047619047619 0.49371693121693117 0.03125 0.05555555555555555
0 0.5689484126984127 0.5200066137566137 0.03968253968253968 0.06117724867724868
0 0.6603422619047619 0.5180224867724867 0.03943452380952381 0.06316137566137565
0 0.718625992063492 0.5087632275132274 0.03794642857142857 0.06117724867724868
0 0.7487599206349206 0.5453042328042328 0.028769841269841268 0.04563492063492063
0 0.8022073412698413 0.5236441798941799 0.03794642857142857 0.053902116402116396
0 0.8598710317460317 0.5479497354497355 0.03869047619047619 0.056878306878306875
0 0.9017857142857142 0.5438161375661376 0.040178571428571425 0.05654761904761904
0 0.9553571428571428 0.5484457671957672 0.03571428571428571 0.045304232804232805
