0 0.5400534045393859 0.4875444839857651 0.07343124165554071 0.099644128113879
0 0.3891855807743658 0.5720640569395018 0.08678237650200267 0.15124555160142347
1 0.07409879839786382 0.25444839857651247 0.14552736982643524 0.25622775800711745
1 0.19292389853137515 0.2384341637010676 0.14285714285714285 0.22419928825622776
1 0.31108144192256343 0.2571174377224199 0.08544726301735647 0.12633451957295372
1 0.3931909212283044 0.2090747330960854 0.06542056074766354 0.11565836298932383
1 0.5053404539385847 0.5489323843416369 0.06809078771695594 0.1192170818505338
1 0.42990654205607476 0.5791814946619217 0.050734312416555405 0.10142348754448398
1 0.43324432576769023 0.2384341637010676 0.044058744993324434 0.06761565836298931
1 0.5353805073431241 0.24377224199288255 0.05874499332443257 0.0889679715302491
1 0.7049399198931909 0.1903914590747331 0.07209612817089453 0.11743772241992882
1 0.6695594125500668 0.6770462633451957 0.16688918558077437 0.20106761565836298
