0 0.05714285714285714 0.5438413361169102 0.037142857142857144 0.06471816283924843
0 0.13857142857142857 0.5751565762004175 0.04 0.06889352818371607
0 0.4257142857142857 0.5490605427974947 0.04 0.06263048016701461
0 0.49642857142857144 0.5511482254697285 0.03571428571428571 0.050104384133611686
0 0.5835714285714285 0.534446764091858 0.03571428571428571 0.04175365344467641
0 0.645 0.534446764091858 0.03857142857142857 0.06263048016701461
0 0.7085714285714285 0.534446764091858 0.04 0.058455114822546964
1 0.4735714285714286 0.5845511482254697 0.047142857142857146 0.07098121085594988
1 0.38642857142857145 0.5605427974947808 0.047142857142857146 0.06471816283924843
1 0.3628571428571429 0.5417536534446764 0.03142857142857143 0.04801670146137787
1 0.33714285714285713 0.5532359081419623 0.022857142857142857 0.050104384133611686
1 0.31214285714285717 0.5605427974947808 0.032857142857142856 0.056367432150313146
1 0.2292857142857143 0.5678496868475991 0.03 0.050104384133611686
1 0.22357142857142856 0.5302713987473904 0.027142857142857142 0.04175365344467641
1 0.1757142857142857 0.580375782881002 0.03142857142857143 0.045929018789144044
1 0.9678571428571429 0.5260960334029227 0.027142857142857142 0.050104384133611686
1 0.5921428571428572 0.5741127348643006 0.03857142857142857 0.058455114822546964
