0 0.8602251407129455 0.551875 0.08818011257035648 0.06625
0 0.7570356472795498 0.534375 0.07317073170731707 0.043750000000000004
0 0.7598499061913696 0.484375 0.04878048780487805 0.03125
0 0.6951219512195121 0.45687500000000003 0.03189493433395872 0.02875
0 0.6557223264540337 0.425 0.03189493433395872 0.0225
0 0.5984990619136961 0.42562500000000003 0.026266416510318948 0.01375
0 0.5712945590994372 0.465 0.03189493433395872 0.0225
0 0.4521575984990619 0.425 0.03377110694183865 0.0225
0 0.4652908067542214 0.388125 0.0300187617260788 0.02125
0 0.35834896810506567 0.440625 0.04127579737335835 0.03125
0 0.06378986866791744 0.39687500000000003 0.03377110694183865 0.02625
0 0.04409005628517824 0.545 0.07692307692307693 0.065
