0 0.2548828125 0.3392330383480826 0.076171875 0.13569321533923304
0 0.1767578125 0.7577433628318584 0.1083984375 0.18657817109144542
0 0.098388671875 0.6998525073746312 0.08544921875 0.14454277286135692
0 0.014892578125 0.4476401179941003 0.02880859375 0.11799410029498525
0 0.37255859375 0.3702064896755162 0.08203125 0.14454277286135692
0 0.51171875 0.34513274336283184 0.095703125 0.17699115044247787
0 0.365478515625 0.915929203539823 0.14208984375 0.16814159292035397
1 0.73681640625 0.34107669616519176 0.0927734375 0.15117994100294985
1 0.687255859375 0.35029498525073743 0.05615234375 0.12536873156342182
1 0.954345703125 0.5468289085545722 0.09130859375 0.16740412979351033
1 0.564453125 0.37094395280235987 0.0673828125 0.12094395280235988
1 0.459228515625 0.34476401179941 0.03857421875 0.09218289085545722
0 0.37158203125 0.3720501474926254 0.0849609375 0.15265486725663716
1 0.288330078125 0.36688790560471973 0.03271484375 0.047935103244837754
