0 0.4441666666666667 0.48245614035087714 0.37833333333333335 0.6390977443609023
0 0.14166666666666666 0.6804511278195489 0.10333333333333335 0.19298245614035087
0 0.008333333333333333 0.713032581453634 0.013333333333333334 0.042606516290726815
0 0.0125 0.7017543859649122 0.021666666666666667 0.040100250626566414
0 0.095 0.7142857142857142 0.016666666666666666 0.05513784461152882
0 0.2025 0.7305764411027569 0.04166666666666667 0.07268170426065163
0 0.22916666666666669 0.7243107769423558 0.03166666666666667 0.06516290726817042
0 0.25583333333333336 0.7205513784461153 0.021666666666666667 0.047619047619047616
0 0.28250000000000003 0.7205513784461153 0.035 0.06766917293233082
0 0.5775 0.7280701754385964 0.04166666666666667 0.08270676691729323
0 0.6366666666666667 0.7167919799498746 0.03333333333333333 0.06516290726817042
0 0.7125 0.7167919799498746 0.025 0.05513784461152882
0 0.8266666666666668 0.6929824561403508 0.04666666666666667 0.07769423558897243
0 0.8775000000000001 0.7005012531328321 0.025 0.042606516290726815
0 0.8991666666666667 0.7042606516290726 0.021666666666666667 0.045112781954887216
0 0.9808333333333334 0.6992481203007519 0.03166666666666667 0.05513784461152882
0 0.8566666666666667 0.6791979949874687 0.023333333333333334 0.05012531328320802
0 0.9291666666666667 0.7005012531328321 0.028333333333333335 0.047619047619047616
1 0.6741666666666667 0.7092731829573935 0.025 0.045112781954887216
