0 0.6641666666666667 0.15586034912718205 0.095 0.20199501246882792
0 0.7916666666666667 0.16084788029925187 0.07666666666666667 0.14214463840399003
0 0.5808333333333334 0.1433915211970075 0.028333333333333335 0.08229426433915212
0 0.6000000000000001 0.12468827930174563 0.02 0.0399002493765586
0 0.48833333333333334 0.38154613466334164 0.023333333333333334 0.0399002493765586
0 0.41500000000000004 0.48004987531172066 0.023333333333333334 0.04239401496259351
0 0.41750000000000004 0.5822942643391521 0.035 0.0773067331670823
0 0.3666666666666667 0.6683291770573566 0.04 0.06483790523690773
0 0.30833333333333335 0.6758104738154613 0.04666666666666667 0.06982543640897755
0 0.07666666666666667 0.7942643391521197 0.060000000000000005 0.09226932668329177
0 0.09083333333333334 0.7481296758104738 0.045000000000000005 0.059850374064837904
0 0.04 0.5810473815461347 0.043333333333333335 0.06982543640897755
0 0.1366666666666667 0.5349127182044887 0.03333333333333333 0.062344139650872814
0 0.19833333333333333 0.543640897755611 0.03666666666666667 0.059850374064837904
0 0.3275 0.428927680798005 0.021666666666666667 0.0399002493765586
0 0.3358333333333334 0.38902743142144636 0.018333333333333333 0.0399002493765586
