0 0.36388888888888893 0.4083333333333333 0.09444444444444444 0.19166666666666665
0 0.14305555555555557 0.5166666666666666 0.058333333333333334 0.125
0 0.2388888888888889 0.49583333333333335 0.08333333333333334 0.15833333333333333
0 0.29305555555555557 0.475 0.05277777777777778 0.10833333333333334
0 0.44722222222222224 0.46875 0.05 0.0875
0 0.513888888888889 0.4354166666666667 0.07222222222222223 0.12083333333333333
0 0.5805555555555556 0.4375 0.044444444444444446 0.10833333333333334
0 0.6277777777777778 0.4666666666666667 0.061111111111111116 0.14166666666666666
0 0.6625 0.4375 0.04722222222222222 0.11666666666666667
0 0.8527777777777779 0.3854166666666667 0.08333333333333334 0.12083333333333333
0 0.9333333333333333 0.45 0.03888888888888889 0.075
1 0.0763888888888889 0.4458333333333333 0.125 0.2
1 0.7430555555555556 0.5104166666666666 0.04722222222222222 0.0875
