0 0.73625 0.36170212765957444 0.0475 0.07801418439716312
0 0.77375 0.3599290780141844 0.0325 0.06028368794326241
0 0.22625 0.2641843971631206 0.0275 0.04609929078014184
1 0.31125 0.2127659574468085 0.1275 0.23404255319148937
1 0.16375 0.35638297872340424 0.0325 0.06028368794326241
1 0.8925000000000001 0.4148936170212766 0.04 0.04964539007092199
1 0.1075 0.3546099290780142 0.045 0.07092198581560283
1 0.03875 0.41312056737588654 0.0425 0.07446808510638298
1 0.01125 0.35638297872340424 0.0175 0.04609929078014184
0 0.14375000000000002 0.34929078014184395 0.0225 0.04609929078014184
0 0.37375 0.3652482269503546 0.0325 0.06382978723404255
