0 0.6822916666666666 0.2734375 0.35625 0.540625
0 0.8624999999999999 0.1390625 0.029166666666666667 0.053125000000000006
0 0.8583333333333333 0.1953125 0.025 0.059375000000000004
0 0.8822916666666667 0.30781250000000004 0.035416666666666666 0.07187500000000001
0 0.9083333333333333 0.37812500000000004 0.0375 0.05625
0 0.9406249999999999 0.321875 0.035416666666666666 0.06875
0 0.91875 0.2734375 0.0375 0.065625
0 0.928125 0.19375 0.03125 0.0625
0 0.9677083333333333 0.265625 0.035416666666666666 0.0625
0 0.9177083333333333 0.13593750000000002 0.027083333333333334 0.059375000000000004
0 0.965625 0.15156250000000002 0.03125 0.059375000000000004
0 0.990625 0.2 0.01875 0.05
0 0.9458333333333333 0.0921875 0.029166666666666667 0.046875
0 0.9645833333333333 0.035937500000000004 0.03333333333333333 0.059375000000000004
1 0.20625 0.3953125 0.4083333333333333 0.7718750000000001
1 0.3333333333333333 0.7203125 0.10416666666666667 0.178125
1 0.46249999999999997 0.084375 0.03333333333333333 0.0625
1 0.4270833333333333 0.045312500000000006 0.03333333333333333 0.059375000000000004
