0 0.561875 0.2288135593220339 0.08125 0.160075329566855
0 0.88125 0.2815442561205273 0.11750000000000001 0.22033898305084745
0 0.7875 0.13465160075329566 0.08750000000000001 0.19397363465160075
0 0.6900000000000001 0.11205273069679848 0.07 0.1374764595103578
0 0.540625 0.11299435028248588 0.058750000000000004 0.1167608286252354
0 0.4625 0.15065913370998116 0.0675 0.1544256120527307
0 0.365 0.19209039548022597 0.08 0.16195856873822975
0 0.3325 0.11581920903954802 0.0625 0.1224105461393597
1 0.38125000000000003 0.0687382297551789 0.035 0.06591337099811675
1 0.494375 0.03295668549905838 0.02625 0.05084745762711864
1 0.595 0.09604519774011298 0.0275 0.04519774011299435
1 0.613125 0.08192090395480225 0.02125 0.047080979284369114
1 0.635 0.07250470809792843 0.025 0.03954802259887005
1 0.6575 0.09792843691148775 0.015 0.03389830508474576
1 0.7312500000000001 0.12146892655367231 0.0225 0.0583804143126177
1 0.78125 0.007532956685499058 0.0175 0.011299435028248588
1 0.72875 0.00847457627118644 0.015 0.013182674199623351
1 0.925625 0.009416195856873822 0.01875 0.015065913370998116
1 0.9475 0.19209039548022597 0.0325 0.06779661016949153
1 0.950625 0.14124293785310735 0.03125 0.04519774011299435
1 0.1 0.035781544256120526 0.02 0.03389830508474576
1 0.083125 0.03483992467043314 0.02375 0.035781544256120526
1 0.135 0.023540489642184557 0.055 0.04331450094161959
