0 0.14454545454545453 0.5177111716621253 0.08181818181818182 0.15258855585831063
0 0.21181818181818182 0.6212534059945504 0.06 0.09264305177111716
0 0.23 0.5762942779291553 0.06 0.10081743869209808
0 0.43454545454545457 0.5749318801089918 0.06181818181818182 0.11989100817438691
0 0.47909090909090907 0.5953678474114441 0.045454545454545456 0.10081743869209808
0 0.5390909090909091 0.5749318801089918 0.06 0.11444141689373297
0 0.7809090909090909 0.6049046321525885 0.04181818181818182 0.09809264305177111
0 0.8427272727272728 0.6376021798365122 0.04181818181818182 0.08719346049046321
0 0.9736363636363636 0.6321525885558583 0.038181818181818185 0.08174386920980926
0 0.7527272727272727 0.6294277929155313 0.02909090909090909 0.0653950953678474
0 0.8090909090909091 0.614441416893733 0.025454545454545455 0.051771117166212535
0 0.05818181818181818 0.5667574931880108 0.025454545454545455 0.049046321525885554
0 0.026363636363636363 0.5790190735694822 0.023636363636363636 0.04632152588555858
0 0.006363636363636364 0.5776566757493188 0.00909090909090909 0.0326975476839237
0 0.39181818181818184 0.5980926430517711 0.03090909090909091 0.05722070844686648
1 0.35363636363636364 0.5136239782016349 0.06727272727272728 0.10626702997275204
