0 0.2076388888888889 0.2044334975369458 0.02638888888888889 0.04926108374384237
0 0.2520833333333333 0.22660098522167488 0.020833333333333336 0.034482758620689655
0 0.4729166666666667 0.22536945812807882 0.0125 0.027093596059113302
0 0.6097222222222223 0.1206896551724138 0.025 0.06896551724137931
0 0.6875 0.4064039408866995 0.022222222222222223 0.04926108374384237
0 0.7680555555555556 0.7142857142857143 0.02777777777777778 0.04926108374384237
0 0.23055555555555557 0.6637931034482759 0.02777777777777778 0.046798029556650245
0 0.24375000000000002 0.645320197044335 0.02361111111111111 0.029556650246305417
0 0.04583333333333334 0.9815270935960592 0.025 0.03694581280788178
1 0.5375 0.8017241379310345 0.019444444444444445 0.03694581280788178
1 0.43680555555555556 0.22167487684729065 0.015277777777777779 0.024630541871921183
