0 0.095 0.3956766917293233 0.065 0.09586466165413533
0 0.16875 0.39849624060150374 0.0525 0.05639097744360902
0 0.17250000000000001 0.4605263157894737 0.075 0.11278195488721804
0 0.2975 0.4219924812030075 0.0575 0.08082706766917293
0 0.41875 0.3599624060150376 0.055 0.09586466165413533
0 0.485 0.39849624060150374 0.045 0.09022556390977443
0 0.415625 0.4746240601503759 0.08625000000000001 0.11466165413533834
0 0.61875 0.412593984962406 0.06 0.07706766917293233
0 0.6875 0.41165413533834583 0.0525 0.09774436090225563
0 0.730625 0.43796992481203006 0.04125 0.07142857142857142
