0 0.49250000000000005 0.41888888888888887 0.025 0.03333333333333333
0 0.5925 0.4077777777777778 0.018333333333333333 0.028888888888888888
0 0.6433333333333334 0.3988888888888889 0.016666666666666666 0.028888888888888888
0 0.7841666666666667 0.3977777777777778 0.018333333333333333 0.03111111111111111
0 0.8133333333333334 0.40555555555555556 0.02 0.028888888888888888
1 0.19166666666666668 0.4177777777777778 0.023333333333333334 0.035555555555555556
1 0.1625 0.42 0.021666666666666667 0.035555555555555556
1 0.39583333333333337 0.4211111111111111 0.018333333333333333 0.028888888888888888
1 0.5525 0.4077777777777778 0.018333333333333333 0.024444444444444446
1 0.5333333333333333 0.41444444444444445 0.016666666666666666 0.024444444444444446
1 0.7150000000000001 0.4011111111111111 0.016666666666666666 0.024444444444444446
1 0.6808333333333334 0.4022222222222222 0.018333333333333333 0.022222222222222223
1 0.755 0.39 0.016666666666666666 0.024444444444444446
1 0.7458333333333333 0.3988888888888889 0.011666666666666667 0.02
1 0.8275 0.39666666666666667 0.015000000000000001 0.024444444444444446
1 0.7966666666666667 0.4022222222222222 0.016666666666666666 0.026666666666666665
0 0.7833333333333334 0.3977777777777778 0.016666666666666666 0.03111111111111111
0 0.8133333333333334 0.40555555555555556 0.016666666666666666 0.028888888888888888
0 0.8908333333333334 0.3988888888888889 0.018333333333333333 0.028888888888888888
