1 0.10303587856485741 0.43327841845140036 0.025758969641214352 0.06260296540362438
1 0.12235510579576817 0.34349258649093906 0.02391904323827047 0.047775947281713346
1 0.14397424103035877 0.3385502471169687 0.019319227230910764 0.04118616144975289
1 0.19135234590616376 0.2751235584843493 0.02207911683532659 0.036243822075782535
1 0.16605335786568537 0.38467874794069196 0.028518859245630173 0.06754530477759473
1 0.17985280588776448 0.4925864909390445 0.045078196872125116 0.08237232289950577
1 0.3647654093836247 0.1771004942339374 0.013799448022079117 0.03459637561779242
1 0.41858325666973323 0.17380560131795716 0.014719411223551058 0.03789126853377265
1 0.6628334866605335 0.10955518945634267 0.017479300827966882 0.04118616144975289
1 0.7428702851885924 0.12355848434925865 0.021159153633854646 0.04942339373970346
1 0.7511499540018399 0.271004942339374 0.05243790248390064 0.1070840197693575
1 0.7778288868445262 0.27924217462932455 0.046918123275068994 0.07413509060955518
1 0.5561177552897884 0.057660626029654036 0.015639374425023 0.026359143327841845
