1 0.14066666666666666 0.8397565922920892 0.08133333333333333 0.1257606490872211
1 0.2593333333333333 0.6004056795131846 0.05466666666666666 0.09330628803245436
1 0.282 0.5405679513184584 0.04133333333333333 0.07505070993914807
1 0.40599999999999997 0.6531440162271805 0.05733333333333333 0.08924949290060852
1 0.022666666666666665 0.5425963488843814 0.042666666666666665 0.058823529411764705
1 0.08066666666666666 0.4239350912778905 0.030666666666666665 0.0486815415821501
1 0.07333333333333333 0.38742393509127787 0.026666666666666665 0.04056795131845842
1 0.11733333333333333 0.45841784989858014 0.04 0.060851926977687626
1 0.012666666666666666 0.4198782961460446 0.022666666666666665 0.05273833671399594
1 0.11333333333333333 0.3620689655172414 0.029333333333333333 0.04665314401622718
1 0.13999999999999999 0.3762677484787018 0.032 0.04259634888438134
1 0.16533333333333333 0.4198782961460446 0.032 0.04462474645030426
1 0.21266666666666667 0.38539553752535494 0.030666666666666665 0.04056795131845842
1 0.23933333333333331 0.3671399594320487 0.025333333333333333 0.04462474645030426
1 0.20333333333333334 0.33975659229208927 0.022666666666666665 0.038539553752535496
1 0.18066666666666667 0.35699797160243407 0.022666666666666665 0.028397565922920892
1 0.176 0.3265720081135903 0.024 0.032454361054766734
1 0.152 0.3438133874239351 0.021333333333333333 0.034482758620689655
1 0.23666666666666666 0.32961460446247465 0.02 0.038539553752535496
1 0.2593333333333333 0.34685598377281945 0.022666666666666665 0.036511156186612576
1 0.26 0.32150101419878296 0.018666666666666665 0.030425963488843813
1 0.244 0.3002028397565923 0.021333333333333333 0.032454361054766734
1 0.2853333333333333 0.3265720081135903 0.018666666666666665 0.032454361054766734
1 0.30466666666666664 0.3154158215010142 0.02 0.030425963488843813
1 0.33466666666666667 0.48782961460446245 0.042666666666666665 0.058823529411764705
1 0.37466666666666665 0.4148073022312373 0.034666666666666665 0.05070993914807302
1 0.38866666666666666 0.39655172413793105 0.030666666666666665 0.04259634888438134
1 0.40199999999999997 0.3539553752535497 0.02 0.034482758620689655
1 0.41666666666666663 0.33975659229208927 0.017333333333333333 0.030425963488843813
1 0.412 0.3275862068965517 0.013333333333333332 0.02231237322515213
1 0.42333333333333334 0.31237322515212984 0.017333333333333333 0.028397565922920892
1 0.45066666666666666 0.2961460446247465 0.024 0.028397565922920892
1 0.4973333333333333 0.29310344827586204 0.018666666666666665 0.034482758620689655
1 0.4373333333333333 0.4716024340770791 0.03733333333333333 0.058823529411764705
1 0.4653333333333333 0.3995943204868154 0.026666666666666665 0.036511156186612576
1 0.472 0.3742393509127789 0.024 0.030425963488843813
1 0.45866666666666667 0.36511156186612576 0.016 0.02434077079107505
1 0.4706666666666667 0.3539553752535497 0.016 0.02636916835699797
1 0.47933333333333333 0.3286004056795132 0.02 0.036511156186612576
1 0.4766666666666666 0.30628803245436104 0.014666666666666666 0.02434077079107505
1 0.5153333333333333 0.31237322515212984 0.02 0.02434077079107505
1 0.514 0.3316430020283976 0.02 0.02231237322515213
1 0.5173333333333333 0.3580121703853955 0.024 0.034482758620689655
1 0.5346666666666666 0.34279918864097364 0.018666666666666665 0.032454361054766734
1 0.532 0.3995943204868154 0.026666666666666665 0.04056795131845842
1 0.5479999999999999 0.41784989858012167 0.03733333333333333 0.060851926977687626
1 0.5186666666666666 0.46551724137931033 0.04 0.058823529411764705
1 0.5266666666666666 0.5283975659229209 0.04 0.05476673427991886
1 0.5473333333333333 0.665314401622718 0.05466666666666666 0.08924949290060852
1 0.5326666666666666 0.7586206896551724 0.07866666666666666 0.10141987829614604
1 0.9079999999999999 0.6176470588235294 0.056 0.07910750507099391
1 0.8493333333333333 0.552738336713996 0.048 0.07099391480730223
1 0.7766666666666666 0.4482758620689655 0.03333333333333333 0.05273833671399594
1 0.7626666666666666 0.4259634888438134 0.026666666666666665 0.05273833671399594
1 0.84 0.4249492900608519 0.034666666666666665 0.058823529411764705
1 0.902 0.4746450304259635 0.03866666666666667 0.060851926977687626
1 0.9573333333333333 0.5314401622718052 0.048 0.08113590263691683
1 0.9813333333333333 0.4645030425963489 0.03733333333333333 0.06490872210953347
1 0.7746666666666666 0.3488843813387424 0.021333333333333333 0.036511156186612576
1 0.768 0.3286004056795132 0.021333333333333333 0.04056795131845842
1 0.7213333333333333 0.35192697768762676 0.024 0.038539553752535496
1 0.7293333333333333 0.3154158215010142 0.021333333333333333 0.030425963488843813
1 0.7073333333333333 0.32150101419878296 0.02 0.030425963488843813
1 0.6706666666666666 0.345841784989858 0.021333333333333333 0.034482758620689655
1 0.6866666666666666 0.3133874239350913 0.018666666666666665 0.02636916835699797
1 0.6533333333333333 0.3225152129817444 0.016 0.032454361054766734
1 0.642 0.3154158215010142 0.02 0.030425963488843813
