1 0.6289237668161435 0.6865671641791045 0.10089686098654709 0.191044776119403
1 0.7387892376681614 0.5283582089552239 0.0695067264573991 0.1253731343283582
1 0.7780269058295964 0.4880597014925373 0.05829596412556054 0.08059701492537313
1 0.820627802690583 0.44328358208955226 0.04484304932735426 0.06865671641791045
1 0.8408071748878924 0.39850746268656717 0.03587443946188341 0.04477611940298507
1 0.9417040358744394 0.4 0.04484304932735426 0.07761194029850746
1 0.9192825112107623 0.40298507462686567 0.03139013452914798 0.05970149253731343
1 0.7365470852017937 0.4 0.02914798206278027 0.06567164179104477
1 0.7085201793721972 0.42835820895522386 0.04035874439461883 0.056716417910447764
1 0.6659192825112108 0.4552238805970149 0.04035874439461883 0.0746268656716418
1 0.5975336322869955 0.49701492537313435 0.05605381165919283 0.08656716417910448
1 0.48991031390134526 0.5328358208955224 0.07399103139013453 0.12238805970149254
1 0.3329596412556054 0.6283582089552239 0.11434977578475336 0.15223880597014924
1 0.07623318385650224 0.5104477611940299 0.07623318385650224 0.0955223880597015
1 0.12780269058295965 0.46865671641791046 0.053811659192825115 0.07761194029850746
1 0.2623318385650224 0.46417910447761196 0.05829596412556054 0.08059701492537313
1 0.36771300448430494 0.44776119402985076 0.04932735426008968 0.06567164179104477
1 0.34641255605381166 0.4164179104477612 0.042600896860986545 0.06865671641791045
1 0.42152466367713004 0.3716417910447761 0.03587443946188341 0.056716417910447764
1 0.44506726457399104 0.3597014925373134 0.03811659192825112 0.0626865671641791
1 0.5134529147982063 0.3970149253731343 0.03587443946188341 0.05373134328358209
1 0.5739910313901345 0.3925373134328358 0.03587443946188341 0.056716417910447764
1 0.24663677130044842 0.3940298507462687 0.04035874439461883 0.04776119402985075
1 0.18161434977578475 0.3925373134328358 0.03139013452914798 0.05074626865671642
1 0.15134529147982062 0.4164179104477612 0.033632286995515695 0.0626865671641791
1 0.052690582959641255 0.41194029850746267 0.033632286995515695 0.06567164179104477
1 0.08744394618834081 0.4044776119402985 0.03139013452914798 0.0626865671641791
