1 0.008771929824561403 0.5325484764542936 0.01569713758079409 0.04293628808864266
1 0.02077562326869806 0.5228531855955678 0.02493074792243767 0.037396121883656507
1 0.0221606648199446 0.4903047091412742 0.02585410895660203 0.038781163434903045
1 0.06463527239150507 0.5706371191135734 0.0443213296398892 0.07202216066481995
1 0.1371191135734072 0.5914127423822715 0.04524469067405355 0.07202216066481995
1 0.11542012927054478 0.5013850415512465 0.024007386888273315 0.036011080332409975
1 0.14035087719298245 0.5069252077562327 0.020313942751615882 0.036011080332409975
1 0.16204986149584488 0.5249307479224377 0.019390581717451522 0.036011080332409975
1 0.16666666666666666 0.5041551246537396 0.02123730378578024 0.024930747922437674
1 0.17497691597414589 0.47229916897506924 0.017543859649122806 0.0332409972299169
1 0.19852262234533702 0.538781163434903 0.0332409972299169 0.05263157894736842
1 0.22206832871652815 0.5200831024930748 0.023084025854108955 0.04016620498614958
1 0.22022160664819942 0.4909972299168975 0.023084025854108955 0.03185595567867036
1 0.2580794090489381 0.5124653739612188 0.023084025854108955 0.04155124653739612
1 0.247460757156048 0.5685595567867036 0.038781163434903045 0.062326869806094184
1 0.2968605724838412 0.6322714681440443 0.048938134810710986 0.08725761772853186
1 0.34718374884579867 0.6094182825484764 0.04986149584487534 0.08310249307479224
1 0.30701754385964913 0.5318559556786704 0.026777469990766387 0.05263157894736842
1 0.29593721144967683 0.49584487534626037 0.02123730378578024 0.0332409972299169
1 0.32825484764542934 0.5 0.019390581717451522 0.038781163434903045
1 0.3490304709141274 0.5214681440443213 0.024007386888273315 0.04293628808864266
1 0.3739612188365651 0.4854570637119114 0.018467220683287166 0.03462603878116344
1 0.3956602031394275 0.5560941828254847 0.030470914127423823 0.05124653739612189
1 0.41597414589104337 0.5886426592797784 0.0397045244690674 0.06925207756232687
1 0.4284395198522622 0.5498614958448753 0.024007386888273315 0.04709141274238227
1 0.45152354570637115 0.4930747922437673 0.01662049861495845 0.0332409972299169
1 0.48014773776546626 0.5034626038781164 0.018467220683287166 0.04016620498614958
1 0.502770083102493 0.48753462603878117 0.01569713758079409 0.0332409972299169
1 0.4972299168975069 0.5373961218836565 0.026777469990766387 0.04986149584487535
1 0.5595567867036011 0.5796398891966759 0.03139427516158818 0.05955678670360111
1 0.5674053554939982 0.5124653739612188 0.02123730378578024 0.038781163434903045
1 0.587719298245614 0.5034626038781164 0.02123730378578024 0.045706371191135735
1 0.6075715604801477 0.5443213296398892 0.029547553093259463 0.05263157894736842
1 0.6569713758079408 0.5311634349030471 0.023084025854108955 0.037396121883656507
1 0.6301939058171745 0.556786703601108 0.02123730378578024 0.0443213296398892
1 0.6994459833795014 0.5221606648199446 0.019390581717451522 0.0332409972299169
1 0.8005540166204986 0.5373961218836565 0.029547553093259463 0.04986149584487535
1 0.8938134810710988 0.5602493074792244 0.027700831024930747 0.04293628808864266
1 0.7894736842105263 0.8005540166204986 0.16620498614958448 0.27977839335180055
