1 0.10541666666666667 0.2783333333333333 0.06416666666666668 0.07
1 0.14625000000000002 0.26 0.0425 0.057777777777777775
1 0.04708333333333334 0.3111111111111111 0.052500000000000005 0.07333333333333333
1 0.2679166666666667 0.30333333333333334 0.0625 0.08
1 0.3433333333333334 0.2638888888888889 0.065 0.09888888888888889
1 0.3416666666666667 0.17166666666666666 0.03833333333333334 0.056666666666666664
1 0.4241666666666667 0.18166666666666667 0.03666666666666667 0.056666666666666664
1 0.47208333333333335 0.25722222222222224 0.0425 0.052222222222222225
1 0.4420833333333334 0.23333333333333334 0.0325 0.05555555555555555
1 0.51875 0.2877777777777778 0.05583333333333334 0.08888888888888889
1 0.5175000000000001 0.23 0.055 0.06666666666666667
1 0.5454166666666667 0.16555555555555557 0.04416666666666667 0.06666666666666667
1 0.6066666666666667 0.20166666666666666 0.043333333333333335 0.058888888888888886
1 0.6729166666666667 0.24944444444444444 0.04416666666666667 0.07
1 0.7350000000000001 0.27444444444444444 0.065 0.09777777777777778
1 0.9570833333333334 0.16166666666666665 0.0575 0.10777777777777778
1 0.6637500000000001 0.20166666666666666 0.03416666666666667 0.052222222222222225
