1 0.14119601328903655 0.24882629107981222 0.059800664451827246 0.08450704225352113
1 0.09219269102990034 0.45422535211267606 0.07807308970099668 0.11971830985915494
1 0.19850498338870431 0.49882629107981225 0.11129568106312293 0.1431924882629108
1 0.39368770764119604 0.6913145539906104 0.17607973421926912 0.2652582159624413
1 0.019933554817275746 0.4225352112676056 0.036544850498338874 0.09389671361502347
1 0.055647840531561465 0.426056338028169 0.051495016611295685 0.07276995305164319
1 0.3803986710963455 0.3767605633802817 0.04983388704318937 0.08215962441314555
1 0.4759136212624585 0.33568075117370894 0.04152823920265781 0.06103286384976526
1 0.5116279069767442 0.392018779342723 0.05647840531561462 0.09389671361502347
1 0.5431893687707642 0.363849765258216 0.04318936877076412 0.07042253521126761
1 0.622093023255814 0.3227699530516432 0.03488372093023256 0.04929577464788733
1 0.6910299003322259 0.3732394366197183 0.06312292358803986 0.07511737089201878
1 0.6619601328903655 0.4765258215962441 0.08803986710963456 0.15023474178403756
1 0.7275747508305648 0.3333333333333333 0.053156146179401995 0.06103286384976526
1 0.7973421926910299 0.2934272300469484 0.03322259136212625 0.06103286384976526
1 0.893687707641196 0.3826291079812207 0.0664451827242525 0.13615023474178403
1 0.8612956810631229 0.30164319248826293 0.02823920265780731 0.05868544600938967
1 0.8870431893687708 0.3028169014084507 0.026578073089700997 0.03755868544600939
1 0.9667774086378738 0.29694835680751175 0.046511627906976744 0.06807511737089202
