1 0.48880976602238047 0.19384057971014493 0.027466937945066123 0.050724637681159424
1 0.5320447609359105 0.1956521739130435 0.018311291963377416 0.03985507246376812
1 0.626144455747711 0.18931159420289856 0.021363173957273652 0.03804347826086957
1 0.6648016276703967 0.18115942028985507 0.019328585961342827 0.03260869565217391
1 0.6876907426246185 0.14673913043478262 0.018311291963377416 0.03260869565217391
1 0.6744659206510681 0.20923913043478262 0.02034587995930824 0.041666666666666664
1 0.7522889114954222 0.1983695652173913 0.021363173957273652 0.03804347826086957
1 0.6892166836215666 0.2427536231884058 0.027466937945066123 0.03985507246376812
1 0.7253306205493387 0.276268115942029 0.022380467955239063 0.05253623188405797
1 0.788911495422177 0.23731884057971014 0.021363173957273652 0.05434782608695652
1 0.7660223804679552 0.34420289855072467 0.026449643947100712 0.06884057971014493
1 0.8123092573753815 0.36594202898550726 0.03560528992878942 0.06884057971014493
1 0.8296032553407935 0.24003623188405798 0.027466937945066123 0.04528985507246377
1 0.8962360122075279 0.28804347826086957 0.03662258392675483 0.07971014492753624
1 0.9145473041709054 0.3704710144927536 0.03255340793489318 0.06702898550724638
