1 0.21082474226804124 0.3715083798882682 0.042268041237113405 0.08007448789571694
1 0.3268041237113402 0.22811918063314712 0.01443298969072165 0.024208566108007448
1 0.31649484536082473 0.2122905027932961 0.012371134020618558 0.0335195530726257
1 0.35360824742268043 0.19366852886405958 0.01443298969072165 0.0335195530726257
1 0.41030927835051545 0.21601489757914338 0.01443298969072165 0.0260707635009311
1 0.4479381443298969 0.21601489757914338 0.013402061855670104 0.0297951582867784
1 0.48350515463917526 0.22160148975791433 0.018556701030927835 0.0335195530726257
1 0.4211340206185567 0.1787709497206704 0.013402061855670104 0.0223463687150838
1 0.4252577319587629 0.15083798882681565 0.013402061855670104 0.0223463687150838
1 0.45463917525773195 0.1824953445065177 0.012371134020618558 0.0260707635009311
1 0.4577319587628866 0.14990689013035383 0.01443298969072165 0.020484171322160148
1 0.48195876288659795 0.14618249534450653 0.01134020618556701 0.020484171322160148
1 0.49226804123711343 0.16945996275605213 0.013402061855670104 0.0260707635009311
1 0.538659793814433 0.1824953445065177 0.01134020618556701 0.0297951582867784
1 0.5293814432989691 0.14525139664804468 0.009278350515463918 0.0223463687150838
1 0.5154639175257733 0.14804469273743018 0.010309278350515464 0.020484171322160148
1 0.49948453608247423 0.1424581005586592 0.01134020618556701 0.024208566108007448
1 0.4896907216494846 0.1340782122905028 0.010309278350515464 0.0260707635009311
1 0.5128865979381444 0.1154562383612663 0.009278350515463918 0.0223463687150838
1 0.5536082474226804 0.17132216014897578 0.012371134020618558 0.0297951582867784
1 0.5850515463917526 0.1787709497206704 0.015463917525773196 0.0260707635009311
1 0.5670103092783505 0.14152700186219738 0.016494845360824743 0.0297951582867784
1 0.5510309278350516 0.12942271880819367 0.009278350515463918 0.01675977653631285
1 0.5943298969072165 0.10800744878957169 0.01134020618556701 0.0223463687150838
1 0.5989690721649484 0.14618249534450653 0.01443298969072165 0.027932960893854747
1 0.6113402061855671 0.13500931098696461 0.008247422680412371 0.020484171322160148
1 0.6396907216494846 0.14338919925512103 0.01134020618556701 0.0223463687150838
1 0.6288659793814433 0.13966480446927373 0.008247422680412371 0.0260707635009311
1 0.6262886597938144 0.09869646182495344 0.009278350515463918 0.0186219739292365
1 0.6360824742268041 0.09776536312849161 0.010309278350515464 0.01675977653631285
1 0.6608247422680412 0.12011173184357542 0.010309278350515464 0.024208566108007448
1 0.6757731958762887 0.11266294227188083 0.007216494845360825 0.01675977653631285
1 0.6907216494845361 0.12197392923649907 0.008247422680412371 0.020484171322160148
1 0.7010309278350516 0.12942271880819367 0.008247422680412371 0.01675977653631285
1 0.704639175257732 0.11824953445065177 0.013402061855670104 0.024208566108007448
1 0.6757731958762887 0.17039106145251395 0.013402061855670104 0.035381750465549346
1 0.6530927835051547 0.1387337057728119 0.01134020618556701 0.024208566108007448
1 0.5087628865979381 0.29329608938547486 0.01958762886597938 0.04655493482309125
1 0.588659793814433 0.2756052141527002 0.024742268041237116 0.0595903165735568
1 0.575257731958763 0.24208566108007448 0.018556701030927835 0.037243947858473
1 0.6314432989690721 0.20670391061452514 0.01752577319587629 0.040968342644320296
1 0.6309278350515464 0.3016759776536313 0.02268041237113402 0.055865921787709494
1 0.6216494845360825 0.24581005586592178 0.020618556701030927 0.0446927374301676
1 0.6654639175257732 0.2718808193668529 0.01958762886597938 0.0446927374301676
1 0.6675257731958762 0.21787709497206703 0.01752577319587629 0.0446927374301676
1 0.7077319587628866 0.1983240223463687 0.015463917525773196 0.035381750465549346
1 0.7139175257731959 0.15828677839851024 0.015463917525773196 0.0335195530726257
1 0.7407216494845361 0.1787709497206704 0.013402061855670104 0.0335195530726257
1 0.7278350515463917 0.23370577281191807 0.02268041237113402 0.035381750465549346
1 0.6922680412371134 0.31564245810055863 0.025773195876288662 0.06517690875232775
1 0.7443298969072165 0.33519553072625696 0.026804123711340208 0.0595903165735568
1 0.7685567010309279 0.2746741154562384 0.021649484536082474 0.04655493482309125
1 0.8190721649484536 0.35661080074487894 0.025773195876288662 0.05027932960893855
1 0.8505154639175257 0.30446927374301674 0.020618556701030927 0.04655493482309125
1 0.8989690721649485 0.4106145251396648 0.026804123711340208 0.06890130353817504
1 0.9170103092783506 0.329608938547486 0.015463917525773196 0.048417132216014895
1 0.9402061855670103 0.2783985102420857 0.018556701030927835 0.03910614525139665
1 0.9242268041237114 0.2532588454376164 0.013402061855670104 0.0335195530726257
1 0.9417525773195876 0.22346368715083798 0.013402061855670104 0.0223463687150838
1 0.9350515463917526 0.239292364990689 0.012371134020618558 0.024208566108007448
1 0.9345360824742268 0.17225325884543763 0.013402061855670104 0.027932960893854747
1 0.9149484536082474 0.18156424581005587 0.01134020618556701 0.03165735567970205
1 0.8881443298969073 0.2309124767225326 0.013402061855670104 0.040968342644320296
1 0.8618556701030928 0.18435754189944134 0.01443298969072165 0.0297951582867784
1 0.8850515463917527 0.2011173184357542 0.013402061855670104 0.0260707635009311
1 0.8417525773195876 0.14990689013035383 0.013402061855670104 0.027932960893854747
1 0.8757731958762887 0.28677839851024206 0.01752577319587629 0.0521415270018622
1 0.8505154639175257 0.22346368715083798 0.018556701030927835 0.0335195530726257
1 0.8118556701030928 0.27281191806331473 0.01752577319587629 0.042830540037243944
1 0.7865979381443299 0.20018621973929238 0.016494845360824743 0.042830540037243944
1 0.8190721649484536 0.20670391061452514 0.01752577319587629 0.0335195530726257
1 0.8293814432989691 0.17318435754189945 0.01134020618556701 0.0297951582867784
1 0.7994845360824743 0.15921787709497207 0.015463917525773196 0.035381750465549346
1 0.7829896907216495 0.13500931098696461 0.013402061855670104 0.027932960893854747
1 0.7716494845360825 0.17411545623836128 0.013402061855670104 0.03165735567970205
1 0.7695876288659794 0.14059590316573556 0.01134020618556701 0.024208566108007448
1 0.7541237113402062 0.12476722532588454 0.013402061855670104 0.0260707635009311
