1 0.09539207760711398 0.5849220103986135 0.04850444624090541 0.10571923743500866
1 0.20048504446240906 0.27383015597920274 0.021018593371059012 0.05199306759098787
1 0.22029102667744543 0.2755632582322357 0.02021018593371059 0.04852686308492201
1 0.26637025060630554 0.24176776429809357 0.021827000808407437 0.04332755632582322
1 0.29708973322554566 0.24176776429809357 0.018593371059013743 0.04332755632582322
1 0.3189167340339531 0.23830155979202772 0.02021018593371059 0.05025996533795494
1 0.3112368633791431 0.20277296360485267 0.021018593371059012 0.04159445407279029
1 0.3500404203718674 0.21057192374350087 0.014551333872271624 0.04679376083188908
1 0.35974130962004847 0.2755632582322357 0.021018593371059012 0.0658578856152513
1 0.396928051738076 0.23830155979202772 0.01616814874696847 0.04679376083188908
1 0.3617623282134195 0.19410745233968804 0.016976556184316895 0.03466204506065858
1 0.3916734033953112 0.19324090121317156 0.016976556184316895 0.036395147313691506
1 0.41026677445432497 0.17677642980935873 0.012126111560226353 0.031195840554592718
1 0.42764753435731606 0.19324090121317156 0.01616814874696847 0.03986135181975736
1 0.4421988682295877 0.16897746967071056 0.017784963621665317 0.036395147313691506
1 0.45432497978981407 0.1629116117850953 0.012934518997574777 0.031195840554592718
1 0.47534357316087306 0.16897746967071056 0.017784963621665317 0.04332755632582322
1 0.48908649959579625 0.15077989601386482 0.01616814874696847 0.03466204506065858
1 0.494341147938561 0.21230502599653378 0.016976556184316895 0.03986135181975736
1 0.46766370250606304 0.2564991334488735 0.023443815683104285 0.05892547660311958
1 0.43411479385610346 0.3093587521663778 0.025869037995149554 0.05719237435008665
1 0.5254648342764753 0.16724436741767765 0.017784963621665317 0.04332755632582322
1 0.5517380759902991 0.16377816291161176 0.018593371059013743 0.036395147313691506
1 0.5525464834276475 0.14038128249566723 0.015359741309620048 0.03466204506065858
1 0.5767987065481002 0.1386481802426343 0.016976556184316895 0.038128249566724434
1 0.5513338722716249 0.21837088388214904 0.019401778496362165 0.04852686308492201
1 0.5731608730800323 0.20017331022530327 0.017784963621665317 0.036395147313691506
1 0.6083265966046887 0.1854419410745234 0.0137429264349232 0.03466204506065858
1 0.5970088924818108 0.1265164644714038 0.015359741309620048 0.031195840554592718
1 0.6212611156022635 0.12998266897746966 0.0137429264349232 0.03466204506065858
1 0.6123686337914308 0.1603119584055459 0.015359741309620048 0.03292894280762565
1 0.6390460792239289 0.14991334488734834 0.015359741309620048 0.036395147313691506
1 0.6519805982215036 0.15424610051993068 0.0137429264349232 0.038128249566724434
1 0.6265157639450283 0.20277296360485267 0.01616814874696847 0.04852686308492201
1 0.6151980598221504 0.29289428076256496 0.02263540824575586 0.062391681109185436
1 0.5622473726758286 0.3561525129982669 0.02991107518189167 0.04679376083188908
1 0.6079223928860146 0.3795493934142114 0.0274858528698464 0.05892547660311958
1 0.6548100242522231 0.4133448873483535 0.0274858528698464 0.07105719237435008
1 0.6620856911883589 0.18890814558058924 0.012934518997574777 0.03466204506065858
1 0.6620856911883589 0.2530329289428076 0.019401778496362165 0.0658578856152513
1 0.6879547291835084 0.16637781629116116 0.014551333872271624 0.03466204506065858
1 0.6936135812449474 0.14038128249566723 0.012934518997574777 0.031195840554592718
1 0.7069523039611965 0.15077989601386482 0.015359741309620048 0.03466204506065858
1 0.7126111560226354 0.21837088388214904 0.0137429264349232 0.04506065857885615
1 0.7332255456750202 0.2218370883882149 0.01616814874696847 0.04159445407279029
1 0.7186742118027486 0.27642980935875217 0.019401778496362165 0.06412478336221837
1 0.7299919159256265 0.40294627383015597 0.0274858528698464 0.06759098786828423
1 0.755860953920776 0.23570190641247832 0.017784963621665317 0.04159445407279029
1 0.7578819725141471 0.20103986135181975 0.015359741309620048 0.038128249566724434
1 0.780517380759903 0.17590987868284227 0.0137429264349232 0.03986135181975736
1 0.7813257881972514 0.21057192374350087 0.015359741309620048 0.04332755632582322
1 0.7950687146321745 0.255632582322357 0.016976556184316895 0.05025996533795494
1 0.7663702506063056 0.2868284228769497 0.01616814874696847 0.04679376083188908
1 0.803556992724333 0.475736568457539 0.035569927243330635 0.08145580589254765
1 0.8601455133387227 0.5329289428076256 0.030719482619240096 0.09185441941074522
1 0.8738884397736458 0.4289428076256499 0.02263540824575586 0.0779896013864818
1 0.8177041228779305 0.31022530329289427 0.018593371059013743 0.05545927209705372
1 0.8617623282134195 0.35181975736568455 0.019401778496362165 0.05892547660311958
1 0.8136620856911884 0.24696707105719237 0.018593371059013743 0.05025996533795494
1 0.8128536782538399 0.19584055459272096 0.016976556184316895 0.04852686308492201
1 0.8330638641875505 0.2166377816291161 0.018593371059013743 0.04506065857885615
1 0.8734842360549716 0.24090121317157712 0.0137429264349232 0.04506065857885615
1 0.8783346806790622 0.22530329289428075 0.0137429264349232 0.05199306759098787
1 0.9062247372675828 0.24350086655112652 0.014551333872271624 0.04332755632582322
1 0.9001616814874697 0.2599653379549393 0.015359741309620048 0.04506065857885615
1 0.8900565885206143 0.2850953206239168 0.019401778496362165 0.04679376083188908
1 0.9227970897332255 0.3336221837088388 0.018593371059013743 0.06065857885615251
1 0.9385610347615198 0.2868284228769497 0.014551333872271624 0.03986135181975736
1 0.9494745351657234 0.2599653379549393 0.016976556184316895 0.038128249566724434
1 0.9878738884397736 0.2746967071057192 0.014551333872271624 0.04332755632582322
1 0.978981406628941 0.30762564991334485 0.014551333872271624 0.04332755632582322
1 0.9769603880355698 0.3474870017331022 0.0137429264349232 0.03986135181975736
1 0.9781729991915925 0.37694974003466203 0.019401778496362165 0.053726169844020795
1 0.9490703314470492 0.3847487001733102 0.021018593371059012 0.07279029462738301
1 0.9644300727566694 0.44974003466204504 0.025869037995149554 0.07452339688041594
