1 0.10604508196721311 0.2826086956521739 0.023565573770491805 0.057971014492753624
1 0.30174180327868855 0.21829710144927536 0.015368852459016395 0.034420289855072464
1 0.36065573770491804 0.23007246376811594 0.01639344262295082 0.03260869565217391
1 0.37243852459016397 0.19927536231884058 0.013319672131147542 0.03260869565217391
1 0.3837090163934426 0.17572463768115942 0.013319672131147542 0.028985507246376812
1 0.39190573770491804 0.19293478260869565 0.013319672131147542 0.030797101449275364
1 0.39344262295081966 0.2164855072463768 0.014344262295081968 0.034420289855072464
1 0.40317622950819676 0.17844202898550726 0.015368852459016395 0.030797101449275364
1 0.4175204918032787 0.213768115942029 0.015368852459016395 0.036231884057971016
1 0.4093237704918033 0.27717391304347827 0.02151639344262295 0.043478260869565216
1 0.45081967213114754 0.21739130434782608 0.018442622950819672 0.03985507246376812
1 0.444672131147541 0.17481884057971014 0.01639344262295082 0.034420289855072464
1 0.43852459016393447 0.14764492753623187 0.012295081967213115 0.02717391304347826
1 0.48104508196721313 0.13677536231884058 0.011270491803278689 0.02717391304347826
1 0.4779713114754099 0.1585144927536232 0.015368852459016395 0.030797101449275364
1 0.48514344262295084 0.22554347826086957 0.0194672131147541 0.04528985507246377
1 0.5046106557377049 0.19112318840579712 0.017418032786885248 0.034420289855072464
1 0.5194672131147541 0.17481884057971014 0.014344262295081968 0.03804347826086957
1 0.5 0.14492753623188406 0.01639344262295082 0.028985507246376812
1 0.5199795081967213 0.13858695652173914 0.013319672131147542 0.02355072463768116
1 0.5394467213114754 0.1431159420289855 0.013319672131147542 0.028985507246376812
1 0.5543032786885246 0.12681159420289856 0.012295081967213115 0.025362318840579712
1 0.5835040983606558 0.1322463768115942 0.015368852459016395 0.025362318840579712
1 0.6029713114754098 0.12409420289855072 0.011270491803278689 0.01992753623188406
1 0.6065573770491803 0.1068840579710145 0.010245901639344263 0.021739130434782608
1 0.5850409836065574 0.17119565217391305 0.01639344262295082 0.030797101449275364
1 0.5609631147540984 0.19384057971014493 0.017418032786885248 0.03260869565217391
1 0.6296106557377049 0.1213768115942029 0.011270491803278689 0.025362318840579712
1 0.632172131147541 0.1358695652173913 0.014344262295081968 0.025362318840579712
1 0.6444672131147541 0.10960144927536232 0.010245901639344263 0.01992753623188406
1 0.6516393442622951 0.12590579710144928 0.014344262295081968 0.030797101449275364
1 0.6823770491803279 0.11503623188405797 0.014344262295081968 0.02717391304347826
1 0.6926229508196722 0.12228260869565218 0.014344262295081968 0.030797101449275364
1 0.6183401639344263 0.16757246376811594 0.015368852459016395 0.02717391304347826
1 0.7126024590163935 0.11956521739130435 0.015368852459016395 0.025362318840579712
1 0.5742827868852459 0.27445652173913043 0.023565573770491805 0.05253623188405797
1 0.5742827868852459 0.2472826086956522 0.017418032786885248 0.030797101449275364
1 0.6285860655737705 0.21014492753623187 0.017418032786885248 0.03260869565217391
1 0.6285860655737705 0.25 0.023565573770491805 0.043478260869565216
1 0.663422131147541 0.19384057971014493 0.017418032786885248 0.036231884057971016
1 0.677766393442623 0.22554347826086957 0.017418032786885248 0.03804347826086957
1 0.6895491803278689 0.2608695652173913 0.018442622950819672 0.03985507246376812
1 0.7023565573770492 0.1693840579710145 0.015368852459016395 0.030797101449275364
1 0.7325819672131147 0.15760869565217392 0.014344262295081968 0.028985507246376812
1 0.7254098360655739 0.19202898550724637 0.014344262295081968 0.03260869565217391
1 0.7494877049180328 0.20833333333333334 0.015368852459016395 0.036231884057971016
1 0.7428278688524591 0.25634057971014496 0.022540983606557378 0.04891304347826087
1 0.7197745901639344 0.2509057971014493 0.0194672131147541 0.03804347826086957
1 0.7674180327868853 0.2690217391304348 0.020491803278688527 0.041666666666666664
1 0.7484631147540984 0.1621376811594203 0.013319672131147542 0.02355072463768116
1 0.7566598360655739 0.14492753623188406 0.011270491803278689 0.018115942028985508
1 0.7904713114754098 0.14673913043478262 0.011270491803278689 0.025362318840579712
1 0.7945696721311476 0.13496376811594202 0.011270491803278689 0.02355072463768116
1 0.7679303278688525 0.17481884057971014 0.013319672131147542 0.034420289855072464
1 0.795594262295082 0.22644927536231885 0.017418032786885248 0.036231884057971016
1 0.8058401639344263 0.16666666666666666 0.013319672131147542 0.028985507246376812
1 0.8119877049180328 0.161231884057971 0.011270491803278689 0.021739130434782608
1 0.8283811475409837 0.14583333333333334 0.011270491803278689 0.02717391304347826
1 0.84375 0.16304347826086957 0.011270491803278689 0.028985507246376812
1 0.8555327868852459 0.15489130434782608 0.00819672131147541 0.016304347826086956
1 0.8022540983606558 0.2826086956521739 0.022540983606557378 0.05434782608695652
1 0.841188524590164 0.24094202898550726 0.01639344262295082 0.03985507246376812
1 0.8596311475409837 0.3052536231884058 0.022540983606557378 0.04891304347826087
1 0.875 0.2653985507246377 0.020491803278688527 0.04891304347826087
1 0.9211065573770493 0.34148550724637683 0.020491803278688527 0.059782608695652176
1 0.9298155737704918 0.28804347826086957 0.0194672131147541 0.043478260869565216
1 0.9282786885245902 0.25271739130434784 0.01639344262295082 0.030797101449275364
1 0.9318647540983607 0.22010869565217392 0.013319672131147542 0.030797101449275364
1 0.9487704918032788 0.213768115942029 0.012295081967213115 0.025362318840579712
1 0.9487704918032788 0.1766304347826087 0.012295081967213115 0.01992753623188406
1 0.9139344262295083 0.1657608695652174 0.010245901639344263 0.02355072463768116
1 0.8944672131147542 0.15670289855072464 0.010245901639344263 0.02355072463768116
1 0.8601434426229508 0.1875 0.0194672131147541 0.04528985507246377
1 0.8929303278688525 0.2391304347826087 0.015368852459016395 0.028985507246376812
1 0.9103483606557378 0.23007246376811594 0.015368852459016395 0.025362318840579712
