1 0.16693483507642798 0.3043175487465181 0.02172164119066774 0.0403899721448468
1 0.17176186645213193 0.28133704735376047 0.02011263073209976 0.04178272980501393
1 0.1979082864038616 0.24860724233983286 0.017699115044247787 0.04317548746518106
1 0.19549477071600965 0.28064066852367686 0.020917135961383747 0.04596100278551532
1 0.23129525341914722 0.2576601671309192 0.018503620273531775 0.04456824512534819
1 0.22888173773129525 0.23676880222841226 0.018503620273531775 0.04178272980501393
1 0.26910699919549474 0.28481894150417825 0.02172164119066774 0.04596100278551532
1 0.2743362831858407 0.2590529247910863 0.020917135961383747 0.033426183844011144
1 0.31174577634754624 0.21309192200557103 0.015285599356395816 0.036211699164345405
1 0.40064360418342715 0.26253481894150416 0.02574416733708769 0.04317548746518106
