1 0.1812327506899724 0.45634266886326197 0.04967801287948482 0.085667215815486
1 0.28334866605335784 0.22405271828665568 0.01655933762649494 0.032948929159802305
1 0.3063477460901564 0.2298187808896211 0.01655933762649494 0.03459637561779242
1 0.3270469181232751 0.22158154859967052 0.015639374425023 0.03789126853377265
1 0.3482060717571297 0.21911037891268534 0.021159153633854646 0.032948929159802305
1 0.33670653173873044 0.19110378912685339 0.01655933762649494 0.029654036243822075
1 0.3537258509659614 0.25617792421746294 0.019319227230910764 0.04118616144975289
1 0.4080036798528059 0.2487644151565074 0.015639374425023 0.03953871499176277
1 0.41858325666973323 0.257001647446458 0.02207911683532659 0.042833607907743
1 0.37718491260349585 0.20510708401976935 0.01655933762649494 0.03789126853377265
1 0.4024839006439742 0.21087314662273476 0.015639374425023 0.036243822075782535
1 0.41858325666973323 0.20840197693574958 0.01839926402943882 0.04118616144975289
1 0.4429622815087396 0.21663920922570018 0.021159153633854646 0.044481054365733116
1 0.3896044158233671 0.16803953871499178 0.013799448022079117 0.026359143327841845
1 0.40846366145354185 0.16803953871499178 0.012879484820607176 0.032948929159802305
1 0.4199632014719411 0.18451400329489293 0.013799448022079117 0.026359143327841845
1 0.42226310947562096 0.15897858319604613 0.014719411223551058 0.02800658978583196
1 0.4383624655013799 0.16474464579901155 0.010119595216191352 0.023064250411861616
1 0.44986200551977923 0.18039538714991762 0.012879484820607176 0.03130148270181219
1 0.4668813247470101 0.15897858319604613 0.013799448022079117 0.03130148270181219
1 0.4788408463661453 0.1400329489291598 0.011959521619135235 0.026359143327841845
1 0.48942042318307266 0.15733113673805602 0.014719411223551058 0.03459637561779242
1 0.500459981600736 0.1812191103789127 0.012879484820607176 0.032948929159802305
1 0.49954001839926404 0.12602965403624383 0.012879484820607176 0.02471169686985173
1 0.5096596136154554 0.14744645799011533 0.011039558417663294 0.02471169686985173
1 0.5239190432382704 0.1787479406919275 0.013799448022079117 0.03130148270181219
1 0.5381784728610856 0.21087314662273476 0.01655933762649494 0.04612850082372323
1 0.5367985280588776 0.14909390444810544 0.011959521619135235 0.03130148270181219
1 0.5183992640294388 0.12108731466227347 0.011959521619135235 0.02471169686985173
1 0.547838086476541 0.1342668863261944 0.011959521619135235 0.02471169686985173
1 0.5666973321067157 0.16144975288303132 0.01655933762649494 0.036243822075782535
1 0.5896964121435142 0.15650741350906094 0.020239190432382703 0.03953871499176277
1 0.5975160993560258 0.1243822075782537 0.011959521619135235 0.0214168039538715
1 0.6186752529898804 0.11202635914332784 0.010119595216191352 0.026359143327841845
1 0.6274149034038639 0.12520593080724876 0.014719411223551058 0.029654036243822075
1 0.6338546458141674 0.17462932454695224 0.012879484820607176 0.029654036243822075
1 0.5689972401103955 0.1416803953871499 0.011959521619135235 0.023064250411861616
1 0.5740570377184913 0.24794069192751236 0.02207911683532659 0.057660626029654036
1 0.6600735970561178 0.12108731466227347 0.011959521619135235 0.03130148270181219
1 0.6738730450781969 0.13509060955518945 0.013799448022079117 0.029654036243822075
1 0.672953081876725 0.1186161449752883 0.011959521619135235 0.019769357495881386
1 0.7056117755289788 0.11696869851729819 0.014719411223551058 0.032948929159802305
1 0.6623735050597976 0.1902800658978583 0.01839926402943882 0.03459637561779242
1 0.6168353265869365 0.21252059308072488 0.019319227230910764 0.036243822075782535
1 0.6191352345906164 0.2545304777594728 0.02391904323827047 0.051070840197693576
1 0.6481140754369825 0.23887973640856672 0.019319227230910764 0.03953871499176277
1 0.6881324747010119 0.2841845140032949 0.020239190432382703 0.04118616144975289
1 0.7065317387304508 0.3294892915980231 0.029438822447102116 0.0757825370675453
1 0.718951241950322 0.18451400329489293 0.019319227230910764 0.03953871499176277
1 0.701931922723091 0.18039538714991762 0.014719411223551058 0.03789126853377265
1 0.735050597976081 0.14991762767710048 0.012879484820607176 0.032948929159802305
1 0.765409383624655 0.13509060955518945 0.011039558417663294 0.032948929159802305
1 0.7704691812327507 0.12932454695222406 0.011959521619135235 0.02800658978583196
1 0.7916283348666053 0.14085667215815487 0.011959521619135235 0.03130148270181219
1 0.795768169273229 0.16803953871499178 0.01655933762649494 0.026359143327841845
1 0.8017479300827967 0.14250411861614498 0.00827966881324747 0.02471169686985173
1 0.8298068077276909 0.17298187808896212 0.014719411223551058 0.029654036243822075
1 0.8426862925482981 0.19357495881383854 0.01655933762649494 0.03789126853377265
1 0.843146274149034 0.16144975288303132 0.011959521619135235 0.026359143327841845
1 0.797148114075437 0.21499176276771007 0.019319227230910764 0.044481054365733116
1 0.7631094756209752 0.24464579901153213 0.022999080036798528 0.047775947281713346
1 0.7355105795768169 0.24217462932454695 0.019319227230910764 0.042833607907743
1 0.7382704691812327 0.2100494233937397 0.017479300827966882 0.02800658978583196
1 0.7355105795768169 0.1828665568369028 0.013799448022079117 0.026359143327841845
1 0.7874885004599816 0.29983525535420097 0.02207911683532659 0.06260296540362438
1 0.7594296228150874 0.3813838550247117 0.028518859245630173 0.07084019769357495
1 0.827506899724011 0.26359143327841844 0.021159153633854646 0.04612850082372323
1 0.8426862925482981 0.2372322899505766 0.020239190432382703 0.03953871499176277
1 0.87442502299908 0.1886326194398682 0.015639374425023 0.03459637561779242
1 0.889604415823367 0.23640856672158156 0.01655933762649494 0.04118616144975289
1 0.8675252989880404 0.23393739703459637 0.014719411223551058 0.026359143327841845
1 0.9075436982520699 0.3237232289950577 0.02483900643974241 0.060955518945634266
1 0.936982520699172 0.2751235584843493 0.019319227230910764 0.042833607907743
1 0.9139834406623735 0.2273476112026359 0.017479300827966882 0.03953871499176277
1 0.9047838086476541 0.19439868204283361 0.011959521619135235 0.032948929159802305
1 0.9070837166513339 0.171334431630972 0.014719411223551058 0.026359143327841845
1 0.922723091076357 0.16144975288303132 0.011039558417663294 0.032948929159802305
1 0.9420423183072677 0.21169686985172984 0.01655933762649494 0.03789126853377265
1 0.9498620055197792 0.17957166392092258 0.010119595216191352 0.029654036243822075
