1 0.35055555555555556 0.49925925925925924 0.06333333333333334 0.10666666666666666
1 0.2966666666666667 0.3911111111111111 0.07333333333333333 0.09777777777777777
1 0.43944444444444447 0.4696296296296296 0.06555555555555556 0.09777777777777777
1 0.48055555555555557 0.5274074074074074 0.07888888888888888 0.10666666666666666
1 0.5027777777777778 0.4874074074074074 0.06777777777777778 0.1037037037037037
1 0.5661111111111111 0.5014814814814814 0.07 0.11703703703703704
1 0.7238888888888889 0.5214814814814814 0.08555555555555555 0.13629629629629628
1 0.3672222222222222 0.6955555555555555 0.09 0.14074074074074072
1 0.5133333333333333 0.6933333333333332 0.09777777777777778 0.14222222222222222
1 0.7105555555555556 0.7659259259259259 0.13666666666666666 0.16592592592592592
1 0.075 0.8644444444444443 0.1388888888888889 0.20592592592592593
1 0.017222222222222222 0.5651851851851851 0.03222222222222222 0.10518518518518517
