1 0.124 0.3383233532934132 0.056 0.09580838323353294
1 0.215 0.38922155688622756 0.046 0.07784431137724551
1 0.23600000000000002 0.35628742514970063 0.044 0.0658682634730539
1 0.279 0.3937125748502994 0.046 0.07485029940119761
1 0.328 0.3982035928143713 0.04 0.07784431137724551
1 0.314 0.344311377245509 0.028 0.0658682634730539
1 0.338 0.3727544910179641 0.036000000000000004 0.062874251497006
1 0.372 0.3877245508982036 0.044 0.09281437125748504
1 0.427 0.3592814371257485 0.042 0.07784431137724551
1 0.455 0.3532934131736527 0.034 0.0658682634730539
1 0.47100000000000003 0.40119760479041916 0.042 0.07784431137724551
1 0.493 0.375748502994012 0.03 0.062874251497006
1 0.52 0.375748502994012 0.028 0.062874251497006
1 0.543 0.3982035928143713 0.034 0.07784431137724551
1 0.547 0.35628742514970063 0.038 0.059880239520958084
1 0.5710000000000001 0.40119760479041916 0.038 0.07784431137724551
1 0.589 0.3532934131736527 0.038 0.07185628742514971
1 0.617 0.36826347305389223 0.034 0.0658682634730539
1 0.639 0.40868263473053895 0.034 0.062874251497006
1 0.613 0.44311377245508987 0.042 0.0658682634730539
1 0.675 0.4296407185628743 0.038 0.0688622754491018
1 0.66 0.36377245508982037 0.032 0.062874251497006
1 0.6930000000000001 0.3817365269461078 0.034 0.0688622754491018
1 0.728 0.4101796407185629 0.032 0.0658682634730539
1 0.759 0.40868263473053895 0.038 0.0688622754491018
1 0.8130000000000001 0.3727544910179641 0.038 0.0688622754491018
1 0.8250000000000001 0.43413173652694614 0.046 0.07784431137724551
1 0.873 0.41467065868263475 0.046 0.08083832335329341
1 0.913 0.40269461077844315 0.042 0.08083832335329341
1 0.9530000000000001 0.39670658682634735 0.058 0.09880239520958084
