1 0.1343906510851419 0.51375 0.1318864774624374 0.125
1 0.05926544240400668 0.5906250000000001 0.10517529215358933 0.19375
1 0.654424040066778 0.53125 0.11352253756260434 0.085
1 0.669449081803005 0.434375 0.05342237061769616 0.04125
1 0.5717863105175293 0.39625 0.045075125208681135 0.0375
1 0.5884808013355592 0.449375 0.048414023372287146 0.04125
1 0.5208681135225376 0.4325 0.06343906510851419 0.055
1 0.4557595993322204 0.424375 0.05008347245409015 0.04125
1 0.4707846410684474 0.36562500000000003 0.04674457429048414 0.04125
1 0.31803005008347246 0.441875 0.06844741235392321 0.05375
1 0.2988313856427379 0.404375 0.04674457429048414 0.03875
1 0.12186978297161936 0.400625 0.05342237061769616 0.03875
1 0.08013355592654424 0.40375 0.0667779632721202 0.05
1 0.9098497495826378 0.465625 0.08013355592654424 0.05375
1 0.9449081803005008 0.43 0.0667779632721202 0.0525
1 0.8656093489148581 0.4375 0.0651085141903172 0.05
1 0.9741235392320534 0.48875 0.05175292153589316 0.0725
