1 0.13619791666666667 0.6414062500000001 0.08489583333333334 0.153125
1 0.16067708333333333 0.575390625 0.07239583333333333 0.10546875
1 0.030989583333333334 0.5886718750000001 0.05677083333333333 0.08515625
1 0.0546875 0.5375 0.040625 0.05625
1 0.046875 0.478125 0.029166666666666667 0.053125000000000006
1 0.09270833333333334 0.516796875 0.035416666666666666 0.05390625
1 0.09036458333333333 0.480078125 0.033854166666666664 0.04609375
1 0.13880208333333333 0.46875 0.028645833333333332 0.0390625
1 0.1640625 0.507421875 0.04895833333333333 0.05859375
1 0.19453125 0.53671875 0.034895833333333334 0.078125
1 0.30078125 0.551171875 0.0609375 0.09921875000000001
1 0.37447916666666664 0.580078125 0.075 0.12265625000000001
1 0.3013020833333333 0.46914062500000003 0.0328125 0.06015625
1 0.28203125 0.50703125 0.04010416666666666 0.06406250000000001
1 0.2635416666666667 0.466796875 0.034375 0.05859375
1 0.30859375 0.37031250000000004 0.03177083333333333 0.040625
1 0.33932291666666664 0.39765625000000004 0.018229166666666668 0.037500000000000006
1 0.35546875 0.417578125 0.019270833333333334 0.02890625
1 0.3677083333333333 0.42226562500000003 0.017708333333333333 0.02109375
1 0.38177083333333334 0.43281250000000004 0.01875 0.0328125
1 0.40781249999999997 0.444140625 0.028125 0.049218750000000006
1 0.4583333333333333 0.459765625 0.036458333333333336 0.06015625
1 0.49453125 0.470703125 0.03177083333333333 0.057031250000000006
1 0.52890625 0.46328125000000003 0.043229166666666666 0.07500000000000001
1 0.5721354166666667 0.478515625 0.0390625 0.07109375
1 0.6453125 0.503125 0.06041666666666667 0.09843750000000001
1 0.7203125 0.50703125 0.058333333333333334 0.11875000000000001
1 0.8276041666666667 0.582421875 0.09895833333333333 0.17890625000000002
1 0.9059895833333333 0.53828125 0.057812499999999996 0.12187500000000001
1 0.8114583333333333 0.45937500000000003 0.04895833333333333 0.08125
1 0.8937499999999999 0.43398437500000003 0.05 0.08046875
1 0.9322916666666666 0.390625 0.025 0.0625
1 0.9609375 0.38007812500000004 0.02395833333333333 0.06328125
1 0.9877604166666667 0.390234375 0.024479166666666666 0.05078125
1 0.821875 0.39140625 0.026041666666666668 0.0484375
1 0.7986979166666667 0.40664062500000003 0.028645833333333332 0.04453125
1 0.77578125 0.397265625 0.025520833333333333 0.047656250000000004
1 0.9020833333333333 0.38828125 0.030208333333333334 0.046875
1 0.8596354166666667 0.366796875 0.0234375 0.047656250000000004
1 0.8429687499999999 0.396484375 0.01614583333333333 0.03828125
1 0.8846354166666667 0.369921875 0.0265625 0.032031250000000004
1 0.9010416666666666 0.35000000000000003 0.021875 0.0328125
1 0.7466145833333333 0.45820312500000004 0.028645833333333332 0.06640625
1 0.771875 0.453125 0.026041666666666668 0.06875
1 0.7247395833333333 0.43476562500000004 0.03177083333333333 0.06171875
1 0.7255208333333333 0.405078125 0.028125 0.049218750000000006
1 0.7466145833333333 0.38789062500000004 0.019270833333333334 0.047656250000000004
1 0.7130208333333333 0.384765625 0.027083333333333334 0.03671875
1 0.6546875 0.456640625 0.034375 0.055468750000000004
1 0.5901041666666667 0.455859375 0.03229166666666666 0.049218750000000006
1 0.53984375 0.40937500000000004 0.028645833333333332 0.051562500000000004
1 0.51640625 0.39882812500000003 0.019270833333333334 0.03828125
1 0.4791666666666667 0.41875 0.021875 0.037500000000000006
1 0.45651041666666664 0.41523437500000004 0.021354166666666667 0.03359375
1 0.42942708333333335 0.421484375 0.019270833333333334 0.03515625
1 0.3755208333333333 0.400390625 0.019791666666666666 0.025781250000000002
1 0.5661458333333333 0.381640625 0.015625 0.030468750000000003
1 0.6307291666666667 0.38359375 0.020833333333333332 0.037500000000000006
1 0.6088541666666667 0.38398437500000004 0.017708333333333333 0.03515625
