1 0.082 0.3488372093023256 0.044 0.10077519379844961
1 0.152 0.29844961240310075 0.04 0.10077519379844961
1 0.189 0.30426356589147285 0.038 0.09689922480620156
1 0.233 0.33527131782945735 0.038 0.09689922480620156
1 0.278 0.312015503875969 0.04 0.09689922480620156
1 0.312 0.3585271317829457 0.036000000000000004 0.09689922480620156
1 0.36 0.3081395348837209 0.044 0.09689922480620156
1 0.394 0.3624031007751938 0.04 0.09689922480620156
1 0.442 0.3507751937984496 0.036000000000000004 0.09689922480620156
1 0.498 0.32945736434108525 0.048 0.09302325581395349
1 0.55 0.3565891472868217 0.036000000000000004 0.09302325581395349
1 0.585 0.3062015503875969 0.042 0.09302325581395349
1 0.623 0.31589147286821706 0.046 0.1124031007751938
1 0.677 0.32170542635658916 0.042 0.09302325581395349
1 0.716 0.375968992248062 0.048 0.11627906976744186
1 0.759 0.32170542635658916 0.042 0.08527131782945736
1 0.81 0.37790697674418605 0.04 0.09689922480620156
1 0.8240000000000001 0.26744186046511625 0.04 0.09302325581395349
1 0.867 0.3275193798449612 0.046 0.10465116279069767
1 0.935 0.31007751937984496 0.05 0.10077519379844961
