1 0.07888540031397175 0.5446570972886763 0.044740973312401885 0.09728867623604466
1 0.23351648351648352 0.24880382775119617 0.019623233908948195 0.044657097288676235
1 0.24646781789638933 0.24800637958532695 0.01883830455259027 0.046251993620414676
1 0.26569858712715855 0.23604465709728867 0.016483516483516484 0.051036682615629984
1 0.3218210361067504 0.2240829346092504 0.020408163265306124 0.0430622009569378
1 0.3218210361067504 0.18819776714513556 0.020408163265306124 0.04146730462519936
1 0.3434065934065934 0.22169059011164274 0.019623233908948195 0.051036682615629984
1 0.37205651491365777 0.24880382775119617 0.020408163265306124 0.04784688995215311
1 0.3606750392464678 0.1889952153110048 0.016483516483516484 0.03987240829346093
1 0.37912087912087916 0.17065390749601275 0.015698587127158558 0.03508771929824561
1 0.4050235478806908 0.21770334928229665 0.017268445839874413 0.03987240829346093
1 0.445839874411303 0.28309409888357256 0.02197802197802198 0.046251993620414676
1 0.4835164835164835 0.22248803827751196 0.023547880690737835 0.046251993620414676
1 0.500784929356358 0.19059011164274323 0.017268445839874413 0.0430622009569378
1 0.4858712715855573 0.14912280701754385 0.0141287284144427 0.03987240829346093
1 0.4992150706436421 0.13636363636363635 0.012558869701726845 0.03349282296650718
1 0.4556514913657771 0.14513556618819776 0.019623233908948195 0.03827751196172249
1 0.4438775510204082 0.1762360446570973 0.014913657770800628 0.03987240829346093
1 0.42582417582417587 0.1634768740031898 0.013343799058084773 0.03987240829346093
1 0.5321821036106751 0.1467304625199362 0.0141287284144427 0.04146730462519936
1 0.554945054945055 0.2065390749601276 0.01883830455259027 0.046251993620414676
1 0.5867346938775511 0.18341307814992025 0.01805337519623234 0.04146730462519936
1 0.5569073783359498 0.14433811802232854 0.014913657770800628 0.030303030303030304
1 0.5600470957613816 0.12200956937799043 0.014913657770800628 0.03349282296650718
1 0.5839874411302983 0.12121212121212122 0.0141287284144427 0.03189792663476874
1 0.5898744113029828 0.1467304625199362 0.01805337519623234 0.03508771929824561
1 0.6020408163265306 0.11483253588516747 0.0141287284144427 0.025518341307814992
1 0.6098901098901099 0.1379585326953748 0.015698587127158558 0.03349282296650718
1 0.6169544740973313 0.17862838915470494 0.017268445839874413 0.03508771929824561
1 0.6153846153846154 0.15629984051036683 0.0141287284144427 0.028708133971291867
1 0.6334379905808477 0.11483253588516747 0.017268445839874413 0.03508771929824561
1 0.653453689167975 0.13556618819776714 0.016483516483516484 0.03508771929824561
1 0.6593406593406593 0.11802232854864433 0.0141287284144427 0.03508771929824561
1 0.6565934065934066 0.16985645933014354 0.014913657770800628 0.03349282296650718
1 0.6695447409733124 0.2113237639553429 0.01883830455259027 0.05263157894736842
1 0.6934850863422293 0.19218500797448165 0.01805337519623234 0.0430622009569378
1 0.6879905808477238 0.15231259968102073 0.014913657770800628 0.0430622009569378
1 0.6923076923076924 0.1283891547049442 0.015698587127158558 0.03349282296650718
1 0.717032967032967 0.14035087719298245 0.016483516483516484 0.03827751196172249
1 0.6110675039246468 0.2783094098883573 0.019623233908948195 0.05263157894736842
1 0.5788854003139717 0.3189792663476874 0.022762951334379906 0.05741626794258373
1 0.6153846153846154 0.35406698564593303 0.026687598116169546 0.05741626794258373
1 0.6593406593406593 0.3827751196172249 0.029827315541601257 0.0733652312599681
1 0.7299843014128728 0.3748006379585327 0.02511773940345369 0.06379585326953748
1 0.7217425431711146 0.24401913875598086 0.02119309262166405 0.04784688995215311
1 0.7425431711145998 0.21212121212121213 0.017268445839874413 0.044657097288676235
1 0.7609890109890111 0.17942583732057416 0.014913657770800628 0.030303030303030304
1 0.7770800627943486 0.16427432216905902 0.012558869701726845 0.04146730462519936
1 0.7641287284144428 0.259170653907496 0.019623233908948195 0.04944178628389155
1 0.7967032967032968 0.22328548644338117 0.0141287284144427 0.044657097288676235
1 0.7841444270015699 0.20334928229665072 0.015698587127158558 0.03987240829346093
1 0.814756671899529 0.16507177033492823 0.015698587127158558 0.03987240829346093
1 0.8316326530612246 0.19298245614035087 0.013343799058084773 0.03827751196172249
1 0.8112244897959184 0.215311004784689 0.014913657770800628 0.04784688995215311
1 0.815541601255887 0.2878787878787879 0.020408163265306124 0.05263157894736842
1 0.7998430141287285 0.4393939393939394 0.03453689167974883 0.07496012759170655
1 0.8504709576138149 0.4728867623604466 0.03218210361067504 0.07496012759170655
1 0.8755886970172685 0.38995215311004783 0.022762951334379906 0.06539074960127592
1 0.8614599686028258 0.31658692185007975 0.02119309262166405 0.05263157894736842
1 0.8708791208791209 0.21770334928229665 0.014913657770800628 0.03987240829346093
1 0.8885400313971743 0.2647527910685805 0.015698587127158558 0.044657097288676235
1 0.8975667189952905 0.22169059011164274 0.011773940345368918 0.03508771929824561
1 0.9081632653061225 0.23763955342902712 0.012558869701726845 0.04146730462519936
1 0.9277864992150707 0.24880382775119617 0.015698587127158558 0.03827751196172249
1 0.946232339089482 0.22647527910685805 0.013343799058084773 0.03508771929824561
1 0.9054160125588697 0.3181818181818182 0.019623233908948195 0.046251993620414676
1 0.9493720565149137 0.42822966507177035 0.022762951334379906 0.0685805422647528
1 0.945447409733124 0.361244019138756 0.02119309262166405 0.05901116427432217
1 0.9717425431711146 0.34290271132376393 0.01883830455259027 0.051036682615629984
1 0.9642857142857143 0.2998405103668262 0.014913657770800628 0.044657097288676235
1 0.9737048665620095 0.2838915470494418 0.011773940345368918 0.04146730462519936
1 0.9784144427001571 0.24162679425837322 0.013343799058084773 0.03987240829346093
