1 0.071484375 0.22461752433936022 0.10703125000000001 0.19610570236439498
1 0.220703125 0.2983310152990264 0.12265625000000001 0.23783031988873435
1 0.338671875 0.4986091794158553 0.17265625 0.38803894297635605
1 0.41484375 0.2948539638386648 0.08281250000000001 0.19471488178025034
1 0.5222656250000001 0.2892906815020862 0.08984375 0.20027816411682892
1 0.671484375 0.3045897079276773 0.12109375 0.2753824756606398
1 0.6640625 0.1356050069541029 0.0484375 0.09040333796940195
1 0.688671875 0.10987482614742698 0.04453125 0.09179415855354658
1 0.786328125 0.16411682892906815 0.055468750000000004 0.12239221140472878
1 0.880078125 0.14673157162726008 0.05859375 0.10709318497913768
1 0.938671875 0.20097357440890123 0.07265625 0.14047287899860916
