1 0.19457735247208932 0.4083333333333333 0.04944178628389155 0.08333333333333334
1 0.2595693779904306 0.2659722222222222 0.01674641148325359 0.034722222222222224
1 0.2807017543859649 0.25972222222222224 0.017543859649122806 0.036111111111111115
1 0.3050239234449761 0.2638888888888889 0.018341307814992026 0.036111111111111115
1 0.32575757575757575 0.2625 0.019936204146730464 0.03333333333333333
1 0.3456937799043062 0.26666666666666666 0.01674641148325359 0.03888888888888889
1 0.3078149920255183 0.22847222222222224 0.017543859649122806 0.03194444444444445
1 0.33373205741626794 0.22361111111111112 0.01674641148325359 0.036111111111111115
1 0.3835725677830941 0.27708333333333335 0.023923444976076555 0.04027777777777778
1 0.4358054226475279 0.2388888888888889 0.019936204146730464 0.036111111111111115
1 0.41148325358851673 0.23611111111111113 0.02073365231259968 0.03888888888888889
1 0.4190590111642743 0.18680555555555556 0.013556618819776715 0.03194444444444445
1 0.39473684210526316 0.19375 0.022328548644338118 0.029166666666666667
1 0.4003189792663477 0.17430555555555557 0.01594896331738437 0.029166666666666667
1 0.43779904306220097 0.17430555555555557 0.014354066985645933 0.034722222222222224
1 0.45055821371610844 0.15208333333333335 0.012759170653907496 0.020833333333333336
1 0.45933014354066987 0.16736111111111113 0.012759170653907496 0.029166666666666667
1 0.46810207336523124 0.15486111111111112 0.01594896331738437 0.029166666666666667
1 0.4988038277511962 0.1277777777777778 0.013556618819776715 0.025
1 0.4736842105263158 0.2263888888888889 0.02073365231259968 0.04166666666666667
1 0.4812599681020734 0.19097222222222224 0.015151515151515152 0.03194444444444445
1 0.49282296650717705 0.20416666666666666 0.017543859649122806 0.036111111111111115
1 0.5287081339712919 0.20625000000000002 0.019138755980861243 0.03194444444444445
1 0.5283094098883573 0.1798611111111111 0.018341307814992026 0.029166666666666667
1 0.5155502392344498 0.16458333333333333 0.018341307814992026 0.02361111111111111
1 0.5139553429027113 0.14444444444444446 0.015151515151515152 0.025
1 0.5669856459330144 0.14791666666666667 0.01594896331738437 0.029166666666666667
1 0.5829346092503987 0.1486111111111111 0.014354066985645933 0.03333333333333333
1 0.5829346092503987 0.11736111111111111 0.012759170653907496 0.02361111111111111
1 0.6088516746411483 0.09930555555555556 0.015151515151515152 0.02361111111111111
1 0.6192185007974482 0.11944444444444445 0.013556618819776715 0.025
1 0.6128389154704944 0.1486111111111111 0.018341307814992026 0.03333333333333333
1 0.5657894736842105 0.1798611111111111 0.01674641148325359 0.03194444444444445
1 0.6447368421052632 0.11666666666666667 0.011961722488038277 0.030555555555555558
1 0.6730462519936204 0.11458333333333334 0.014354066985645933 0.03194444444444445
1 0.5087719298245614 0.29375 0.028708133971291867 0.04861111111111111
1 0.5394736842105263 0.30625 0.03110047846889952 0.0625
1 0.5677830940988836 0.23680555555555557 0.02073365231259968 0.04583333333333334
1 0.60207336523126 0.21458333333333335 0.019138755980861243 0.04027777777777778
1 0.6152312599681021 0.23402777777777778 0.024720893141945775 0.05416666666666667
1 0.6555023923444976 0.2659722222222222 0.028708133971291867 0.05694444444444444
1 0.6634768740031898 0.22291666666666668 0.023923444976076555 0.04583333333333334
1 0.6543062200956938 0.17500000000000002 0.019936204146730464 0.04166666666666667
1 0.6866028708133971 0.16527777777777777 0.017543859649122806 0.036111111111111115
1 0.6738437001594897 0.30486111111111114 0.028708133971291867 0.06527777777777778
1 0.7085326953748007 0.2729166666666667 0.024720893141945775 0.059722222222222225
1 0.7149122807017544 0.22361111111111112 0.019936204146730464 0.03888888888888889
1 0.722488038277512 0.1590277777777778 0.019138755980861243 0.0375
1 0.7440191387559809 0.18819444444444444 0.019138755980861243 0.0375
1 0.7547846889952153 0.1736111111111111 0.018341307814992026 0.030555555555555558
1 0.7535885167464115 0.13402777777777777 0.01594896331738437 0.0375
1 0.784688995215311 0.15208333333333335 0.017543859649122806 0.0375
1 0.8078149920255183 0.125 0.01594896331738437 0.03333333333333333
1 0.833732057416268 0.14444444444444446 0.01674641148325359 0.036111111111111115
1 0.810207336523126 0.17708333333333334 0.017543859649122806 0.04027777777777778
1 0.7822966507177034 0.2013888888888889 0.022328548644338118 0.044444444444444446
1 0.7531897926634769 0.23194444444444445 0.0215311004784689 0.04166666666666667
1 0.7791068580542265 0.2729166666666667 0.02711323763955343 0.0625
1 0.7456140350877193 0.375 0.03349282296650718 0.07222222222222223
1 0.8584529505582137 0.33263888888888893 0.024720893141945775 0.06805555555555556
1 0.8213716108452951 0.25625000000000003 0.02073365231259968 0.04583333333333334
1 0.8313397129186603 0.2125 0.018341307814992026 0.04166666666666667
1 0.8536682615629985 0.19166666666666668 0.01674641148325359 0.04166666666666667
1 0.8624401913875598 0.24791666666666667 0.019936204146730464 0.05416666666666667
1 0.8831738437001595 0.225 0.018341307814992026 0.044444444444444446
1 0.9078947368421053 0.2604166666666667 0.024720893141945775 0.05416666666666667
1 0.881578947368421 0.19583333333333333 0.019936204146730464 0.04166666666666667
1 0.8648325358851675 0.15208333333333335 0.018341307814992026 0.034722222222222224
