1 0.17644183773216032 0.49489795918367346 0.04594330400782014 0.09523809523809523
1 0.25806451612903225 0.18027210884353742 0.015640273704789834 0.030612244897959183
1 0.3919843597262952 0.26870748299319724 0.02346041055718475 0.03741496598639456
1 0.3655913978494624 0.19642857142857142 0.01759530791788856 0.03231292517006803
1 0.3787878787878788 0.21683673469387754 0.020527859237536656 0.03231292517006803
1 0.4100684261974585 0.22534013605442177 0.022482893450635387 0.03231292517006803
1 0.4423264907135875 0.2193877551020408 0.020527859237536656 0.03741496598639456
1 0.4198435972629521 0.16156462585034012 0.01466275659824047 0.027210884353741496
1 0.510752688172043 0.1284013605442177 0.012707722385141739 0.025510204081632654
1 0.5273704789833822 0.13010204081632654 0.01466275659824047 0.028911564625850338
1 0.5547409579667644 0.13095238095238096 0.01466275659824047 0.027210884353741496
1 0.5654936461388075 0.1096938775510204 0.012707722385141739 0.028911564625850338
1 0.5855327468230694 0.12159863945578231 0.013685239491691105 0.028911564625850338
1 0.6163245356793744 0.1522108843537415 0.01857282502443793 0.0391156462585034
1 0.5166177908113392 0.15051020408163265 0.026392961876832845 0.04251700680272109
1 0.5640273704789834 0.1921768707482993 0.02346041055718475 0.047619047619047616
1 0.6686217008797654 0.12329931972789115 0.021505376344086023 0.04251700680272109
1 0.6593352883675464 0.2227891156462585 0.024437927663734114 0.04421768707482993
1 0.6163245356793744 0.2568027210884354 0.026392961876832845 0.04421768707482993
1 0.5425219941348973 0.32653061224489793 0.02932551319648094 0.057823129251700675
1 0.49022482893450636 0.3120748299319728 0.028347996089931573 0.052721088435374146
1 0.6808406647116324 0.32227891156462585 0.026392961876832845 0.06292517006802721
1 0.7179863147605083 0.28656462585034015 0.026392961876832845 0.04931972789115646
1 0.7326490713587488 0.11564625850340135 0.022482893450635387 0.04421768707482993
1 0.7609970674486803 0.2193877551020408 0.020527859237536656 0.047619047619047616
1 0.7839687194525904 0.12329931972789115 0.021505376344086023 0.04591836734693877
1 0.8049853372434017 0.1292517006802721 0.01857282502443793 0.030612244897959183
1 0.8362658846529815 0.141156462585034 0.01466275659824047 0.023809523809523808
1 0.843108504398827 0.12585034013605442 0.012707722385141739 0.030612244897959183
1 0.8724340175953079 0.12074829931972789 0.01466275659824047 0.027210884353741496
1 0.8641251221896383 0.14030612244897958 0.013685239491691105 0.028911564625850338
1 0.9173998044965787 0.15136054421768708 0.016617790811339198 0.03401360544217687
1 0.9325513196480938 0.15816326530612243 0.011730205278592375 0.030612244897959183
1 0.9071358748778103 0.24404761904761904 0.043010752688172046 0.09013605442176871
1 0.8176930596285436 0.2568027210884354 0.024437927663734114 0.047619047619047616
1 0.8225806451612904 0.298469387755102 0.028347996089931573 0.05612244897959184
1 0.8157380254154448 0.3520408163265306 0.03616813294232649 0.06802721088435373
1 0.7258064516129032 0.3486394557823129 0.03225806451612903 0.08163265306122448
1 0.7771260997067448 0.28741496598639454 0.02932551319648094 0.061224489795918366
