1 0.09777777777777778 0.7508361204013377 0.06222222222222222 0.0903010033444816
1 0.06888888888888889 0.7090301003344481 0.04 0.06020066889632107
1 0.11777777777777777 0.6889632107023411 0.04 0.06020066889632107
1 0.13555555555555557 0.7040133779264214 0.035555555555555556 0.056856187290969896
1 0.15777777777777777 0.7357859531772575 0.05333333333333333 0.07357859531772575
1 0.17333333333333334 0.6739130434782609 0.035555555555555556 0.05016722408026756
1 0.21666666666666667 0.7140468227424749 0.03777777777777778 0.056856187290969896
1 0.2222222222222222 0.677257525083612 0.026666666666666665 0.043478260869565216
1 0.24 0.6538461538461539 0.026666666666666665 0.043478260869565216
1 0.2477777777777778 0.6872909698996655 0.028888888888888888 0.05016722408026756
1 0.2388888888888889 0.8277591973244147 0.09555555555555556 0.15719063545150502
1 0.2966666666666667 0.8043478260869565 0.06 0.10367892976588629
1 0.3277777777777778 0.7709030100334449 0.04666666666666667 0.07692307692307693
1 0.2777777777777778 0.6739130434782609 0.026666666666666665 0.05016722408026756
1 0.29888888888888887 0.6555183946488294 0.02 0.033444816053511704
1 0.3233333333333333 0.6505016722408027 0.024444444444444446 0.03678929765886287
1 0.37444444444444447 0.7140468227424749 0.03777777777777778 0.056856187290969896
1 0.3877777777777778 0.697324414715719 0.03333333333333333 0.056856187290969896
1 0.41444444444444445 0.6722408026755853 0.03333333333333333 0.05351170568561873
1 0.42666666666666664 0.6438127090301003 0.026666666666666665 0.03678929765886287
1 0.38555555555555554 0.8093645484949833 0.08222222222222222 0.1471571906354515
1 0.45555555555555555 0.8060200668896321 0.057777777777777775 0.14046822742474915
1 0.47888888888888886 0.7207357859531772 0.03777777777777778 0.06354515050167224
1 0.4688888888888889 0.6889632107023411 0.03111111111111111 0.04013377926421405
1 0.47333333333333333 0.6505016722408027 0.022222222222222223 0.03678929765886287
1 0.5222222222222223 0.6053511705685619 0.022222222222222223 0.04013377926421405
1 0.5188888888888888 0.6521739130434783 0.02 0.033444816053511704
1 0.5611111111111111 0.657190635451505 0.024444444444444446 0.043478260869565216
1 0.5366666666666666 0.6906354515050167 0.03333333333333333 0.06354515050167224
1 0.5688888888888889 0.8444816053511706 0.08888888888888889 0.1505016722408027
1 0.5822222222222222 0.7525083612040133 0.06222222222222222 0.09364548494983277
1 0.5922222222222222 0.6939799331103679 0.03333333333333333 0.056856187290969896
1 0.6344444444444445 0.7341137123745819 0.03333333333333333 0.056856187290969896
1 0.6755555555555556 0.7441471571906354 0.04888888888888889 0.0903010033444816
1 0.7122222222222222 0.7993311036789298 0.06888888888888889 0.12040133779264214
1 0.6544444444444445 0.677257525083612 0.024444444444444446 0.05016722408026756
1 0.6488888888888888 0.6471571906354515 0.022222222222222223 0.030100334448160536
1 0.6911111111111111 0.6421404682274248 0.026666666666666665 0.04013377926421405
1 0.7111111111111111 0.6622073578595318 0.026666666666666665 0.046822742474916385
1 0.7366666666666667 0.6705685618729097 0.03333333333333333 0.056856187290969896
1 0.7322222222222222 0.637123745819398 0.024444444444444446 0.030100334448160536
1 0.7722222222222223 0.6923076923076923 0.04666666666666667 0.07357859531772575
1 0.7777777777777778 0.6538461538461539 0.022222222222222223 0.043478260869565216
1 0.8122222222222222 0.6672240802675585 0.028888888888888888 0.05016722408026756
1 0.8266666666666667 0.7341137123745819 0.035555555555555556 0.07023411371237458
1 0.8177777777777778 0.8745819397993311 0.09777777777777778 0.15719063545150502
1 0.9211111111111111 0.7792642140468228 0.05555555555555555 0.09364548494983277
1 0.9077777777777778 0.717391304347826 0.03777777777777778 0.07023411371237458
1 0.9266666666666666 0.6939799331103679 0.044444444444444446 0.07692307692307693
1 0.8544444444444445 0.657190635451505 0.03333333333333333 0.056856187290969896
1 0.9822222222222222 0.6939799331103679 0.035555555555555556 0.07023411371237458
