1 0.10765306122448981 0.6033690658499234 0.08061224489795919 0.14701378254211334
1 0.0642857142857143 0.4318529862174579 0.04489795918367347 0.06738131699846861
1 0.12244897959183675 0.3996937212863706 0.028571428571428574 0.05206738131699847
1 0.14744897959183675 0.4318529862174579 0.03571428571428572 0.05819295558958652
1 0.17857142857142858 0.4992343032159265 0.06122448979591837 0.11332312404287903
1 0.1729591836734694 0.39356814701378257 0.025510204081632654 0.05206738131699847
1 0.18673469387755104 0.40199081163859113 0.02448979591836735 0.04134762633996937
1 0.2122448979591837 0.40275650842266464 0.028571428571428574 0.04900459418070444
1 0.2602040816326531 0.4226646248085758 0.03877551020408164 0.06125574272588055
1 0.3010204081632653 0.4747320061255743 0.05306122448979592 0.07963246554364473
1 0.31836734693877555 0.5160796324655437 0.05714285714285715 0.09188361408882083
1 0.3352040816326531 0.6339969372128638 0.10306122448979593 0.16845329249617153
1 0.47755102040816333 0.546707503828484 0.06326530612244899 0.1225114854517611
1 0.4352040816326531 0.48085758039816234 0.04387755102040817 0.07963246554364473
1 0.4362244897959184 0.442572741194487 0.03571428571428572 0.0551301684532925
1 0.438265306122449 0.38208269525267996 0.025510204081632654 0.04134762633996937
1 0.403061224489796 0.39356814701378257 0.02448979591836735 0.042879019908116385
1 0.35408163265306125 0.39127105666156203 0.02448979591836735 0.03828483920367535
1 0.3346938775510204 0.36983154670750384 0.022448979591836737 0.03522205206738132
1 0.3188775510204082 0.4012251148545176 0.031632653061224494 0.04900459418070444
1 0.29540816326530617 0.3950995405819296 0.023469387755102045 0.036753445635528334
1 0.2826530612244898 0.36447166921898927 0.018367346938775512 0.033690658499234305
1 0.5020408163265306 0.43644716692189894 0.02448979591836735 0.036753445635528334
1 0.5260204081632653 0.442572741194487 0.039795918367346944 0.06738131699846861
1 0.48571428571428577 0.3407350689127106 0.02653061224489796 0.04747320061255743
1 0.5005102040816327 0.38667687595712097 0.025510204081632654 0.03828483920367535
1 0.5438775510204082 0.38284839203675347 0.020408163265306124 0.036753445635528334
1 0.5586734693877552 0.3950995405819296 0.02755102040816327 0.03981623277182236
1 0.5903061224489796 0.385145482388974 0.023469387755102045 0.04134762633996937
1 0.589795918367347 0.43721286370597245 0.028571428571428574 0.053598774885145486
1 0.576530612244898 0.49387442572741197 0.04489795918367347 0.09341500765696785
1 0.6454081632653061 0.4226646248085758 0.04183673469387755 0.08269525267993874
1 0.6224489795918368 0.4065849923430322 0.022448979591836737 0.03828483920367535
1 0.6841836734693878 0.4387442572741195 0.031632653061224494 0.06278713629402757
1 0.6862244897959184 0.39356814701378257 0.023469387755102045 0.045941807044410414
1 0.7061224489795919 0.4180704441041348 0.022448979591836737 0.03981623277182236
1 0.7438775510204082 0.4081163859111792 0.020408163265306124 0.04134762633996937
1 0.7688775510204082 0.4563552833078101 0.02959183673469388 0.06738131699846861
1 0.7811224489795919 0.4065849923430322 0.02142857142857143 0.03828483920367535
1 0.811734693877551 0.4310872894333844 0.031632653061224494 0.056661562021439515
1 0.8790816326530613 0.4234303215926493 0.05204081632653062 0.09341500765696785
