1 0.3336538461538462 0.30098684210526316 0.021153846153846155 0.039473684210526314
1 0.3456730769230769 0.23519736842105263 0.0125 0.039473684210526314
1 0.3581730769230769 0.22779605263157893 0.020192307692307693 0.03782894736842105
1 0.4168269230769231 0.29934210526315785 0.022115384615384617 0.039473684210526314
1 0.3947115384615385 0.22450657894736842 0.0125 0.03453947368421052
1 0.40913461538461543 0.2138157894736842 0.016346153846153847 0.039473684210526314
1 0.4293269230769231 0.24342105263157893 0.01826923076923077 0.03289473684210526
1 0.4586538461538462 0.21052631578947367 0.019230769230769232 0.03618421052631579
1 0.4778846153846154 0.17598684210526314 0.021153846153846155 0.03289473684210526
1 0.4711538461538462 0.26973684210526316 0.021153846153846155 0.03289473684210526
1 0.4947115384615385 0.22532894736842105 0.022115384615384617 0.03618421052631579
1 0.5240384615384616 0.16365131578947367 0.023076923076923078 0.03453947368421052
1 0.5427884615384616 0.1751644736842105 0.014423076923076924 0.03782894736842105
1 0.5586538461538462 0.16200657894736842 0.023076923076923078 0.03125
1 0.5317307692307692 0.20476973684210525 0.021153846153846155 0.03782894736842105
1 0.5774038461538462 0.18174342105263158 0.020192307692307693 0.03453947368421052
1 0.5966346153846154 0.16858552631578946 0.020192307692307693 0.03453947368421052
1 0.5649038461538461 0.26480263157894735 0.025961538461538463 0.042763157894736836
1 0.6028846153846155 0.2664473684210526 0.026923076923076925 0.049342105263157895
1 0.5721153846153847 0.32072368421052627 0.025 0.049342105263157895
1 0.6543269230769231 0.31167763157894735 0.025961538461538463 0.06414473684210525
1 0.6552884615384615 0.20723684210526314 0.016346153846153847 0.042763157894736836
1 0.6687500000000001 0.21957236842105263 0.02403846153846154 0.04769736842105263
1 0.695673076923077 0.17105263157894735 0.016346153846153847 0.03289473684210526
1 0.7735576923076923 0.14473684210526316 0.01826923076923077 0.029605263157894735
1 0.7365384615384616 0.17269736842105263 0.01730769230769231 0.03618421052631579
1 0.7413461538461539 0.19983552631578946 0.01730769230769231 0.04769736842105263
1 0.7125 0.24095394736842105 0.021153846153846155 0.044407894736842105
1 0.7389423076923077 0.265625 0.027884615384615386 0.05427631578947368
1 0.7740384615384616 0.23930921052631576 0.019230769230769232 0.04769736842105263
1 0.7826923076923077 0.20476973684210525 0.021153846153846155 0.041118421052631575
1 0.8004807692307693 0.1513157894736842 0.014423076923076924 0.03289473684210526
1 0.8288461538461539 0.171875 0.019230769230769232 0.03453947368421052
1 0.7677884615384616 0.36348684210526316 0.035576923076923075 0.07236842105263158
1 0.7850961538461539 0.3026315789473684 0.02403846153846154 0.05263157894736842
1 0.8163461538461539 0.2574013157894737 0.025 0.06085526315789473
1 0.8326923076923077 0.22861842105263155 0.023076923076923078 0.049342105263157895
1 0.864423076923077 0.15789473684210525 0.01730769230769231 0.03289473684210526
1 0.889423076923077 0.20970394736842105 0.019230769230769232 0.03782894736842105
1 0.8543269230769232 0.20723684210526314 0.020192307692307693 0.03618421052631579
1 0.8730769230769231 0.272203947368421 0.025 0.05427631578947368
1 0.8485576923076924 0.319078947368421 0.02403846153846154 0.049342105263157895
1 0.9216346153846154 0.2713815789473684 0.03173076923076923 0.05263157894736842
1 0.770673076923077 0.18914473684210525 0.022115384615384617 0.039473684210526314
1 0.6158653846153846 0.11513157894736842 0.016346153846153847 0.02631578947368421
1 0.6067307692307693 0.23684210526315788 0.028846153846153848 0.042763157894736836
