1 0.11124896608767576 0.5196399345335516 0.053763440860215055 0.10638297872340426
1 0.1935483870967742 0.279050736497545 0.019851116625310174 0.05400981996726678
1 0.21505376344086022 0.26595744680851063 0.02315963606286187 0.05073649754500818
1 0.23531844499586435 0.24713584288052373 0.0206782464846981 0.05237315875613748
1 0.2894954507857734 0.23404255319148937 0.019851116625310174 0.0458265139116203
1 0.2911497105045492 0.20621931260229134 0.021505376344086023 0.0425531914893617
1 0.3188585607940447 0.2291325695581015 0.01902398676592225 0.04909983633387889
1 0.3320926385442515 0.21112929623567922 0.0206782464846981 0.05237315875613748
1 0.3544251447477254 0.25040916530278234 0.022332506203473945 0.0425531914893617
1 0.37262200165425974 0.23322422258592473 0.01902398676592225 0.03764320785597382
1 0.3490488006617039 0.1955810147299509 0.021505376344086023 0.05073649754500818
1 0.39660876757650954 0.18985270049099837 0.01902398676592225 0.0425531914893617
1 0.4040529363110008 0.17103109656301146 0.015715467328370553 0.04091653027823241
1 0.41935483870967744 0.18821603927986907 0.016542597187758478 0.0425531914893617
1 0.4280397022332506 0.3019639934533552 0.02729528535980149 0.05400981996726678
1 0.43631100082712987 0.1661211129296236 0.0206782464846981 0.04091653027823241
1 0.46484698097601324 0.16693944353518822 0.021505376344086023 0.0458265139116203
1 0.47932175351530193 0.14893617021276598 0.017369727047146403 0.03600654664484452
1 0.48428453267162946 0.2021276595744681 0.01902398676592225 0.044189852700491
1 0.4665012406947891 0.23076923076923078 0.024813895781637715 0.04909983633387889
1 0.543424317617866 0.21194762684124388 0.019851116625310174 0.03764320785597382
1 0.5136476426799007 0.15711947626841244 0.018196856906534324 0.03600654664484452
1 0.5425971877584781 0.1579378068739771 0.01488833746898263 0.03764320785597382
1 0.5450785773366419 0.13584288052373159 0.016542597187758478 0.03273322422258593
1 0.5703060380479735 0.13584288052373159 0.017369727047146403 0.03927986906710311
1 0.5727874276261373 0.16448445171849427 0.017369727047146403 0.03436988543371522
1 0.5698924731182796 0.19476268412438627 0.018196856906534324 0.03600654664484452
1 0.6029776674937966 0.19639934533551556 0.016542597187758478 0.03927986906710311
1 0.6004962779156328 0.17348608837970542 0.016542597187758478 0.03600654664484452
1 0.597187758478081 0.1497545008183306 0.01488833746898263 0.027823240589198037
1 0.586848635235732 0.12438625204582653 0.017369727047146403 0.029459901800327332
1 0.6104218362282878 0.132569558101473 0.01488833746898263 0.03600654664484452
1 0.6472291149710504 0.1783960720130933 0.012406947890818858 0.03273322422258593
1 0.6447477253928867 0.1497545008183306 0.015715467328370553 0.03764320785597382
1 0.6505376344086021 0.13011456628477905 0.012406947890818858 0.027823240589198037
1 0.6790736145574855 0.16202945990180034 0.019851116625310174 0.0425531914893617
1 0.6794871794871795 0.22013093289689034 0.01902398676592225 0.04746317512274959
1 0.7022332506203474 0.1530278232405892 0.018196856906534324 0.03764320785597382
1 0.6836228287841191 0.13993453355155483 0.015715467328370553 0.03764320785597382
1 0.5959470636889992 0.2945990180032733 0.02729528535980149 0.058919803600654665
1 0.564929693961952 0.3363338788870704 0.02315963606286187 0.060556464811783964
1 0.5996691480562448 0.3690671031096563 0.02977667493796526 0.06382978723404256
1 0.6472291149710504 0.4001636661211129 0.03556658395368073 0.07037643207855974
1 0.7258064516129032 0.3927986906710311 0.03391232423490488 0.07855973813420622
1 0.6575682382133995 0.22995090016366612 0.021505376344086023 0.05728314238952537
1 0.7162944582299421 0.26268412438625205 0.024813895781637715 0.05728314238952537
1 0.7382133995037221 0.2225859247135843 0.0206782464846981 0.04909983633387889
1 0.7630272952853598 0.27495908346972175 0.022332506203473945 0.05237315875613748
1 0.7940446650124069 0.24304418985270052 0.018196856906534324 0.05073649754500818
1 0.815136476426799 0.30523731587561376 0.022332506203473945 0.060556464811783964
1 0.7990074441687345 0.4541734860883797 0.0380479735318445 0.09001636661211129
1 0.8507030603804797 0.48690671031096566 0.03391232423490488 0.09328968903436989
1 0.8771712158808933 0.40998363338788874 0.02729528535980149 0.07364975450081833
1 0.955748552522746 0.4500818330605565 0.02729528535980149 0.07201309328968904
1 0.8622828784119106 0.33469721767594107 0.023986765922249794 0.06710310965630115
1 0.8899917287014061 0.2806873977086743 0.016542597187758478 0.044189852700491
1 0.8986765922249793 0.2569558101472995 0.012406947890818858 0.03927986906710311
1 0.9007444168734491 0.23076923076923078 0.016542597187758478 0.03273322422258593
1 0.8701406120760959 0.23158756137479544 0.013234077750206782 0.03764320785597382
1 0.8308519437551696 0.20867430441898527 0.015715467328370553 0.04091653027823241
1 0.8105872622001654 0.23567921440261866 0.016542597187758478 0.03600654664484452
1 0.7812241521918941 0.2144026186579378 0.0206782464846981 0.0458265139116203
1 0.7514474772539289 0.19312602291325698 0.017369727047146403 0.03927986906710311
1 0.7737799834574028 0.17430441898527005 0.01902398676592225 0.03764320785597382
1 0.8089330024813896 0.18576104746317512 0.018196856906534324 0.044189852700491
1 0.9255583126550868 0.3199672667757774 0.021505376344086023 0.060556464811783964
1 0.9487179487179487 0.37234042553191493 0.024813895781637715 0.06710310965630115
1 0.9797353184449958 0.36006546644844517 0.0206782464846981 0.05237315875613748
1 0.9743589743589743 0.3281505728314239 0.018196856906534324 0.044189852700491
1 0.9805624483043838 0.2986906710310966 0.015715467328370553 0.03109656301145663
1 0.9900744416873449 0.25777414075286414 0.013234077750206782 0.04091653027823241
1 0.9379652605459057 0.26268412438625205 0.016542597187758478 0.03764320785597382
1 0.9499586435070306 0.24222585924713586 0.014061207609594707 0.0425531914893617
