1 0.05590800951625694 0.453781512605042 0.035685963521015066 0.0784313725490196
1 0.23076923076923078 0.33683473389355745 0.01586042823156225 0.037815126050420166
1 0.2529738302934179 0.3648459383753501 0.017446471054718478 0.046218487394957986
1 0.2906423473433783 0.3592436974789916 0.019825535289452814 0.04341736694677871
1 0.2866772402854877 0.3011204481792717 0.01506740681998414 0.0392156862745098
1 0.3287073750991277 0.35224089635854344 0.022997620935765267 0.046218487394957986
1 0.3473433782712133 0.3277310924369748 0.019032513877874704 0.03361344537815126
1 0.3493259318001586 0.2920168067226891 0.016653449643140365 0.037815126050420166
1 0.3758921490880254 0.33053221288515405 0.019032513877874704 0.0392156862745098
1 0.3818398096748612 0.26750700280112044 0.016653449643140365 0.03081232492997199
1 0.4036478984932593 0.296218487394958 0.014274385408406027 0.0350140056022409
1 0.40087232355273594 0.26820728291316526 0.013481363996827915 0.03221288515406163
1 0.4028548770816812 0.3382352941176471 0.022204599524187154 0.04061624649859944
1 0.42505947660586835 0.30392156862745096 0.017446471054718478 0.036414565826330535
1 0.44052339413164154 0.3403361344537815 0.019825535289452814 0.0392156862745098
1 0.464710547184774 0.3067226890756303 0.017446471054718478 0.036414565826330535
1 0.4230769230769231 0.23879551820728293 0.013481363996827915 0.029411764705882353
1 0.436558287073751 0.2612044817927171 0.013481363996827915 0.03221288515406163
1 0.4623314829500397 0.23599439775910364 0.012688342585249802 0.029411764705882353
1 0.46590007930214117 0.2647058823529412 0.01506740681998414 0.036414565826330535
1 0.49762093576526567 0.2647058823529412 0.010309278350515464 0.028011204481792718
1 0.5095162569389373 0.273109243697479 0.016653449643140365 0.036414565826330535
1 0.4920697858842189 0.3137254901960784 0.01506740681998414 0.03361344537815126
1 0.45519429024583663 0.40756302521008403 0.02696272799365583 0.056022408963585436
1 0.5162569389373514 0.25210084033613445 0.014274385408406027 0.036414565826330535
1 0.5348929421094369 0.2457983193277311 0.013481363996827915 0.029411764705882353
1 0.5459952418715305 0.226890756302521 0.011895321173671689 0.028011204481792718
1 0.5594766058683585 0.22128851540616246 0.013481363996827915 0.028011204481792718
1 0.5614591593973037 0.24439775910364145 0.011102299762093577 0.02661064425770308
1 0.5670103092783505 0.25630252100840334 0.014274385408406027 0.036414565826330535
1 0.5511498810467883 0.2759103641456583 0.01586042823156225 0.03361344537815126
1 0.584456780333069 0.24859943977591037 0.014274385408406027 0.029411764705882353
1 0.5876288659793815 0.22268907563025211 0.012688342585249802 0.028011204481792718
1 0.5975416336241078 0.20798319327731093 0.013481363996827915 0.029411764705882353
1 0.6106264869151468 0.21778711484593838 0.011102299762093577 0.03221288515406163
1 0.6249008723235527 0.22759103641456582 0.014274385408406027 0.0350140056022409
1 0.6296590007930214 0.2457983193277311 0.01586042823156225 0.0350140056022409
1 0.6463124504361618 0.21988795518207283 0.011102299762093577 0.028011204481792718
1 0.6578112609040444 0.22759103641456582 0.013481363996827915 0.03221288515406163
1 0.6764472640761301 0.22198879551820727 0.014274385408406027 0.03221288515406163
1 0.6839809674861221 0.24649859943977592 0.013481363996827915 0.03361344537815126
1 0.6578112609040444 0.26400560224089636 0.01823949246629659 0.0350140056022409
1 0.6736716891356067 0.3018207282913165 0.01823949246629659 0.037815126050420166
1 0.6205392545598731 0.30532212885154064 0.01823949246629659 0.036414565826330535
1 0.6292624900872323 0.3438375350140056 0.01823949246629659 0.04341736694677871
1 0.6423473433782713 0.3627450980392157 0.025376685170499604 0.05322128851540616
1 0.6740681998413958 0.3508403361344538 0.020618556701030927 0.049019607843137254
1 0.7034099920697859 0.4103641456582633 0.023790642347343377 0.056022408963585436
1 0.5836637589214909 0.33683473389355745 0.023790642347343377 0.04341736694677871
1 0.5828707375099128 0.3914565826330532 0.023790642347343377 0.05742296918767507
1 0.5864393338620143 0.4271708683473389 0.02775574940523394 0.06722689075630252
1 0.6237113402061856 0.4600840336134454 0.03409992069785884 0.06582633053221289
1 0.6942902458366376 0.4726890756302521 0.04361617763679619 0.06582633053221289
1 0.753766851704996 0.44047619047619047 0.030927835051546393 0.06022408963585434
1 0.8251387787470261 0.438375350140056 0.029341792228390166 0.056022408963585436
1 0.8072957969865187 0.49369747899159666 0.034892942109436956 0.06302521008403361
1 0.7149088025376685 0.2542016806722689 0.016653449643140365 0.037815126050420166
1 0.7212529738302934 0.2457983193277311 0.013481363996827915 0.03221288515406163
1 0.7386994448850119 0.2261904761904762 0.013481363996827915 0.03221288515406163
1 0.7069785884218874 0.28361344537815125 0.016653449643140365 0.03221288515406163
1 0.7620935765265662 0.242296918767507 0.012688342585249802 0.028011204481792718
1 0.7739888977002379 0.24509803921568626 0.01586042823156225 0.036414565826330535
1 0.7624900872323552 0.28711484593837533 0.01823949246629659 0.0392156862745098
1 0.7997620935765266 0.2689075630252101 0.016653449643140365 0.03361344537815126
1 0.8199841395717684 0.2542016806722689 0.014274385408406027 0.03221288515406163
1 0.8275178429817605 0.2801120448179272 0.01506740681998414 0.03361344537815126
1 0.8334655035685964 0.26820728291316526 0.012688342585249802 0.03221288515406163
1 0.8505154639175257 0.25630252100840334 0.011895321173671689 0.03081232492997199
1 0.8695479777954005 0.2766106442577031 0.01506740681998414 0.0350140056022409
1 0.8925455987311658 0.31022408963585435 0.01506740681998414 0.0350140056022409
1 0.9072164948453608 0.3025210084033613 0.014274385408406027 0.03361344537815126
1 0.9115781126090404 0.2815126050420168 0.013481363996827915 0.03361344537815126
1 0.7981760507533704 0.30532212885154064 0.019825535289452814 0.04201680672268908
1 0.817208564631245 0.311624649859944 0.019825535289452814 0.04061624649859944
1 0.8560666137985725 0.3088235294117647 0.016653449643140365 0.04061624649859944
1 0.8830293417922284 0.3235294117647059 0.01823949246629659 0.036414565826330535
1 0.9135606661379857 0.35644257703081234 0.019032513877874704 0.04341736694677871
1 0.852498017446471 0.3536414565826331 0.022204599524187154 0.049019607843137254
1 0.8160190325138779 0.3354341736694678 0.022204599524187154 0.04341736694677871
1 0.8374306106264869 0.36764705882352944 0.023790642347343377 0.0546218487394958
1 0.7902458366375892 0.35714285714285715 0.02458366375892149 0.04481792717086835
1 0.8862014274385408 0.4607843137254902 0.026169706582077717 0.06722689075630252
1 0.5317208564631245 0.39845938375350143 0.02775574940523394 0.049019607843137254
1 0.5241871530531325 0.35014005602240894 0.023790642347343377 0.04201680672268908
