1 0.15803108808290156 0.644455252918288 0.22797927461139897 0.3142023346303502
1 0.037726683937823836 0.4090466926070039 0.06897668393782384 0.11867704280155641
1 0.07221502590673576 0.3397373540856031 0.08290155440414508 0.10457198443579767
1 0.04047927461139896 0.26678015564202334 0.06217616580310881 0.0928988326848249
1 0.141029792746114 0.3647859922178988 0.059261658031088085 0.11284046692607004
1 0.19073834196891193 0.2915856031128405 0.05764248704663213 0.08706225680933852
1 0.1952720207253886 0.514591439688716 0.1606217616580311 0.19941634241245138
1 0.22474093264248707 0.43336575875486383 0.11917098445595856 0.1575875486381323
1 0.3026230569948187 0.39250972762645914 0.07933937823834197 0.14980544747081712
1 0.34553108808290156 0.3232003891050584 0.06411917098445596 0.10846303501945526
1 0.469559585492228 0.33803501945525294 0.07512953367875648 0.11575875486381323
1 0.4883419689119171 0.2893968871595331 0.046632124352331605 0.08268482490272373
1 0.6330958549222798 0.3450875486381323 0.06476683937823835 0.13764591439688717
1 0.6672603626943006 0.3528696498054475 0.07221502590673576 0.1220817120622568
1 0.7527525906735751 0.4075875486381323 0.11237046632124353 0.19844357976653698
1 0.8704663212435233 0.38740272373540857 0.13989637305699482 0.21643968871595332
