1 0.028666666666666667 0.4697777777777778 0.05333333333333333 0.10222222222222223
1 0.265 0.4088888888888889 0.043333333333333335 0.06933333333333333
1 0.317 0.40800000000000003 0.035333333333333335 0.05511111111111111
1 0.387 0.39466666666666667 0.03133333333333333 0.051555555555555556
1 0.3733333333333333 0.5702222222222223 0.092 0.14844444444444446
1 0.46699999999999997 0.4657777777777778 0.05533333333333333 0.096
1 0.5166666666666666 0.4186666666666667 0.04 0.06755555555555556
1 0.6673333333333333 0.4248888888888889 0.03733333333333333 0.060444444444444446
1 0.777 0.4786666666666667 0.06333333333333332 0.10933333333333334
1 0.9556666666666667 0.6426666666666667 0.08333333333333333 0.16355555555555557
