1 0.060861423220973786 0.39850249584026626 0.03558052434456929 0.07487520798668885
1 0.25936329588014984 0.2853577371048253 0.02059925093632959 0.03494176372712147
1 0.2883895131086142 0.27121464226289516 0.018726591760299626 0.03993344425956739
1 0.3071161048689139 0.2562396006655574 0.02059925093632959 0.04326123128119801
1 0.3202247191011236 0.22046589018302828 0.016853932584269662 0.03826955074875208
1 0.3445692883895131 0.21630615640599002 0.018726591760299626 0.03993344425956739
1 0.34691011235955055 0.27787021630615644 0.023408239700374533 0.05324459234608985
1 0.399812734082397 0.2995008319467554 0.028089887640449437 0.05324459234608985
1 0.38108614232209737 0.21963394342762063 0.018726591760299626 0.03993344425956739
1 0.38857677902621723 0.2004991680532446 0.016853932584269662 0.03494176372712147
1 0.4147940074906367 0.2254575707154742 0.018726591760299626 0.03826955074875208
1 0.44241573033707865 0.22296173044925124 0.023408239700374533 0.03993344425956739
1 0.4892322097378277 0.22628951747088186 0.023408239700374533 0.04658901830282862
1 0.4143258426966292 0.16888519134775376 0.015917602996254682 0.028286189683860232
1 0.4339887640449438 0.194675540765391 0.015917602996254682 0.029950083194675542
1 0.46207865168539325 0.2113144758735441 0.017790262172284646 0.033277870216306155
1 0.44803370786516855 0.1572379367720466 0.015917602996254682 0.03494176372712147
1 0.48642322097378277 0.19217970049916805 0.015917602996254682 0.03161397670549085
1 0.48220973782771537 0.17554076539101499 0.016853932584269662 0.028286189683860232
1 0.4747191011235955 0.14725457570715475 0.013108614232209739 0.028286189683860232
1 0.48782771535580527 0.13394342762063227 0.013108614232209739 0.028286189683860232
1 0.5074906367041199 0.16472545757071547 0.016853932584269662 0.029950083194675542
1 0.5388576779026217 0.20133111480865226 0.017790262172284646 0.03993344425956739
1 0.5374531835205992 0.1605657237936772 0.018726591760299626 0.03494176372712147
1 0.522003745318352 0.13893510815307822 0.014044943820224719 0.03494176372712147
1 0.5304307116104869 0.12728785357737105 0.014044943820224719 0.028286189683860232
1 0.5519662921348315 0.14725457570715475 0.014044943820224719 0.028286189683860232
1 0.5711610486891385 0.1638935108153078 0.0149812734082397 0.03494176372712147
1 0.5833333333333334 0.1497504159733777 0.016853932584269662 0.029950083194675542
1 0.5613295880149812 0.11480865224625625 0.012172284644194757 0.026622296173044926
1 0.5945692883895131 0.11980033277870217 0.013108614232209739 0.026622296173044926
1 0.6006554307116105 0.10149750415973378 0.012172284644194757 0.026622296173044926
1 0.6189138576779026 0.12312811980033278 0.013108614232209739 0.029950083194675542
1 0.6296816479400749 0.15224625623960067 0.015917602996254682 0.03494176372712147
1 0.6156367041198502 0.1064891846921797 0.012172284644194757 0.029950083194675542
1 0.6409176029962547 0.09983361064891848 0.015917602996254682 0.033277870216306155
1 0.6385767790262172 0.12562396006655574 0.013108614232209739 0.028286189683860232
1 0.675561797752809 0.11231281198003328 0.014044943820224719 0.03161397670549085
1 0.6952247191011236 0.09816971713810316 0.014044943820224719 0.033277870216306155
1 0.5374531835205992 0.3069883527454243 0.0299625468164794 0.06821963394342762
1 0.4934456928838951 0.29201331114808654 0.0299625468164794 0.05823627287853578
1 0.5636704119850188 0.25207986688851913 0.02247191011235955 0.051580698835274545
1 0.6039325842696629 0.3261231281198003 0.031835205992509365 0.059900166389351084
1 0.602996254681648 0.26206322795341097 0.024344569288389514 0.051580698835274545
1 0.6109550561797753 0.2113144758735441 0.025280898876404494 0.04326123128119801
1 0.6484082397003745 0.17637271214642264 0.019662921348314606 0.04326123128119801
1 0.6741573033707865 0.20382695507487522 0.024344569288389514 0.051580698835274545
1 0.6633895131086143 0.2579034941763727 0.025280898876404494 0.05324459234608985
1 0.6764981273408239 0.3361064891846922 0.03651685393258427 0.06988352745424294
1 0.6802434456928839 0.15224625623960067 0.017790262172284646 0.04159733777038269
1 0.6938202247191011 0.18136439267886856 0.02059925093632959 0.04326123128119801
1 0.7106741573033708 0.14226289517470883 0.018726591760299626 0.03826955074875208
1 0.7322097378277154 0.12479201331114809 0.0149812734082397 0.036605657237936774
1 0.7392322097378278 0.17970049916805325 0.019662921348314606 0.04326123128119801
1 0.697565543071161 0.22795341098169716 0.02247191011235955 0.04991680532445924
1 0.7205056179775281 0.28369384359401 0.02902621722846442 0.051580698835274545
1 0.7476591760299626 0.22878535773710484 0.023408239700374533 0.051580698835274545
1 0.7879213483146067 0.2770382695507488 0.027153558052434457 0.06156405990016639
1 0.7387640449438202 0.15307820299500832 0.016853932584269662 0.033277870216306155
1 0.7448501872659176 0.1281198003327787 0.014044943820224719 0.029950083194675542
1 0.7504681647940075 0.10898502495840266 0.017790262172284646 0.028286189683860232
1 0.7626404494382023 0.16139767054908485 0.015917602996254682 0.036605657237936774
1 0.7977528089887641 0.17387687188019968 0.02059925093632959 0.04492512479201331
1 0.7823033707865169 0.1314475873544093 0.014044943820224719 0.029950083194675542
1 0.8216292134831461 0.22795341098169716 0.02153558052434457 0.05324459234608985
1 0.7818352059925093 0.11314475873544093 0.011235955056179775 0.019966722129783693
1 0.7991573033707865 0.13893510815307822 0.014044943820224719 0.028286189683860232
1 0.8103932584269663 0.1264559068219634 0.012172284644194757 0.026622296173044926
1 0.8188202247191011 0.1680532445923461 0.015917602996254682 0.036605657237936774
1 0.8328651685393259 0.12728785357737105 0.017790262172284646 0.03161397670549085
1 0.851123595505618 0.194675540765391 0.018726591760299626 0.04658901830282862
1 0.8745318352059925 0.21880199667221298 0.02059925093632959 0.051580698835274545
1 0.8735955056179775 0.17470881863560733 0.016853932584269662 0.033277870216306155
1 0.8590823970037453 0.1605657237936772 0.012172284644194757 0.03494176372712147
1 0.8661048689138577 0.1281198003327787 0.0149812734082397 0.029950083194675542
1 0.9021535580524345 0.13061564059900166 0.012172284644194757 0.03161397670549085
1 0.8918539325842697 0.19966722129783696 0.014044943820224719 0.04326123128119801
1 0.9260299625468165 0.2895174708818636 0.026217228464419477 0.056572379367720464
1 0.9302434456928839 0.20133111480865226 0.015917602996254682 0.04658901830282862
1 0.9250936329588015 0.1805324459234609 0.013108614232209739 0.028286189683860232
1 0.9302434456928839 0.15474209650582363 0.014044943820224719 0.033277870216306155
1 0.8965355805243446 0.17387687188019968 0.017790262172284646 0.03494176372712147
