1 0.1066746126340882 0.7071428571428571 0.09415971394517282 0.15
1 0.27830750893921335 0.6705357142857142 0.05125148986889153 0.07678571428571428
1 0.14898688915375446 0.7401785714285714 0.054827175208581644 0.1125
1 0.3557806912991657 0.7517857142857143 0.08224076281287246 0.12857142857142856
1 0.40584028605482714 0.6366071428571428 0.04648390941597139 0.08035714285714285
1 0.4719904648390941 0.6517857142857143 0.05959475566150178 0.08214285714285714
1 0.45530393325387364 0.5044642857142857 0.03814064362336114 0.06964285714285715
1 0.5715137067938021 0.6589285714285714 0.05125148986889153 0.08571428571428572
1 0.5768772348033373 0.8026785714285714 0.1168057210965435 0.1875
1 0.3980929678188319 0.9053571428571429 0.14779499404052443 0.1357142857142857
1 0.6406436233611442 0.7089285714285714 0.07270560190703218 0.11785714285714285
1 0.5882002383790226 0.6285714285714286 0.03933253873659118 0.06428571428571428
1 0.6585220500595947 0.6151785714285715 0.04886769964243146 0.08035714285714285
1 0.7187127532777116 0.6241071428571429 0.0500595947556615 0.08035714285714285
1 0.767580452920143 0.6803571428571429 0.06436233611442192 0.09642857142857142
1 0.7556615017878426 0.6133928571428571 0.033373063170441 0.05178571428571428
1 0.7949940405244338 0.6124999999999999 0.04290822407628128 0.07142857142857142
1 0.8122765196662693 0.5642857142857143 0.03694874851013111 0.05357142857142857
1 0.9094159713945172 0.5848214285714286 0.03814064362336114 0.0625
1 0.9237187127532777 0.6419642857142857 0.03814064362336114 0.07678571428571428
1 0.9582836710369487 0.6276785714285714 0.04767580452920143 0.14107142857142857
