1 0.0155 0.43851351351351353 0.027 0.09864864864864865
1 0.042 0.4087837837837838 0.042 0.07432432432432433
1 0.034 0.37770270270270273 0.03 0.05
1 0.053 0.3689189189189189 0.026000000000000002 0.04864864864864865
1 0.0665 0.3932432432432433 0.023 0.04054054054054054
1 0.11750000000000001 0.3945945945945946 0.027 0.04864864864864865
1 0.1275 0.41081081081081083 0.025 0.043243243243243246
1 0.258 0.422972972972973 0.046 0.05405405405405406
1 0.289 0.4087837837837838 0.03 0.05
1 0.271 0.3871621621621622 0.024 0.033783783783783786
1 0.3385 0.4310810810810811 0.041 0.06486486486486487
1 0.4505 0.4891891891891892 0.065 0.10540540540540541
1 0.4245 0.4114864864864865 0.019 0.03648648648648649
1 0.45 0.41959459459459464 0.024 0.02837837837837838
1 0.4805 0.42702702702702705 0.027 0.043243243243243246
1 0.4935 0.4033783783783784 0.015 0.025675675675675677
1 0.517 0.4331081081081081 0.028 0.05
1 0.5115000000000001 0.4027027027027027 0.019 0.02972972972972973
1 0.5525 0.4405405405405406 0.027 0.04054054054054054
1 0.5605 0.41621621621621624 0.017 0.032432432432432434
1 0.598 0.4614864864864865 0.032 0.05
1 0.602 0.4277027027027027 0.024 0.033783783783783786
1 0.6535 0.45 0.023 0.043243243243243246
1 0.6905 0.4817567567567568 0.033 0.052702702702702706
1 0.6940000000000001 0.4486486486486487 0.028 0.03783783783783784
1 0.737 0.48243243243243245 0.04 0.05405405405405406
1 0.7475 0.4628378378378379 0.031 0.05
1 0.859 0.5060810810810811 0.05 0.07162162162162163
1 0.8485 0.47500000000000003 0.039 0.060810810810810814
1 0.934 0.497972972972973 0.038 0.060810810810810814
1 0.9735 0.520945945945946 0.049 0.09324324324324325
