1 0.2583333333333333 0.75625 0.19791666666666666 0.24583333333333335
1 0.5432291666666667 0.5993055555555555 0.103125 0.1375
1 0.621875 0.5305555555555556 0.07708333333333334 0.10833333333333334
1 0.7036458333333333 0.46458333333333335 0.059375 0.09861111111111112
1 0.73125 0.4138888888888889 0.052083333333333336 0.08055555555555556
1 0.7958333333333333 0.4083333333333333 0.04583333333333333 0.07222222222222223
1 0.8296875 0.38125000000000003 0.042708333333333334 0.059722222222222225
1 0.5729166666666666 0.2923611111111111 0.03333333333333333 0.04583333333333334
1 0.559375 0.3923611111111111 0.035416666666666666 0.05416666666666667
1 0.5119791666666667 0.4138888888888889 0.046875 0.05277777777777778
1 0.3640625 0.44236111111111115 0.05520833333333333 0.06805555555555556
1 0.2989583333333333 0.42430555555555555 0.0375 0.04583333333333334
1 0.21979166666666666 0.5069444444444444 0.05416666666666667 0.08055555555555556
1 0.1578125 0.48125 0.06770833333333333 0.09305555555555556
1 0.17552083333333332 0.4215277777777778 0.042708333333333334 0.059722222222222225
1 0.22395833333333334 0.42083333333333334 0.03125 0.04166666666666667
1 0.12343749999999999 0.44027777777777777 0.03854166666666667 0.05277777777777778
1 0.058854166666666666 0.43194444444444446 0.04479166666666667 0.05277777777777778
1 0.022395833333333334 0.4673611111111111 0.042708333333333334 0.08194444444444444
1 0.014583333333333334 0.5493055555555556 0.027083333333333334 0.10972222222222222
