1 0.17833333333333334 0.21804511278195488 0.06666666666666667 0.10025062656641603
1 0.4708333333333334 0.38095238095238093 0.03166666666666667 0.05012531328320802
1 0.49583333333333335 0.37969924812030076 0.035 0.05764411027568922
1 0.5266666666666667 0.41353383458646614 0.04 0.06516290726817042
1 0.56 0.45864661654135336 0.04 0.07518796992481203
1 0.6133333333333334 0.48746867167919794 0.05333333333333334 0.08270676691729323
1 0.6691666666666667 0.5463659147869674 0.06166666666666667 0.09523809523809523
1 0.6208333333333333 0.35964912280701755 0.028333333333333335 0.047619047619047616
1 0.6733333333333333 0.36466165413533835 0.030000000000000002 0.05263157894736842
1 0.6916666666666668 0.40100250626566414 0.02666666666666667 0.06516290726817042
1 0.7150000000000001 0.40852130325814534 0.04 0.07518796992481203
1 0.7266666666666667 0.3383458646616541 0.02666666666666667 0.045112781954887216
1 0.76 0.35463659147869675 0.030000000000000002 0.06265664160401002
1 0.8116666666666668 0.45614035087719296 0.05 0.07518796992481203
1 0.8275 0.644110275689223 0.09166666666666667 0.14035087719298245
1 0.8866666666666667 0.5350877192982456 0.060000000000000005 0.10275689223057644
1 0.8516666666666667 0.3771929824561403 0.04 0.06265664160401002
1 0.9191666666666667 0.4072681704260651 0.04166666666666667 0.06265664160401002
1 0.9825 0.4323308270676691 0.03166666666666667 0.07268170426065163
1 0.9833333333333334 0.37092731829573933 0.03333333333333333 0.05513784461152882
