1 0.10738168724279837 0.9104938271604938 0.194701646090535 0.17901234567901234
1 0.235082304526749 0.8485725308641975 0.13837448559670784 0.24729938271604937
1 0.3990483539094651 0.7046682098765432 0.09799382716049383 0.2056327160493827
1 0.49498456790123463 0.6734182098765432 0.07587448559670783 0.1385030864197531
1 0.5655864197530864 0.6234567901234568 0.06121399176954733 0.12191358024691357
1 0.6256430041152264 0.5378086419753086 0.048096707818930044 0.08256172839506172
1 0.8560956790123457 0.3777006172839506 0.07793209876543211 0.125
1 0.707690329218107 0.5368441358024691 0.030092592592592594 0.05516975308641975
1 0.7563014403292182 0.4888117283950617 0.017232510288065845 0.04089506172839506
1 0.6340020576131687 0.48514660493827155 0.02314814814814815 0.03973765432098765
1 0.6468621399176955 0.4743441358024691 0.01954732510288066 0.03665123456790123
1 0.6579218106995885 0.4612268518518518 0.02366255144032922 0.03356481481481481
1 0.6131687242798355 0.4872685185185185 0.02160493827160494 0.041666666666666664
1 0.5902777777777778 0.49517746913580246 0.0257201646090535 0.04899691358024691
1 0.56005658436214 0.5169753086419753 0.030606995884773665 0.05941358024691358
1 0.5133744855967078 0.5623070987654321 0.05298353909465021 0.09375
1 0.4441872427983539 0.5383873456790124 0.04372427983539095 0.08757716049382716
1 0.3722993827160494 0.5466820987654321 0.052726337448559674 0.08950617283950617
1 0.2620884773662552 0.5852623456790124 0.059156378600823054 0.09182098765432098
1 0.14248971193415638 0.6516203703703703 0.0771604938271605 0.12191358024691357
1 0.1685956790123457 0.578125 0.0609567901234568 0.10841049382716049
1 0.4578189300411523 0.47627314814814814 0.02777777777777778 0.06134259259259259
1 0.48315329218107 0.48263888888888884 0.017232510288065845 0.03626543209876543
1 0.5171039094650206 0.4847608024691358 0.022890946502057617 0.04050925925925926
1 0.5370370370370371 0.46701388888888884 0.02211934156378601 0.04050925925925926
1 0.5599279835390947 0.4560185185185185 0.02211934156378601 0.041666666666666664
1 0.5874485596707819 0.44502314814814814 0.02006172839506173 0.03665123456790123
1 0.5032150205761318 0.45023148148148145 0.018775720164609055 0.032407407407407406
1 0.4094650205761317 0.4571759259259259 0.02417695473251029 0.041666666666666664
1 0.43865740740740744 0.43036265432098764 0.016203703703703706 0.02816358024691358
1 0.380272633744856 0.4564043209876543 0.021347736625514407 0.0470679012345679
1 0.33616255144032925 0.46161265432098764 0.02211934156378601 0.04282407407407407
1 0.2943672839506173 0.44502314814814814 0.024948559670781894 0.04513888888888889
1 0.277391975308642 0.5108024691358024 0.04089506172839506 0.06172839506172839
1 0.31430041152263377 0.4268904320987654 0.02006172839506173 0.03973765432098765
1 0.2204218106995885 0.5086805555555556 0.04938271604938272 0.0783179012345679
1 0.12770061728395063 0.5378086419753086 0.04449588477366256 0.07175925925925926
1 0.1396604938271605 0.4722222222222222 0.04526748971193416 0.06172839506172839
1 0.05774176954732511 0.46952160493827155 0.048096707818930044 0.07484567901234568
1 0.021476337448559674 0.5362654320987654 0.03832304526748972 0.10648148148148148
1 0.06674382716049383 0.4029706790123457 0.022890946502057617 0.04591049382716049
1 0.04719650205761317 0.3726851851851852 0.014660493827160495 0.02700617283950617
1 0.018132716049382717 0.363233024691358 0.017232510288065845 0.02507716049382716
1 0.08616255144032922 0.3804012345679012 0.01594650205761317 0.026234567901234566
1 0.10879629629629631 0.4012345679012346 0.01954732510288066 0.034722222222222224
1 0.1293724279835391 0.3829089506172839 0.01594650205761317 0.02507716049382716
1 0.15329218106995887 0.3813657407407407 0.01388888888888889 0.025848765432098762
1 0.14776234567901236 0.4089506172839506 0.019290123456790126 0.035493827160493825
1 0.163451646090535 0.37307098765432095 0.014660493827160495 0.023919753086419752
1 0.1926440329218107 0.3883101851851852 0.02006172839506173 0.03356481481481481
1 0.23083847736625515 0.4012345679012346 0.018775720164609055 0.032407407407407406
1 0.25372942386831276 0.4122299382716049 0.017232510288065845 0.03125
1 0.2200360082304527 0.39969135802469136 0.015174897119341566 0.018518518518518517
