1 0.0575 0.7833333333333334 0.1125 0.16333333333333333
1 0.03125 0.6125 0.06 0.11166666666666668
1 0.094375 0.6366666666666667 0.08625000000000001 0.11666666666666667
1 0.045 0.49750000000000005 0.0425 0.05166666666666667
1 0.083125 0.49500000000000005 0.03625 0.05666666666666667
1 0.11 0.48583333333333334 0.0275 0.045000000000000005
1 0.140625 0.48833333333333334 0.03875 0.05333333333333334
1 0.1125 0.4591666666666667 0.0275 0.03833333333333334
1 0.089375 0.4316666666666667 0.02125 0.030000000000000002
1 0.073125 0.4416666666666667 0.02375 0.03666666666666667
1 0.058750000000000004 0.45333333333333337 0.025 0.03333333333333333
1 0.03375 0.4525 0.025 0.028333333333333335
1 0.03 0.4166666666666667 0.015 0.023333333333333334
1 0.0475 0.4216666666666667 0.0175 0.023333333333333334
1 0.114375 0.4266666666666667 0.02125 0.02666666666666667
1 0.128125 0.4033333333333334 0.01625 0.02666666666666667
1 0.145 0.40750000000000003 0.0175 0.028333333333333335
1 0.160625 0.4033333333333334 0.01875 0.02666666666666667
1 0.155625 0.44333333333333336 0.02625 0.04
1 0.185 0.44083333333333335 0.025 0.035
1 0.18625 0.4008333333333334 0.015 0.025
1 0.2125 0.4116666666666667 0.015 0.02
1 0.238125 0.43250000000000005 0.02375 0.035
1 0.24125 0.4116666666666667 0.0125 0.02
1 0.24125 0.3975 0.0175 0.021666666666666667
1 0.259375 0.39583333333333337 0.01625 0.021666666666666667
1 0.2775 0.4266666666666667 0.0225 0.03666666666666667
1 0.288125 0.4116666666666667 0.01875 0.030000000000000002
1 0.2525 0.4733333333333334 0.0275 0.04
1 0.2125 0.5275000000000001 0.055 0.07166666666666667
1 0.245 0.5791666666666667 0.06 0.07166666666666667
1 0.31 0.6983333333333334 0.095 0.13
1 0.33 0.5066666666666667 0.0425 0.05
1 0.30875 0.49083333333333334 0.03 0.05166666666666667
1 0.316875 0.4575 0.02625 0.03833333333333334
1 0.27375 0.4741666666666667 0.03 0.045000000000000005
1 0.336875 0.4575 0.02125 0.03166666666666667
1 0.316875 0.42750000000000005 0.02125 0.025
1 0.28750000000000003 0.39083333333333337 0.0125 0.015000000000000001
1 0.3025 0.4 0.015 0.023333333333333334
1 0.32125 0.39333333333333337 0.015 0.02
1 0.34375 0.41000000000000003 0.02 0.02666666666666667
1 0.36375 0.39333333333333337 0.0175 0.023333333333333334
1 0.388125 0.3916666666666667 0.01375 0.023333333333333334
1 0.39 0.43000000000000005 0.0275 0.03666666666666667
1 0.374375 0.5141666666666667 0.043750000000000004 0.065
1 0.40875 0.4966666666666667 0.04 0.060000000000000005
1 0.434375 0.4391666666666667 0.02875 0.03833333333333334
1 0.41875 0.43333333333333335 0.0175 0.03333333333333333
1 0.401875 0.4108333333333334 0.01875 0.025
1 0.411875 0.4 0.01625 0.02666666666666667
1 0.42562500000000003 0.4066666666666667 0.01625 0.02666666666666667
1 0.441875 0.4008333333333334 0.01875 0.025
1 0.44875 0.38083333333333336 0.015 0.021666666666666667
1 0.455625 0.4191666666666667 0.01875 0.035
1 0.48 0.4316666666666667 0.025 0.04
1 0.471875 0.4033333333333334 0.01625 0.02666666666666667
1 0.469375 0.3866666666666667 0.01875 0.02666666666666667
1 0.465625 0.4691666666666667 0.03375 0.055
1 0.435625 0.5883333333333334 0.06625 0.10333333333333335
1 0.47875 0.6966666666666667 0.0925 0.17
1 0.508125 0.47250000000000003 0.04125 0.055
1 0.47250000000000003 0.5533333333333333 0.04 0.06666666666666667
1 0.51375 0.5375000000000001 0.05 0.065
1 0.51625 0.6025 0.06 0.07833333333333334
1 0.56875 0.5333333333333333 0.065 0.07666666666666667
1 0.506875 0.42833333333333334 0.02125 0.03333333333333333
1 0.51625 0.38333333333333336 0.015 0.02666666666666667
1 0.52 0.39916666666666667 0.015 0.021666666666666667
1 0.53125 0.4008333333333334 0.015 0.025
1 0.53625 0.41833333333333333 0.0175 0.02666666666666667
1 0.555625 0.4266666666666667 0.02625 0.043333333333333335
1 0.55375 0.38333333333333336 0.0175 0.02666666666666667
1 0.59875 0.4241666666666667 0.02 0.028333333333333335
1 0.593125 0.405 0.01375 0.02
1 0.603125 0.4 0.01625 0.02666666666666667
1 0.6175 0.4058333333333334 0.0175 0.028333333333333335
1 0.64875 0.4133333333333334 0.025 0.03666666666666667
1 0.634375 0.5158333333333334 0.043750000000000004 0.07833333333333334
1 0.64375 0.6183333333333334 0.0675 0.11666666666666667
1 0.68875 0.5341666666666667 0.05 0.07500000000000001
1 0.665625 0.48500000000000004 0.03375 0.060000000000000005
1 0.70625 0.4733333333333334 0.03 0.05
1 0.68875 0.44333333333333336 0.025 0.043333333333333335
1 0.52375 0.45 0.03 0.03666666666666667
1 0.70625 0.4116666666666667 0.0225 0.030000000000000002
1 0.699375 0.39 0.01875 0.03333333333333333
1 0.7125 0.39 0.015 0.023333333333333334
1 0.72375 0.3766666666666667 0.0175 0.030000000000000002
1 0.7312500000000001 0.3875 0.02 0.028333333333333335
1 0.734375 0.43500000000000005 0.02875 0.043333333333333335
1 0.745 0.4216666666666667 0.0275 0.04
1 0.76875 0.405 0.0175 0.04
1 0.79125 0.40166666666666667 0.02 0.03666666666666667
1 0.803125 0.44083333333333335 0.03375 0.04833333333333334
1 0.84 0.3983333333333334 0.025 0.03333333333333333
1 0.843125 0.47250000000000003 0.03875 0.065
1 0.811875 0.5108333333333334 0.04875 0.07500000000000001
1 0.7625000000000001 0.6341666666666667 0.0775 0.11166666666666668
1 0.73625 0.7825000000000001 0.1225 0.16166666666666668
1 0.9237500000000001 0.5850000000000001 0.0625 0.1
1 0.931875 0.515 0.04875 0.07
1 0.895625 0.46416666666666667 0.03375 0.055
1 0.87875 0.43583333333333335 0.025 0.03833333333333334
1 0.87125 0.40750000000000003 0.02 0.03166666666666667
1 0.865625 0.385 0.01625 0.030000000000000002
1 0.836875 0.3716666666666667 0.01875 0.030000000000000002
1 0.885625 0.3816666666666667 0.01625 0.02666666666666667
1 0.89125 0.4025 0.0225 0.035
1 0.935625 0.41833333333333333 0.02875 0.04
1 0.935 0.4541666666666667 0.0275 0.04166666666666667
1 0.935625 0.39583333333333337 0.02625 0.03166666666666667
1 0.964375 0.42083333333333334 0.02875 0.04166666666666667
1 0.9912500000000001 0.4341666666666667 0.0175 0.03833333333333334
1 0.980625 0.375 0.02125 0.03333333333333333
