1 0.38681204569055033 0.4121996303142329 0.04465212876427829 0.09242144177449169
1 0.27102803738317754 0.22181146025878004 0.016614745586708203 0.033271719038817
1 0.29439252336448596 0.21626617375231053 0.017653167185877467 0.033271719038817
1 0.3265835929387331 0.2097966728280961 0.01557632398753894 0.031423290203327174
1 0.3442367601246106 0.16728280961182995 0.01142263759086189 0.027726432532347505
1 0.34890965732087226 0.2088724584103512 0.016614745586708203 0.029574861367837338
1 0.3670820353063344 0.2024029574861368 0.013499480789200415 0.027726432532347505
1 0.37175493250259606 0.22181146025878004 0.018691588785046728 0.03696857670979667
1 0.3857736240913811 0.24306839186691312 0.01973001038421599 0.04251386321626617
1 0.3888888888888889 0.2033271719038817 0.017653167185877467 0.029574861367837338
1 0.37902388369678086 0.16358595194085027 0.012461059190031152 0.024029574861367836
1 0.40965732087227413 0.15896487985212568 0.013499480789200415 0.025878003696857672
1 0.4158878504672897 0.17929759704251386 0.013499480789200415 0.029574861367837338
1 0.4184839044652129 0.15157116451016636 0.010384215991692626 0.018484288354898334
1 0.4418483904465213 0.1423290203327172 0.013499480789200415 0.025878003696857672
1 0.4371754932502596 0.19408502772643252 0.016614745586708203 0.033271719038817
1 0.46417445482866043 0.19500924214417745 0.018691588785046728 0.038817005545286505
1 0.44132917964693663 0.17744916820702403 0.012461059190031152 0.025878003696857672
1 0.440809968847352 0.2365988909426987 0.017653167185877467 0.03696857670979667
1 0.48130841121495327 0.12846580406654343 0.01142263759086189 0.024029574861367836
1 0.48494288681204567 0.14048059149722736 0.014537902388369679 0.025878003696857672
1 0.49013499480789197 0.17190388170055454 0.014537902388369679 0.029574861367837338
1 0.49636552440290754 0.12014787430683918 0.010384215991692626 0.022181146025878003
1 0.5109034267912772 0.14417744916820702 0.012461059190031152 0.025878003696857672
1 0.5218068535825545 0.17190388170055454 0.013499480789200415 0.029574861367837338
1 0.5399792315680166 0.15711645101663585 0.014537902388369679 0.029574861367837338
1 0.5482866043613707 0.1266173752310536 0.012461059190031152 0.031423290203327174
1 0.5706126687435098 0.12846580406654343 0.013499480789200415 0.024029574861367836
1 0.5529595015576324 0.17837338262476896 0.017653167185877467 0.031423290203327174
1 0.5181723779854621 0.12846580406654343 0.010384215991692626 0.0166358595194085
1 0.5856697819314641 0.15896487985212568 0.016614745586708203 0.033271719038817
1 0.5981308411214953 0.1487985212569316 0.012461059190031152 0.027726432532347505
1 0.618380062305296 0.133086876155268 0.01557632398753894 0.025878003696857672
1 0.5986500519210799 0.13123844731977818 0.01142263759086189 0.022181146025878003
1 0.5939771547248183 0.11460258780036968 0.010384215991692626 0.014787430683918669
1 0.6292834890965732 0.10905730129390018 0.010384215991692626 0.018484288354898334
1 0.6370716510903427 0.10905730129390018 0.01142263759086189 0.025878003696857672
1 0.6464174454828661 0.10628465804066543 0.01142263759086189 0.027726432532347505
1 0.6526479750778816 0.13863216266173753 0.013499480789200415 0.029574861367837338
1 0.6412253374870197 0.15064695009242143 0.01142263759086189 0.027726432532347505
1 0.5924195223260643 0.2208872458410351 0.017653167185877467 0.03512014787430684
1 0.5955347871235721 0.21072088724584104 0.01973001038421599 0.025878003696857672
1 0.6365524402907581 0.24491682070240295 0.018691588785046728 0.03512014787430684
1 0.652128764278297 0.23844731977818853 0.018691588785046728 0.029574861367837338
1 0.661993769470405 0.17282809611829944 0.01557632398753894 0.031423290203327174
1 0.6853582554517134 0.10258780036968576 0.010384215991692626 0.02033271719038817
1 0.6900311526479751 0.11922365988909427 0.01557632398753894 0.027726432532347505
1 0.7097611630321911 0.10720887245841035 0.013499480789200415 0.029574861367837338
1 0.7004153686396677 0.1756007393715342 0.01557632398753894 0.033271719038817
1 0.7170301142263759 0.17744916820702403 0.01557632398753894 0.029574861367837338
1 0.7341640706126688 0.14140480591497226 0.012461059190031152 0.027726432532347505
1 0.7440290758047767 0.15711645101663585 0.013499480789200415 0.033271719038817
1 0.7538940809968847 0.1922365988909427 0.014537902388369679 0.033271719038817
1 0.735202492211838 0.23105360443622922 0.018691588785046728 0.04066543438077634
1 0.6921079958463136 0.25046210720887246 0.01973001038421599 0.04251386321626617
1 0.6962616822429907 0.30591497227356745 0.028037383177570093 0.05730129390018484
1 0.764797507788162 0.3419593345656192 0.028037383177570093 0.059149722735674676
1 0.7990654205607476 0.28373382624768945 0.02388369678089304 0.04621072088724584
1 0.8307372793354102 0.24399260628465805 0.018691588785046728 0.04436229205175601
1 0.7736240913811007 0.24306839186691312 0.02284527518172378 0.038817005545286505
1 0.8021806853582554 0.19963031423290203 0.01557632398753894 0.03696857670979667
1 0.7933541017653167 0.16173752310536044 0.010384215991692626 0.024029574861367836
1 0.7819314641744548 0.1210720887245841 0.010384215991692626 0.027726432532347505
1 0.8089304257528557 0.1321626617375231 0.010384215991692626 0.024029574861367836
1 0.8229491173416407 0.1321626617375231 0.009345794392523364 0.024029574861367836
1 0.8400830737279336 0.14972273567467653 0.012461059190031152 0.025878003696857672
1 0.8333333333333333 0.16635859519408502 0.01142263759086189 0.029574861367837338
1 0.8203530633437175 0.1987060998151571 0.014537902388369679 0.027726432532347505
1 0.842159916926272 0.21534195933456562 0.016614745586708203 0.04251386321626617
1 0.8561786085150571 0.21164510166358594 0.01557632398753894 0.03512014787430684
1 0.8727933541017653 0.17837338262476896 0.013499480789200415 0.031423290203327174
1 0.8779854620976116 0.1598890942698706 0.01142263759086189 0.031423290203327174
1 0.8566978193146417 0.14695009242144177 0.010384215991692626 0.027726432532347505
1 0.9106957424714434 0.14417744916820702 0.012461059190031152 0.025878003696857672
1 0.9101765316718587 0.1645101663585952 0.01142263759086189 0.025878003696857672
1 0.9023883696780893 0.18022181146025879 0.012461059190031152 0.031423290203327174
1 0.9044652128764278 0.21256931608133087 0.014537902388369679 0.029574861367837338
1 0.8977154724818276 0.22735674676524953 0.017653167185877467 0.04436229205175601
1 0.9460020768431983 0.17467652495378927 0.010384215991692626 0.02033271719038817
1 0.9579439252336448 0.17744916820702403 0.01142263759086189 0.018484288354898334
1 0.9335410176531671 0.20055452865064693 0.012461059190031152 0.027726432532347505
1 0.9293873312564901 0.24029574861367836 0.016614745586708203 0.033271719038817
1 0.9132917964693665 0.3512014787430684 0.02388369678089304 0.059149722735674676
