1 0.18876080691642652 0.2662866449511401 0.024015369836695485 0.04071661237785017
1 0.05571565802113353 0.3184039087947883 0.019212295869356386 0.03420195439739414
1 0.41882804995196926 0.19462540716612378 0.021133525456292025 0.030944625407166124
1 0.510566762728146 0.15228013029315962 0.01633045148895293 0.030944625407166124
1 0.5931796349663785 0.13436482084690554 0.01440922190201729 0.030944625407166124
1 0.49615754082612873 0.18811074918566775 0.01825168107588857 0.027687296416938113
1 0.5196926032660902 0.18648208469055375 0.021133525456292025 0.03745928338762215
1 0.47454370797310275 0.22801302931596093 0.023054755043227664 0.042345276872964174
1 0.44428434197886646 0.25651465798045603 0.027857829010566763 0.04723127035830619
1 0.5086455331412104 0.28501628664495116 0.025936599423631124 0.04560260586319218
1 0.6589817483189241 0.24022801302931598 0.023054755043227664 0.05374592833876222
1 0.7252641690682037 0.18648208469055375 0.024975984630163303 0.04071661237785017
