1 0.07166666666666667 0.79625 0.1 0.1625
1 0.09000000000000001 0.735 0.08 0.135
1 0.19166666666666668 0.8625 0.10333333333333335 0.165
1 0.3591666666666667 0.71 0.07833333333333334 0.115
1 0.4841666666666667 0.89 0.19833333333333333 0.22
1 0.5633333333333334 0.7975 0.11666666666666667 0.17
1 0.6558333333333334 0.80625 0.12166666666666667 0.1825
1 0.6950000000000001 0.72375 0.06333333333333334 0.1075
1 0.7575000000000001 0.7987500000000001 0.10500000000000001 0.1375
1 0.81 0.77625 0.06666666666666667 0.1325
1 0.7558333333333334 0.68625 0.07500000000000001 0.11750000000000001
1 0.7225 0.46875 0.085 0.1325
1 0.8725 0.7325 0.08166666666666667 0.15
1 0.9316666666666668 0.725 0.07333333333333333 0.14
1 0.9808333333333334 0.725 0.03833333333333334 0.135
