1 0.10472154963680388 0.35990338164251207 0.11016949152542374 0.15942028985507245
1 0.13559322033898305 0.2898550724637681 0.06537530266343826 0.10305958132045089
1 0.08837772397094432 0.2536231884057971 0.06053268765133172 0.09178743961352658
1 0.2754237288135593 0.30193236714975846 0.06174334140435836 0.10466988727858292
1 0.2566585956416465 0.26247987117552335 0.05084745762711865 0.07407407407407407
1 0.3450363196125908 0.3494363929146538 0.09443099273607748 0.15780998389694043
1 0.39769975786924944 0.3075684380032206 0.06658595641646489 0.11916264090177134
1 0.3710653753026635 0.24557165861513688 0.05447941888619855 0.0821256038647343
1 0.488498789346247 0.2785829307568438 0.05690072639225182 0.08695652173913043
1 0.5780871670702179 0.31239935587761675 0.09322033898305085 0.1642512077294686
1 0.5635593220338984 0.2318840579710145 0.044794188861985475 0.061191626409017714
1 0.687046004842615 0.2463768115942029 0.049636803874092014 0.0644122383252818
1 0.7209443099273608 0.2584541062801932 0.05205811138014528 0.10144927536231885
1 0.7929782082324456 0.25442834138486314 0.04358353510895884 0.07085346215780998
1 0.864406779661017 0.36312399355877617 0.12106537530266344 0.1819645732689211
1 0.8468523002421308 0.26811594202898553 0.05447941888619855 0.07890499194847021
1 0.9285714285714286 0.2431561996779388 0.05569007263922519 0.09017713365539452
