1 0.05993340732519423 0.35875 0.05771365149833518 0.04416666666666667
1 0.12763596004439512 0.34708333333333335 0.048834628190899 0.03916666666666667
1 0.22197558268590456 0.3329166666666667 0.042175360710321866 0.030833333333333334
1 0.23362930077691454 0.43833333333333335 0.11431742508324085 0.085
1 0.28135405105438405 0.395 0.08102108768035517 0.06333333333333334
1 0.3379578246392897 0.3479166666666667 0.06326304106548279 0.04416666666666667
1 0.39844617092119866 0.32666666666666666 0.0532741398446171 0.035
1 0.7508324084350722 0.4345833333333334 0.09211986681465038 0.07416666666666667
1 0.6664816870144284 0.38 0.06770255271920089 0.060000000000000005
1 0.6470588235294118 0.3566666666666667 0.051054384017758046 0.03666666666666667
1 0.5960044395116537 0.33958333333333335 0.048834628190899 0.04083333333333333
1 0.8140954495005549 0.33083333333333337 0.04550499445061043 0.03333333333333333
1 0.8423973362930078 0.33708333333333335 0.051054384017758046 0.037500000000000006
1 0.9306326304106548 0.36500000000000005 0.07214206437291898 0.045000000000000005
