1 0.441 0.7165948275862069 0.194 0.23491379310344826
1 0.484 0.5495689655172413 0.136 0.14655172413793102
1 0.527 0.43426724137931033 0.08600000000000001 0.10560344827586207
1 0.492 0.3760775862068965 0.056 0.0625
1 0.403 0.41487068965517243 0.066 0.07974137931034482
1 0.295 0.4396551724137931 0.098 0.10344827586206896
1 0.276 0.3706896551724138 0.056 0.06896551724137931
1 0.185 0.42995689655172414 0.082 0.08405172413793104
1 0.202 0.36961206896551724 0.052000000000000005 0.0668103448275862
1 0.129 0.5862068965517241 0.146 0.16810344827586207
1 0.063 0.49676724137931033 0.10200000000000001 0.07974137931034482
1 0.096 0.4170258620689655 0.07200000000000001 0.08836206896551724
1 0.073 0.3620689655172414 0.062 0.07327586206896551
1 0.6980000000000001 0.4870689655172414 0.116 0.125
1 0.68 0.3890086206896552 0.064 0.07543103448275862
1 0.634 0.3599137931034483 0.048 0.06465517241379311
1 0.74 0.38254310344827586 0.056 0.0668103448275862
1 0.805 0.3954741379310345 0.054 0.07974137931034482
1 0.794 0.3426724137931034 0.04 0.04310344827586207
1 0.8160000000000001 0.6056034482758621 0.148 0.1853448275862069
1 0.916 0.4331896551724138 0.07200000000000001 0.09482758620689655
1 0.928 0.3857758620689655 0.048 0.06034482758620689
1 0.91 0.3415948275862069 0.036000000000000004 0.04525862068965517
1 0.934 0.33512931034482757 0.04 0.05387931034482758
1 0.974 0.34375 0.036000000000000004 0.05387931034482758
