1 0.04666666666666667 0.41100000000000003 0.035555555555555556 0.062
1 0.10944444444444444 0.364 0.027777777777777776 0.06
1 0.10055555555555555 0.442 0.03 0.064
1 0.12777777777777777 0.449 0.03111111111111111 0.058
1 0.17222222222222222 0.461 0.03111111111111111 0.062
1 0.2061111111111111 0.461 0.027777777777777776 0.058
1 0.18444444444444444 0.434 0.024444444444444446 0.052000000000000005
1 0.16055555555555556 0.375 0.021111111111111112 0.05
1 0.18611111111111112 0.386 0.023333333333333334 0.048
1 0.21666666666666667 0.401 0.024444444444444446 0.05
1 0.2238888888888889 0.35100000000000003 0.021111111111111112 0.042
1 0.2477777777777778 0.371 0.022222222222222223 0.046
1 0.255 0.458 0.025555555555555557 0.056
1 0.2733333333333333 0.376 0.026666666666666665 0.056
1 0.2872222222222222 0.338 0.025555555555555557 0.048
1 0.2927777777777778 0.43 0.03222222222222222 0.056
1 0.31444444444444447 0.393 0.026666666666666665 0.05
1 0.3233333333333333 0.368 0.024444444444444446 0.052000000000000005
1 0.34055555555555556 0.427 0.03 0.062
1 0.36444444444444446 0.388 0.028888888888888888 0.052000000000000005
1 0.3466666666666667 0.367 0.02 0.054
1 0.3761111111111111 0.368 0.016666666666666666 0.048
1 0.395 0.419 0.023333333333333334 0.054
1 0.3933333333333333 0.359 0.024444444444444446 0.05
1 0.43 0.354 0.022222222222222223 0.052000000000000005
1 0.4216666666666667 0.422 0.027777777777777776 0.064
1 0.4033333333333333 0.54 0.024444444444444446 0.064
1 0.4661111111111111 0.522 0.03222222222222222 0.06
1 0.5233333333333333 0.524 0.026666666666666665 0.06
1 0.5694444444444444 0.55 0.025555555555555557 0.052000000000000005
1 0.6011111111111112 0.545 0.03111111111111111 0.054
1 0.5261111111111111 0.439 0.023333333333333334 0.054
1 0.49666666666666665 0.418 0.03111111111111111 0.06
1 0.4777777777777778 0.381 0.022222222222222223 0.046
1 0.4533333333333333 0.41600000000000004 0.022222222222222223 0.052000000000000005
1 0.46055555555555555 0.353 0.025555555555555557 0.05
1 0.515 0.371 0.021111111111111112 0.046
1 0.535 0.373 0.027777777777777776 0.05
1 0.5644444444444444 0.441 0.024444444444444446 0.054
1 0.5633333333333334 0.36 0.022222222222222223 0.048
1 0.5855555555555556 0.376 0.02 0.056
1 0.6022222222222222 0.418 0.026666666666666665 0.06
1 0.6072222222222222 0.354 0.01888888888888889 0.048
1 0.6494444444444445 0.523 0.03 0.07
1 0.6444444444444445 0.418 0.028888888888888888 0.06
1 0.6261111111111111 0.381 0.01888888888888889 0.054
1 0.6605555555555556 0.36 0.021111111111111112 0.052000000000000005
1 0.6816666666666666 0.38 0.025555555555555557 0.06
1 0.6961111111111111 0.462 0.027777777777777776 0.052000000000000005
1 0.7111111111111111 0.41000000000000003 0.03111111111111111 0.048
1 0.7011111111111111 0.34600000000000003 0.02 0.044
1 0.7216666666666667 0.366 0.021111111111111112 0.048
1 0.7366666666666667 0.394 0.024444444444444446 0.052000000000000005
1 0.7288888888888889 0.452 0.026666666666666665 0.06
1 0.7444444444444445 0.509 0.028888888888888888 0.074
1 0.7122222222222222 0.647 0.03111111111111111 0.078
1 0.7472222222222222 0.354 0.01888888888888889 0.04
1 0.7583333333333333 0.378 0.023333333333333334 0.048
1 0.7588888888888888 0.441 0.026666666666666665 0.058
1 0.7888888888888889 0.5 0.028888888888888888 0.068
1 0.7833333333333333 0.39 0.02 0.052000000000000005
1 0.8105555555555556 0.394 0.023333333333333334 0.056
1 0.8288888888888889 0.385 0.026666666666666665 0.054
1 0.8144444444444444 0.37 0.022222222222222223 0.04
1 0.8527777777777777 0.4 0.023333333333333334 0.06
1 0.83 0.446 0.028888888888888888 0.06
1 0.8238888888888889 0.522 0.027777777777777776 0.068
1 0.8672222222222222 0.54 0.03222222222222222 0.064
1 0.8927777777777778 0.44 0.03222222222222222 0.064
1 0.88 0.373 0.024444444444444446 0.054
1 0.9105555555555556 0.4 0.027777777777777776 0.056
1 0.9394444444444444 0.438 0.034444444444444444 0.07200000000000001
