1 0.05333333333333334 0.610625 0.07166666666666667 0.10125
1 0.10916666666666668 0.610625 0.08333333333333334 0.13625
1 0.18375000000000002 0.6125 0.050833333333333335 0.1
1 0.2341666666666667 0.635625 0.045000000000000005 0.07625
1 0.30250000000000005 0.596875 0.08 0.12125
1 0.35375 0.578125 0.052500000000000005 0.09625
1 0.405 0.5925 0.05333333333333334 0.09
1 0.4479166666666667 0.606875 0.0625 0.10375000000000001
1 0.5075000000000001 0.42 0.04666666666666667 0.09
1 0.5241666666666667 0.655625 0.09000000000000001 0.14875
1 0.6075 0.583125 0.045000000000000005 0.08875
1 0.6745833333333334 0.579375 0.06583333333333334 0.09875
1 0.7033333333333334 0.5675 0.05166666666666667 0.0925
1 0.7883333333333333 0.6225 0.06666666666666667 0.1125
1 0.7883333333333333 0.5675 0.04833333333333334 0.08
1 0.8862500000000001 0.564375 0.11416666666666668 0.21875
