1 0.034 0.6020114942528736 0.06 0.13505747126436782
1 0.034 0.5387931034482758 0.044 0.06609195402298851
1 0.109 0.5474137931034483 0.062 0.08908045977011494
1 0.095 0.48419540229885055 0.042 0.05459770114942529
1 0.139 0.4568965517241379 0.042 0.06896551724137931
1 0.199 0.5057471264367817 0.05 0.08620689655172414
1 0.234 0.49137931034482757 0.044 0.06321839080459771
1 0.245 0.46551724137931033 0.038 0.05747126436781609
1 0.47300000000000003 0.46839080459770116 0.038 0.06321839080459771
1 0.531 0.3333333333333333 0.03 0.05172413793103448
1 0.515 0.75 0.11800000000000001 0.16666666666666666
1 0.511 0.617816091954023 0.08600000000000001 0.13218390804597702
1 0.529 0.5445402298850575 0.058 0.09482758620689655
1 0.541 0.48563218390804597 0.054 0.08620689655172414
1 0.616 0.4813218390804598 0.04 0.07758620689655173
1 0.651 0.4942528735632184 0.046 0.08045977011494253
1 0.6950000000000001 0.5359195402298851 0.062 0.10057471264367816
1 0.744 0.6221264367816092 0.084 0.1235632183908046
1 0.897 0.7298850574712643 0.11800000000000001 0.1839080459770115
1 0.909 0.5172413793103449 0.046 0.08045977011494253
1 0.856 0.4985632183908046 0.044 0.07183908045977011
1 0.811 0.46551724137931033 0.042 0.06896551724137931
1 0.904 0.47701149425287354 0.044 0.06321839080459771
1 0.962 0.5028735632183908 0.052000000000000005 0.06321839080459771
1 0.986 0.5589080459770115 0.028 0.07758620689655173
