1 0.251 0.4453333333333333 0.114 0.14933333333333332
1 0.14100000000000001 0.36533333333333334 0.062 0.07466666666666666
1 0.132 0.32 0.04 0.05333333333333333
1 0.31 0.312 0.04 0.058666666666666666
1 0.419 0.48933333333333334 0.122 0.16266666666666665
1 0.46900000000000003 0.3133333333333333 0.046 0.06133333333333333
1 0.638 0.36533333333333334 0.084 0.09066666666666666
1 0.712 0.33599999999999997 0.056 0.07466666666666666
1 0.8170000000000001 0.5 0.154 0.184
1 0.937 0.41333333333333333 0.082 0.11733333333333333
1 0.911 0.36 0.05 0.064
