1 0.26238624873609706 0.23586572438162545 0.021233569261880688 0.05123674911660777
1 0.3321536905965622 0.15901060070671377 0.01314459049544995 0.0353356890459364
1 0.141051567239636 0.2420494699646643 0.01718907987866532 0.04240282685512367
1 0.4135490394337715 0.2323321554770318 0.016177957532861477 0.03356890459363958
1 0.4575328614762386 0.23056537102473498 0.01718907987866532 0.04063604240282685
1 0.5697674418604651 0.17491166077738515 0.01314459049544995 0.038869257950530034
1 0.5692618806875632 0.20141342756183744 0.016177957532861477 0.038869257950530034
1 0.6774519716885743 0.18021201413427562 0.016177957532861477 0.038869257950530034
1 0.6880687563195147 0.22703180212014135 0.01718907987866532 0.044169611307420496
1 0.6309403437815976 0.22879858657243815 0.020222446916076844 0.044169611307420496
1 0.634984833164813 0.26855123674911663 0.01820020222446916 0.04946996466431095
1 0.9519716885743176 0.24646643109540636 0.01718907987866532 0.04063604240282685
