1 0.20159027128157156 0.3980424143556281 0.03835360149672591 0.07830342577487766
1 0.2315247895229186 0.2732463295269168 0.02712815715622077 0.05383360522022839
1 0.274555659494855 0.24225122349102773 0.01777362020579981 0.03099510603588907
1 0.28110383536014966 0.2634584013050571 0.021515434985968196 0.02773246329526917
1 0.2946679139382601 0.2536704730831974 0.018709073900841908 0.040783034257748776
1 0.3129092609915809 0.2300163132137031 0.019644527595884004 0.02936378466557912
1 0.3461178671655753 0.2601957585644372 0.0205799812909261 0.04404567699836868
1 0.3648269410664172 0.2610114192495922 0.0205799812909261 0.04241435562805873
1 0.38587464920486436 0.2601957585644372 0.021515434985968196 0.04404567699836868
1 0.3479887745556595 0.2169657422512235 0.0205799812909261 0.03588907014681893
1 0.3606173994387278 0.19657422512234912 0.015902712815715623 0.03099510603588907
1 0.37885874649204865 0.20554649265905384 0.01683816651075772 0.02936378466557912
1 0.3985032740879327 0.22267536704730834 0.0205799812909261 0.037520391517128875
1 0.4087932647333957 0.19249592169657423 0.01683816651075772 0.03915171288743883
1 0.4424695977549111 0.1900489396411093 0.018709073900841908 0.040783034257748776
1 0.43171188026192703 0.24225122349102773 0.023386342376052385 0.037520391517128875
1 0.4700654817586529 0.23491027732463296 0.021515434985968196 0.03915171288743883
1 0.4738072965388213 0.2030995106035889 0.019644527595884004 0.040783034257748776
1 0.4555659494855005 0.16150081566068517 0.01683816651075772 0.03915171288743883
1 0.4939195509822264 0.15497553017944535 0.014967259120673527 0.032626427406199025
1 0.5023386342376053 0.1900489396411093 0.018709073900841908 0.037520391517128875
1 0.5299345182413471 0.19657422512234912 0.021515434985968196 0.040783034257748776
1 0.5364826941066417 0.16150081566068517 0.019644527595884004 0.032626427406199025
1 0.5579981290926099 0.15905383360522024 0.01777362020579981 0.03099510603588907
1 0.5645463049579046 0.1272430668841762 0.01403180542563143 0.02936378466557912
1 0.5790458372310571 0.14110929853181078 0.014967259120673527 0.02773246329526917
1 0.5884003741814781 0.16150081566068517 0.0205799812909261 0.03588907014681893
1 0.5898035547240411 0.12479608482871127 0.01216089803554724 0.03425774877650897
1 0.6085126286248831 0.13213703099510604 0.01216089803554724 0.02936378466557912
1 0.6155285313376988 0.14600326264274063 0.01683816651075772 0.02773246329526917
1 0.6426566884939195 0.12805872756933118 0.018709073900841908 0.03099510603588907
1 0.676333021515435 0.11582381729200653 0.01683816651075772 0.03588907014681893
1 0.6155285313376988 0.21533442088091356 0.022450888681010292 0.03915171288743883
1 0.5795135640785781 0.22512234910277326 0.021515434985968196 0.048939641109298535
1 0.5430308699719364 0.31973898858075045 0.028999064546304958 0.07177814029363785
1 0.4915809167446211 0.31484502446982054 0.028999064546304958 0.05546492659053834
1 0.5977549111318989 0.33034257748776513 0.031805425631431246 0.0636215334420881
1 0.6071094480823199 0.2634584013050571 0.02806361085126286 0.0636215334420881
1 0.6674462114125351 0.2601957585644372 0.028999064546304958 0.060358890701468194
1 0.666043030869972 0.21859706362153344 0.02432179607109448 0.04567699836867863
1 0.6688493919550982 0.17781402936378468 0.018709073900841908 0.03588907014681893
1 0.6903648269410664 0.19820554649265906 0.018709073900841908 0.040783034257748776
1 0.7067352666043031 0.22593800978792825 0.023386342376052385 0.04730831973898858
1 0.6852198316183349 0.15823817292006526 0.01777362020579981 0.03915171288743883
1 0.7095416276894294 0.1500815660685155 0.01777362020579981 0.032626427406199025
1 0.7188961646398503 0.17292006525285483 0.01777362020579981 0.032626427406199025
1 0.7380729653882133 0.19738988580750408 0.022450888681010292 0.04241435562805873
1 0.7146866230121609 0.2895595432300163 0.026192703461178673 0.05709624796084829
1 0.735734331150608 0.1362153344208809 0.015902712815715623 0.02773246329526917
1 0.7628624883068288 0.17210440456769985 0.019644527595884004 0.037520391517128875
1 0.7708138447146866 0.13539967373572595 0.014967259120673527 0.03588907014681893
1 0.7867165575304023 0.14926590538336054 0.01683816651075772 0.03425774877650897
1 0.7885874649204865 0.1900489396411093 0.022450888681010292 0.04404567699836868
1 0.7698783910196445 0.22593800978792825 0.02432179607109448 0.04730831973898858
1 0.7876520112254444 0.24551386623164764 0.0205799812909261 0.05383360522022839
1 0.8077642656688494 0.17862969004893964 0.01777362020579981 0.04404567699836868
1 0.8274087932647334 0.1435562805872757 0.019644527595884004 0.04241435562805873
1 0.8437792329279701 0.1867862969004894 0.0205799812909261 0.03425774877650897
1 0.8269410664172123 0.199836867862969 0.018709073900841908 0.040783034257748776
1 0.8568755846585594 0.16884176182707994 0.014967259120673527 0.040783034257748776
1 0.8928905519176801 0.1533442088091354 0.01216089803554724 0.032626427406199025
1 0.8896164639850328 0.19575856443719414 0.014967259120673527 0.04241435562805873
1 0.8910196445275959 0.17536704730831976 0.01403180542563143 0.03099510603588907
1 0.8587464920486436 0.25938009787928223 0.02432179607109448 0.05546492659053834
1 0.9172123479887746 0.28221859706362157 0.021515434985968196 0.04567699836867863
1 0.9246959775491114 0.23735725938009788 0.023386342376052385 0.05057096247960848
1 0.8372310570626754 0.3442088091353997 0.02806361085126286 0.06199021207177814
