1 0.204031465093412 0.357504215851602 0.04424778761061947 0.0775716694772344
1 0.2954768928220256 0.21500843170320402 0.018682399213372666 0.03541315345699831
1 0.3274336283185841 0.25126475548060706 0.019665683382497544 0.04047217537942664
1 0.3402163225172075 0.21585160202360876 0.019665683382497544 0.03372681281618887
1 0.35398230088495575 0.19645868465430016 0.01376597836774828 0.028667790893760536
1 0.34857423795476894 0.18549747048903878 0.016715830875122913 0.03372681281618887
1 0.3785644051130777 0.19645868465430016 0.015732546705998034 0.0387858347386172
1 0.39331366764995085 0.19730185497470487 0.019665683382497544 0.04047217537942664
1 0.38249754178957723 0.25210792580101177 0.019665683382497544 0.0387858347386172
1 0.3731563421828909 0.2327150084317032 0.016715830875122913 0.03372681281618887
1 0.4178957718780728 0.2596964586846543 0.02359882005899705 0.047217537942664416
1 0.42428711897738447 0.20657672849915681 0.018682399213372666 0.03204047217537943
1 0.42674532940019666 0.1745362563237774 0.015732546705998034 0.03204047217537943
1 0.42674532940019666 0.1475548060708263 0.01376597836774828 0.03204047217537943
1 0.4459193706981318 0.1711635750421585 0.016715830875122913 0.03204047217537943
1 0.4478859390363815 0.21163575042158514 0.02064896755162242 0.042158516020236084
1 0.48279252704031467 0.2251264755480607 0.021632251720747297 0.0387858347386172
1 0.4754178957718781 0.15430016863406407 0.016715830875122913 0.028667790893760536
1 0.4754178957718781 0.13827993254637436 0.010816125860373648 0.02023608768971332
1 0.49262536873156343 0.17200674536256322 0.019665683382497544 0.047217537942664416
1 0.49410029498525077 0.1357504215851602 0.014749262536873158 0.025295109612141653
1 0.5132743362831859 0.12563237774030353 0.01376597836774828 0.028667790893760536
1 0.5201573254670601 0.14165261382799324 0.01376597836774828 0.026981450252951095
1 0.5314650934119961 0.12647554806070826 0.016715830875122913 0.026981450252951095
1 0.5108161258603737 0.17284991568296795 0.016715830875122913 0.028667790893760536
1 0.5255653883972469 0.18043844856661045 0.016715830875122913 0.03709949409780776
1 0.5476892822025565 0.19224283305227655 0.021632251720747297 0.04047217537942664
1 0.5368731563421829 0.16104553119730183 0.01376597836774828 0.025295109612141653
1 0.5594886922320551 0.1627318718381113 0.015732546705998034 0.028667790893760536
1 0.5703048180924287 0.15430016863406407 0.011799410029498525 0.025295109612141653
1 0.5550639134709932 0.14165261382799324 0.008849557522123894 0.023608768971332208
1 0.5535889872173059 0.12647554806070826 0.011799410029498525 0.02023608768971332
1 0.5899705014749262 0.16863406408094433 0.01376597836774828 0.03035413153456998
1 0.5948869223205506 0.14671163575042157 0.011799410029498525 0.026981450252951095
1 0.5894788593903638 0.1290050590219224 0.010816125860373648 0.025295109612141653
1 0.5894788593903638 0.11382799325463742 0.012782694198623403 0.021922428330522763
1 0.6057030481809244 0.13406408094435074 0.01376597836774828 0.025295109612141653
1 0.6229105211406096 0.15008431703204048 0.014749262536873158 0.03035413153456998
1 0.616519174041298 0.13659359190556492 0.011799410029498525 0.02023608768971332
1 0.6150442477876107 0.11214165261382798 0.012782694198623403 0.021922428330522763
1 0.6312684365781711 0.12563237774030353 0.01376597836774828 0.03204047217537943
1 0.6548672566371682 0.13322091062394603 0.015732546705998034 0.03372681281618887
1 0.6720747295968535 0.13743676222596965 0.014749262536873158 0.028667790893760536
1 0.6686332350049164 0.10961214165261382 0.011799410029498525 0.026981450252951095
1 0.6927236971484759 0.12225969645868465 0.010816125860373648 0.028667790893760536
1 0.6932153392330384 0.09949409780775716 0.011799410029498525 0.023608768971332208
1 0.7276302851524091 0.11129848229342326 0.017699115044247787 0.026981450252951095
1 0.5019665683382498 0.28583473861720066 0.024582104228121928 0.05902192242833052
1 0.5639134709931171 0.28920741989881954 0.03048180924287119 0.0657672849915683
1 0.5791543756145526 0.24030354131534568 0.021632251720747297 0.04890387858347386
1 0.6189773844641102 0.23777403035413153 0.024582104228121928 0.050590219224283306
1 0.6327433628318584 0.22091062394603708 0.018682399213372666 0.03709949409780776
1 0.6902654867256638 0.24198988195615512 0.02359882005899705 0.04890387858347386
1 0.6106194690265487 0.3305227655986509 0.029498525073746316 0.05733558178752107
1 0.711897738446411 0.3111298482293423 0.033431661750245825 0.05902192242833052
1 0.7374631268436579 0.290893760539629 0.02753195673549656 0.062394603709949405
1 0.7320550639134711 0.22765598650927485 0.024582104228121928 0.043844856661045525
1 0.7123893805309734 0.1905564924114671 0.018682399213372666 0.03709949409780776
1 0.6917404129793511 0.17959527824620572 0.018682399213372666 0.03541315345699831
1 0.7104228121927237 0.16104553119730183 0.018682399213372666 0.0387858347386172
1 0.7556538839724681 0.1357504215851602 0.014749262536873158 0.03541315345699831
1 0.7620452310717798 0.15851602023608768 0.017699115044247787 0.03372681281618887
1 0.7659783677482793 0.18465430016863404 0.019665683382497544 0.042158516020236084
1 0.7753195673549657 0.25126475548060706 0.022615535889872175 0.05733558178752107
1 0.7517207472959686 0.37521079258010115 0.038348082595870206 0.07588532883642496
1 0.8264503441494593 0.3971332209106239 0.0344149459193707 0.07925801011804384
1 0.8077679449360866 0.28583473861720066 0.022615535889872175 0.05227655986509275
1 0.8018682399213373 0.24957841483979762 0.018682399213372666 0.03709949409780776
1 0.8062930186823992 0.21500843170320402 0.019665683382497544 0.042158516020236084
1 0.8058013765978368 0.1627318718381113 0.018682399213372666 0.03541315345699831
1 0.7915437561455261 0.14418212478920742 0.01376597836774828 0.03204047217537943
1 0.884464110127827 0.22849915682967958 0.022615535889872175 0.042158516020236084
1 0.8780727630285153 0.27065767284991565 0.021632251720747297 0.04890387858347386
1 0.8461160275319568 0.3026981450252951 0.024582104228121928 0.0657672849915683
1 0.9051130776794494 0.4156829679595278 0.04031465093411996 0.07925801011804384
1 0.920353982300885 0.3145025295109612 0.02359882005899705 0.0657672849915683
1 0.9306784660766962 0.28499156829679595 0.02064896755162242 0.047217537942664416
1 0.9341199606686333 0.2259696458684654 0.019665683382497544 0.04047217537942664
