1 0.20405727923627687 0.11052631578947368 0.011933174224343677 0.031578947368421054
1 0.3575974542561655 0.08508771929824561 0.01511535401750199 0.0368421052631579
1 0.22354813046937153 0.1307017543859649 0.015910898965791568 0.03333333333333333
1 0.1583134447096261 0.15 0.012728719172633254 0.0368421052631579
1 0.05051710421638823 0.20964912280701756 0.016706443914081145 0.043859649122807015
1 0.12291169451073987 0.2105263157894737 0.016706443914081145 0.042105263157894736
1 0.2577565632458234 0.12456140350877193 0.017501988862370726 0.042105263157894736
1 0.38743038981702466 0.08947368421052632 0.011137629276054098 0.028070175438596492
1 0.4041368337311058 0.08421052631578947 0.00954653937947494 0.028070175438596492
1 0.4900556881463803 0.0780701754385965 0.007955449482895784 0.026315789473684213
1 0.5354017501988863 0.07719298245614035 0.00954653937947494 0.02456140350877193
1 0.1877486077963405 0.193859649122807 0.022275258552108195 0.043859649122807015
1 0.1770087509944312 0.2657894736842105 0.01988862370723946 0.04736842105263158
1 0.060859188544152745 0.40087719298245617 0.01988862370723946 0.0649122807017544
1 0.073587907716786 0.4807017543859649 0.02466189339697693 0.06315789473684211
1 0.1280827366746221 0.5850877192982457 0.03341288782816229 0.07894736842105263
1 0.2068416865552904 0.4385964912280702 0.02545743834526651 0.056140350877192984
1 0.20922832140015912 0.3394736842105263 0.022275258552108195 0.06842105263157895
1 0.24502784407319014 0.2754385964912281 0.015910898965791568 0.0456140350877193
1 0.28957836117740654 0.20350877192982456 0.01909307875894988 0.052631578947368425
1 0.29236276849642007 0.1649122807017544 0.018297533810660304 0.03508771929824561
1 0.30827366746221163 0.2307017543859649 0.018297533810660304 0.03333333333333333
1 0.3536197295147176 0.22280701754385965 0.013524264120922832 0.0456140350877193
1 0.3735083532219571 0.1649122807017544 0.010342084327764518 0.03508771929824561
1 0.41408114558472553 0.16228070175438597 0.016706443914081145 0.04035087719298246
1 0.4598249801113763 0.1280701754385965 0.012728719172633254 0.03508771929824561
1 0.5437549721559268 0.4666666666666667 0.0294351630867144 0.07017543859649122
1 0.4729514717581544 0.2149122807017544 0.01511535401750199 0.05087719298245614
1 0.4813046937151949 0.26403508771929823 0.020684168655529037 0.04736842105263158
1 0.537788385043755 0.3 0.017501988862370726 0.04912280701754386
1 0.5047732696897375 0.17543859649122806 0.010342084327764518 0.031578947368421054
1 0.47653142402545745 0.11666666666666667 0.012728719172633254 0.026315789473684213
1 0.505568814638027 0.1 0.011933174224343677 0.021052631578947368
1 0.594272076372315 0.12543859649122807 0.012728719172633254 0.03333333333333333
1 0.5664280031821798 0.19824561403508772 0.017501988862370726 0.03859649122807018
1 0.6081941129673827 0.2324561403508772 0.01511535401750199 0.043859649122807015
1 0.6722354813046938 0.3263157894736842 0.017501988862370726 0.04912280701754386
1 0.7048528241845664 0.2675438596491228 0.01909307875894988 0.04035087719298246
1 0.6463802704852825 0.14912280701754385 0.008750994431185363 0.028070175438596492
1 0.6149562450278441 0.10877192982456141 0.014319809069212411 0.028070175438596492
1 0.7629276054097057 0.20526315789473684 0.015910898965791568 0.03859649122807018
1 0.803898170246619 0.22543859649122808 0.013524264120922832 0.04035087719298246
1 0.8468575974542562 0.2675438596491228 0.01511535401750199 0.04035087719298246
1 0.8619729514717582 0.30087719298245613 0.013524264120922832 0.043859649122807015
1 0.9164677804295943 0.36403508771929827 0.01909307875894988 0.043859649122807015
1 0.6953062848050915 0.20789473684210527 0.017501988862370726 0.043859649122807015
1 0.7179793158313446 0.21228070175438596 0.013524264120922832 0.031578947368421054
1 0.7780429594272077 0.36754385964912284 0.023866348448687354 0.05087719298245614
1 0.04136833731105807 0.23596491228070177 0.015910898965791568 0.054385964912280704
1 0.4645982498011138 0.15789473684210525 0.015910898965791568 0.031578947368421054
