1 0.1988888888888889 0.32539682539682535 0.042222222222222223 0.0873015873015873
1 0.3211111111111111 0.21527777777777776 0.02 0.037698412698412696
1 0.375 0.1865079365079365 0.016666666666666666 0.031746031746031744
1 0.3844444444444444 0.16666666666666666 0.017777777777777778 0.03968253968253968
1 0.4022222222222222 0.1994047619047619 0.02 0.037698412698412696
1 0.42444444444444446 0.20634920634920634 0.017777777777777778 0.03571428571428571
1 0.42444444444444446 0.1845238095238095 0.015555555555555555 0.03571428571428571
1 0.4305555555555556 0.15476190476190477 0.016666666666666666 0.031746031746031744
1 0.41333333333333333 0.2718253968253968 0.024444444444444446 0.047619047619047616
1 0.39944444444444444 0.2628968253968254 0.021111111111111112 0.04563492063492063
1 0.45111111111111113 0.20436507936507936 0.02 0.04365079365079365
1 0.45166666666666666 0.1607142857142857 0.016666666666666666 0.031746031746031744
1 0.4588888888888889 0.16865079365079363 0.017777777777777778 0.031746031746031744
1 0.4683333333333333 0.18055555555555555 0.016666666666666666 0.03571428571428571
1 0.48833333333333334 0.22519841269841268 0.021111111111111112 0.04563492063492063
1 0.47833333333333333 0.13095238095238093 0.012222222222222223 0.027777777777777776
1 0.4938888888888889 0.13095238095238093 0.012222222222222223 0.027777777777777776
1 0.515 0.1875 0.01888888888888889 0.037698412698412696
1 0.5261111111111111 0.16765873015873015 0.01888888888888889 0.037698412698412696
1 0.5466666666666666 0.19146825396825395 0.017777777777777778 0.041666666666666664
1 0.5594444444444444 0.16865079365079363 0.014444444444444444 0.03571428571428571
1 0.5516666666666666 0.13988095238095238 0.014444444444444444 0.02976190476190476
1 0.5661111111111111 0.1369047619047619 0.016666666666666666 0.03571428571428571
1 0.5883333333333334 0.16765873015873015 0.016666666666666666 0.037698412698412696
1 0.48777777777777775 0.07936507936507936 0.013333333333333332 0.01984126984126984
1 0.5494444444444444 0.061507936507936505 0.012222222222222223 0.01984126984126984
1 0.5894444444444444 0.11904761904761904 0.016666666666666666 0.031746031746031744
1 0.5966666666666667 0.15079365079365079 0.015555555555555555 0.01984126984126984
1 0.6327777777777778 0.125 0.01 0.023809523809523808
1 0.6372222222222222 0.10615079365079365 0.012222222222222223 0.025793650793650792
1 0.6877777777777778 0.11805555555555555 0.015555555555555555 0.02976190476190476
1 0.7066666666666667 0.11607142857142856 0.013333333333333332 0.02976190476190476
1 0.7383333333333333 0.06746031746031746 0.014444444444444444 0.031746031746031744
1 0.5922222222222222 0.2628968253968254 0.022222222222222223 0.0496031746031746
1 0.6138888888888889 0.3005952380952381 0.027777777777777776 0.061507936507936505
1 0.615 0.2569444444444444 0.027777777777777776 0.057539682539682536
1 0.6433333333333333 0.2103174603174603 0.02 0.047619047619047616
1 0.6722222222222223 0.18948412698412698 0.02 0.041666666666666664
1 0.7172222222222222 0.18055555555555555 0.01888888888888889 0.03968253968253968
1 0.72 0.1597222222222222 0.015555555555555555 0.03373015873015873
1 0.7316666666666667 0.1468253968253968 0.014444444444444444 0.031746031746031744
1 0.7372222222222222 0.16666666666666666 0.014444444444444444 0.03571428571428571
1 0.7505555555555555 0.20634920634920634 0.021111111111111112 0.04365079365079365
1 0.7577777777777778 0.2599206349206349 0.02 0.047619047619047616
1 0.7311111111111112 0.29563492063492064 0.03111111111111111 0.05952380952380952
1 0.7744444444444445 0.16468253968253968 0.015555555555555555 0.03968253968253968
1 0.7855555555555556 0.18055555555555555 0.017777777777777778 0.03968253968253968
1 0.7922222222222223 0.2103174603174603 0.02 0.03968253968253968
1 0.7983333333333333 0.1617063492063492 0.012222222222222223 0.03373015873015873
1 0.7905555555555556 0.14087301587301587 0.014444444444444444 0.03968253968253968
1 0.8233333333333334 0.1746031746031746 0.02 0.04365079365079365
1 0.8605555555555555 0.11706349206349206 0.01888888888888889 0.03968253968253968
1 0.8844444444444445 0.19246031746031744 0.015555555555555555 0.03571428571428571
1 0.9022222222222223 0.19146825396825395 0.015555555555555555 0.041666666666666664
1 0.8866666666666667 0.25297619047619047 0.02 0.0496031746031746
1 0.8783333333333333 0.28174603174603174 0.023333333333333334 0.05555555555555555
1 0.8511111111111112 0.27480158730158727 0.022222222222222223 0.05357142857142857
1 0.8444444444444444 0.22817460317460317 0.017777777777777778 0.04365079365079365
1 0.8516666666666667 0.3333333333333333 0.03222222222222222 0.06349206349206349
1 0.9083333333333333 0.2926587301587301 0.021111111111111112 0.05357142857142857
1 0.9183333333333333 0.3263888888888889 0.025555555555555557 0.061507936507936505
1 0.9394444444444444 0.23908730158730157 0.016666666666666666 0.04563492063492063
1 0.9477777777777778 0.19146825396825395 0.015555555555555555 0.041666666666666664
1 0.9483333333333334 0.13988095238095238 0.016666666666666666 0.041666666666666664
1 0.935 0.13095238095238093 0.014444444444444444 0.03968253968253968
1 0.9133333333333333 0.14186507936507936 0.015555555555555555 0.037698412698412696
