1 0.1869918699186992 0.3806104129263914 0.04065040650406505 0.07540394973070018
1 0.29725609756097565 0.21723518850987433 0.015243902439024392 0.03590664272890485
1 0.3064024390243903 0.23967684021543986 0.017276422764227643 0.03770197486535009
1 0.3231707317073171 0.2450628366247756 0.01829268292682927 0.04129263913824058
1 0.3460365853658537 0.2495511669658887 0.017276422764227643 0.03590664272890485
1 0.3541666666666667 0.20377019748653502 0.017276422764227643 0.03411131059245961
1 0.342479674796748 0.18402154398563736 0.012195121951219513 0.02333931777378815
1 0.37855691056910573 0.20107719928186715 0.017276422764227643 0.03231597845601436
1 0.38008130081300817 0.24416517055655296 0.01829268292682927 0.03590664272890485
1 0.413109756097561 0.24236983842010773 0.019308943089430895 0.03590664272890485
1 0.41361788617886186 0.19210053859964094 0.012195121951219513 0.02872531418312388
1 0.41412601626016265 0.1606822262118492 0.011178861788617888 0.02333931777378815
1 0.44054878048780494 0.16786355475763018 0.015243902439024392 0.03411131059245961
1 0.4669715447154472 0.17145421903052066 0.015243902439024392 0.03411131059245961
1 0.46900406504065045 0.14901256732495513 0.015243902439024392 0.025134649910233394
1 0.48780487804878053 0.14631956912028726 0.014227642276422765 0.026929982046678638
1 0.4862804878048781 0.17145421903052066 0.015243902439024392 0.03411131059245961
1 0.48475609756097565 0.2154398563734291 0.014227642276422765 0.03949730700179534
1 0.4517276422764228 0.22262118491921007 0.017276422764227643 0.02872531418312388
1 0.49745934959349597 0.13375224416517056 0.013211382113821139 0.02333931777378815
1 0.5254065040650407 0.1355475763016158 0.014227642276422765 0.03052064631956912
1 0.505589430894309 0.1732495511669659 0.013211382113821139 0.026929982046678638
1 0.5238821138211383 0.17145421903052066 0.015243902439024392 0.03052064631956912
1 0.5309959349593496 0.18043087971274688 0.015243902439024392 0.03052064631956912
1 0.4939024390243903 0.28276481149012567 0.022357723577235776 0.04847396768402155
1 0.5477642276422765 0.28186714542190305 0.024390243902439025 0.053859964093357277
1 0.5650406504065041 0.24865350089766608 0.022357723577235776 0.04847396768402155
1 0.5950203252032521 0.3303411131059246 0.027439024390243906 0.053859964093357277
1 0.622459349593496 0.2450628366247756 0.0233739837398374 0.04847396768402155
1 0.6326219512195123 0.21633752244165172 0.019308943089430895 0.03411131059245961
1 0.6234756097560976 0.15080789946140036 0.011178861788617888 0.025134649910233394
1 0.5904471544715448 0.17594254937163376 0.014227642276422765 0.02872531418312388
1 0.5558943089430894 0.18402154398563736 0.014227642276422765 0.03052064631956912
1 0.5538617886178863 0.16247755834829444 0.014227642276422765 0.026929982046678638
1 0.5701219512195123 0.15350089766606823 0.012195121951219513 0.02333931777378815
1 0.5497967479674797 0.14631956912028726 0.012195121951219513 0.01974865350089767
1 0.5564024390243903 0.1310592459605027 0.015243902439024392 0.025134649910233394
1 0.58739837398374 0.1229802513464991 0.014227642276422765 0.03411131059245961
1 0.6067073170731708 0.1265709156193896 0.014227642276422765 0.03052064631956912
1 0.6244918699186992 0.12477558348294435 0.011178861788617888 0.026929982046678638
1 0.633130081300813 0.11131059245960503 0.012195121951219513 0.025134649910233394
1 0.6671747967479675 0.10771992818671455 0.011178861788617888 0.025134649910233394
1 0.6590447154471546 0.13734290843806105 0.013211382113821139 0.02333931777378815
1 0.6920731707317074 0.1229802513464991 0.012195121951219513 0.02333931777378815
1 0.695630081300813 0.10682226211849193 0.009146341463414635 0.01974865350089767
1 0.7195121951219513 0.10682226211849193 0.010162601626016262 0.01974865350089767
1 0.6676829268292683 0.1813285457809695 0.014227642276422765 0.02872531418312388
1 0.6941056910569107 0.20107719928186715 0.020325203252032523 0.02872531418312388
1 0.7042682926829269 0.17504488330341114 0.012195121951219513 0.02333931777378815
1 0.7515243902439025 0.13824057450628366 0.013211382113821139 0.03231597845601436
1 0.6758130081300814 0.2710951526032316 0.022357723577235776 0.05026929982046679
1 0.6996951219512196 0.31059245960502696 0.027439024390243906 0.053859964093357277
1 0.7306910569105692 0.2998204667863555 0.022357723577235776 0.0466786355475763
1 0.7489837398373984 0.3904847396768402 0.02845528455284553 0.07001795332136446
1 0.7830284552845529 0.3087971274685817 0.021341463414634148 0.053859964093357277
1 0.7688008130081302 0.2324955116696589 0.019308943089430895 0.03770197486535009
1 0.7372967479674798 0.22172351885098743 0.019308943089430895 0.03411131059245961
1 0.7586382113821138 0.19748653500897667 0.015243902439024392 0.03231597845601436
1 0.7357723577235773 0.1947935368043088 0.016260162601626018 0.026929982046678638
1 0.79369918699187 0.1436265709156194 0.012195121951219513 0.02872531418312388
1 0.8008130081300814 0.1651705565529623 0.014227642276422765 0.03590664272890485
1 0.8064024390243903 0.2154398563734291 0.015243902439024392 0.03231597845601436
1 0.8084349593495935 0.25583482944344704 0.019308943089430895 0.04847396768402155
1 0.85619918699187 0.29353680430879714 0.021341463414634148 0.05206463195691203
1 0.8221544715447155 0.414721723518851 0.026422764227642278 0.06822262118491922
1 0.8739837398373985 0.2612208258527828 0.01829268292682927 0.04129263913824058
1 0.8826219512195123 0.2315978456014363 0.017276422764227643 0.03949730700179534
1 0.9319105691056911 0.2190305206463196 0.016260162601626018 0.04308797127468582
1 0.9283536585365855 0.28994614003590663 0.019308943089430895 0.04129263913824058
1 0.9278455284552847 0.3348294434470377 0.022357723577235776 0.05565529622980252
1 0.9054878048780489 0.4138240574506284 0.032520325203252036 0.07360861759425494
