1 0.02314814814814815 0.552924791086351 0.03518518518518519 0.0584958217270195
1 0.05925925925925926 0.5431754874651811 0.037037037037037035 0.06128133704735376
1 0.13333333333333333 0.5501392757660167 0.05185185185185186 0.0807799442896936
1 0.16296296296296298 0.5278551532033426 0.037037037037037035 0.0584958217270195
1 0.18888888888888888 0.5348189415041783 0.04814814814814815 0.07242339832869081
1 0.21203703703703705 0.5083565459610028 0.02777777777777778 0.052924791086350974
1 0.24074074074074076 0.5139275766016713 0.040740740740740744 0.06963788300835655
1 0.2712962962962963 0.5069637883008357 0.02777777777777778 0.055710306406685235
1 0.30833333333333335 0.5236768802228412 0.0462962962962963 0.07242339832869081
1 0.32037037037037036 0.49164345403899723 0.03333333333333333 0.06406685236768803
1 0.36388888888888893 0.48885793871866295 0.03518518518518519 0.052924791086350974
1 0.3990740740740741 0.48885793871866295 0.031481481481481485 0.052924791086350974
1 0.3824074074074074 0.6002785515320335 0.07592592592592592 0.1309192200557103
1 0.4416666666666667 0.5069637883008357 0.053703703703703705 0.0947075208913649
1 0.5481481481481482 0.5292479108635098 0.05185185185185186 0.08913649025069638
1 0.4814814814814815 0.47493036211699163 0.02962962962962963 0.04178272980501393
1 0.5166666666666667 0.4596100278551532 0.022222222222222223 0.04456824512534819
1 0.5611111111111111 0.4818941504178273 0.03333333333333333 0.06128133704735376
1 0.6416666666666667 0.5863509749303621 0.07592592592592592 0.1532033426183844
1 0.6990740740740741 0.5069637883008357 0.053703703703703705 0.10027855153203342
1 0.6712962962962963 0.5013927576601671 0.031481481481481485 0.06128133704735376
1 0.6537037037037037 0.4582172701949861 0.02962962962962963 0.04735376044568245
1 0.612037037037037 0.4637883008356546 0.02777777777777778 0.0584958217270195
1 0.5972222222222222 0.4568245125348189 0.020370370370370372 0.04456824512534819
1 0.5842592592592593 0.44707520891364905 0.012962962962962964 0.03064066852367688
1 0.5435185185185185 0.4554317548746518 0.016666666666666666 0.03064066852367688
1 0.6842592592592592 0.44707520891364905 0.024074074074074074 0.04178272980501393
1 0.7296296296296296 0.46518105849582175 0.022222222222222223 0.04456824512534819
1 0.7148148148148148 0.4331476323119777 0.022222222222222223 0.04178272980501393
1 0.737962962962963 0.4401114206128134 0.020370370370370372 0.03899721448467967
1 0.7388888888888889 0.4233983286908078 0.018518518518518517 0.033426183844011144
1 0.7962962962962963 0.4763231197771588 0.04814814814814815 0.06685236768802229
1 0.8212962962962963 0.44846796657381616 0.031481481481481485 0.06128133704735376
1 0.8518518518518519 0.4401114206128134 0.02962962962962963 0.06128133704735376
1 0.9 0.4986072423398329 0.05185185185185186 0.0947075208913649
1 0.9185185185185185 0.4554317548746518 0.037037037037037035 0.06406685236768803
1 0.9027777777777778 0.403899721448468 0.020370370370370372 0.03899721448467967
