1 0.093 0.5435435435435435 0.098 0.13813813813813813
1 0.186 0.5345345345345345 0.056 0.07207207207207207
1 0.272 0.5405405405405406 0.10400000000000001 0.16816816816816815
1 0.402 0.5135135135135135 0.032 0.06006006006006006
1 0.424 0.5225225225225225 0.04 0.08408408408408408
1 0.455 0.5405405405405406 0.038 0.06006006006006006
1 0.589 0.5375375375375375 0.114 0.17417417417417416
1 0.681 0.5375375375375375 0.05 0.0960960960960961
1 0.752 0.5195195195195195 0.04 0.06606606606606606
1 0.8270000000000001 0.5225225225225225 0.054 0.09009009009009009
1 0.924 0.5630630630630631 0.128 0.1891891891891892
