1 0.2111111111111111 0.5510416666666667 0.09166666666666667 0.058333333333333334
1 0.03958333333333333 0.5348958333333333 0.06527777777777778 0.05520833333333333
1 0.1125 0.48854166666666665 0.044444444444444446 0.035416666666666666
1 0.14722222222222223 0.4088541666666667 0.036111111111111115 0.03854166666666667
1 0.12430555555555556 0.4119791666666667 0.034722222222222224 0.030208333333333334
1 0.08402777777777778 0.4348958333333333 0.02361111111111111 0.015625
1 0.05694444444444444 0.4302083333333333 0.025 0.014583333333333334
1 0.027083333333333334 0.425 0.02361111111111111 0.014583333333333334
1 0.22222222222222224 0.47604166666666664 0.05277777777777778 0.029166666666666667
1 0.19791666666666669 0.440625 0.03194444444444445 0.022916666666666665
1 0.25625000000000003 0.4348958333333333 0.02638888888888889 0.017708333333333333
1 0.28194444444444444 0.4427083333333333 0.019444444444444445 0.01875
1 0.29375 0.4661458333333333 0.034722222222222224 0.026041666666666668
1 0.32916666666666666 0.44479166666666664 0.03333333333333333 0.022916666666666665
1 0.32430555555555557 0.5786458333333333 0.09583333333333334 0.065625
1 0.38472222222222224 0.4953125 0.04722222222222222 0.036458333333333336
1 0.4256944444444445 0.4552083333333333 0.03194444444444445 0.025
1 0.45555555555555555 0.46510416666666665 0.02777777777777778 0.02395833333333333
1 0.5145833333333334 0.4588541666666667 0.02638888888888889 0.028125
1 0.513888888888889 0.5104166666666666 0.05555555555555556 0.041666666666666664
1 0.5597222222222222 0.48125 0.04166666666666667 0.035416666666666666
1 0.5541666666666667 0.453125 0.025 0.029166666666666667
1 0.5888888888888889 0.46249999999999997 0.03888888888888889 0.03125
1 0.6256944444444444 0.45468749999999997 0.02638888888888889 0.015625
1 0.6618055555555555 0.51875 0.06527777777777778 0.041666666666666664
1 0.6479166666666667 0.48125 0.034722222222222224 0.029166666666666667
1 0.6868055555555556 0.4630208333333333 0.029166666666666667 0.021875
1 0.8013888888888889 0.4786458333333333 0.03888888888888889 0.03229166666666666
1 0.7875 0.4588541666666667 0.02777777777777778 0.021875
1 0.6868055555555556 0.45 0.02361111111111111 0.014583333333333334
1 0.8541666666666667 0.4708333333333333 0.030555555555555558 0.022916666666666665
1 0.8770833333333333 0.48802083333333335 0.034722222222222224 0.028125
1 0.9486111111111112 0.46822916666666664 0.036111111111111115 0.028125
1 0.6861111111111111 0.35625 0.016666666666666666 0.014583333333333334
