1 0.18768046198267566 0.3642495784148398 0.05004812319538018 0.06745362563237774
1 0.3156881616939365 0.21163575042158514 0.015399422521655439 0.03204047217537943
1 0.3339749759384023 0.22765598650927485 0.015399422521655439 0.026981450252951095
1 0.35466794995187684 0.22849915682967958 0.014436958614051974 0.028667790893760536
1 0.3700673724735323 0.2571669477234401 0.012512030798845044 0.0387858347386172
1 0.4181905678537055 0.24283305227655985 0.018286814244465835 0.03709949409780776
1 0.3753609239653513 0.20236087689713322 0.0192492781520693 0.03372681281618887
1 0.39749759384023103 0.20067453625632375 0.013474494706448509 0.04047217537942664
1 0.32868142444658327 0.18381112984822934 0.016361886429258905 0.023608768971332208
1 0.34504331087584217 0.20320404721753793 0.012512030798845044 0.021922428330522763
1 0.4177093358999038 0.1711635750421585 0.01154956689124158 0.025295109612141653
1 0.42348411934552455 0.15008431703204048 0.00962463907603465 0.02023608768971332
1 0.44706448508180946 0.16947723440134907 0.014436958614051974 0.028667790893760536
1 0.42589027911453325 0.20320404721753793 0.014436958614051974 0.03204047217537943
1 0.4494706448508181 0.2251264755480607 0.013474494706448509 0.03541315345699831
1 0.4817131857555342 0.23524451939291735 0.020211742059672765 0.03541315345699831
1 0.5081809432146295 0.18381112984822934 0.015399422521655439 0.03372681281618887
1 0.480269489894129 0.19139966273187184 0.013474494706448509 0.025295109612141653
1 0.4653512993262753 0.14502529510961212 0.008662175168431185 0.023608768971332208
1 0.49422521655437923 0.14333895446880268 0.012512030798845044 0.016863406408094434
1 0.5120307988450433 0.15261382799325462 0.013474494706448509 0.028667790893760536
1 0.5149181905678537 0.12563237774030353 0.01154956689124158 0.01854974704890388
1 0.5327237728585178 0.12984822934232715 0.012512030798845044 0.02023608768971332
1 0.5255052935514919 0.17284991568296795 0.00962463907603465 0.025295109612141653
1 0.5534167468719924 0.1627318718381113 0.013474494706448509 0.01854974704890388
1 0.5678537054860443 0.15092748735244518 0.01154956689124158 0.021922428330522763
1 0.546679499518768 0.13322091062394603 0.00962463907603465 0.02023608768971332
1 0.5818094321462945 0.12563237774030353 0.010587102983638115 0.01854974704890388
1 0.589990375360924 0.11720067453625632 0.00962463907603465 0.01854974704890388
1 0.6044273339749759 0.13406408094435074 0.01154956689124158 0.028667790893760536
1 0.618864292589028 0.1163575042158516 0.01154956689124158 0.023608768971332208
1 0.6308950914340713 0.13069139966273186 0.010587102983638115 0.025295109612141653
1 0.641963426371511 0.12141652613827993 0.00962463907603465 0.02023608768971332
1 0.6280076997112609 0.1593591905564924 0.012512030798845044 0.025295109612141653
1 0.4971126082771896 0.28161888701517707 0.022136669874879694 0.047217537942664416
1 0.5452358036573629 0.290893760539629 0.018286814244465835 0.045531197301854974
1 0.6039461020211743 0.3330522765598651 0.024061597690086624 0.04890387858347386
1 0.5769971126082772 0.24620573355817874 0.018286814244465835 0.04047217537942664
1 0.5500481231953802 0.19224283305227655 0.014436958614051974 0.03035413153456998
1 0.5880654475457171 0.17369308600337266 0.01732435033686237 0.026981450252951095
1 0.6703561116458133 0.17959527824620572 0.014436958614051974 0.03541315345699831
1 0.6693936477382099 0.1045531197301855 0.0067372473532242546 0.02023608768971332
1 0.6915303176130896 0.12225969645868465 0.012512030798845044 0.021922428330522763
1 0.699711260827719 0.11045531197301854 0.00962463907603465 0.025295109612141653
1 0.7271414821944178 0.1129848229342327 0.012512030798845044 0.02023608768971332
1 0.741097208854668 0.15008431703204048 0.00962463907603465 0.03035413153456998
1 0.753609239653513 0.13743676222596965 0.01154956689124158 0.028667790893760536
1 0.6337824831568817 0.23861720067453623 0.016361886429258905 0.045531197301854974
1 0.6881616939364774 0.26728499156829677 0.0192492781520693 0.03541315345699831
1 0.6958614051973051 0.30860033726812813 0.02117420596727623 0.047217537942664416
1 0.7367661212704524 0.28583473861720066 0.016361886429258905 0.04890387858347386
1 0.7459095283926853 0.39376053962900504 0.028873917228103948 0.062394603709949405
1 0.8161693936477382 0.40809443507588533 0.02502406159769009 0.06408094435075885
1 0.8989412897016362 0.43001686340640805 0.03272377285851781 0.07082630691399662
1 0.9167468719923003 0.3507588532883642 0.018286814244465835 0.047217537942664416
1 0.8469682386910491 0.31703204047217537 0.02117420596727623 0.06070826306913996
1 0.7921077959576517 0.30944350758853284 0.02309913378248316 0.045531197301854974
1 0.7617901828681425 0.26728499156829677 0.014436958614051974 0.045531197301854974
1 0.7295476419634264 0.2327150084317032 0.01732435033686237 0.03709949409780776
1 0.7232916265640039 0.18887015177065766 0.014436958614051974 0.026981450252951095
1 0.7059672762271415 0.16104553119730183 0.016361886429258905 0.025295109612141653
1 0.7521655437921079 0.17959527824620572 0.0067372473532242546 0.03204047217537943
1 0.7651588065447547 0.18718381112984822 0.01154956689124158 0.03372681281618887
1 0.8012512030798845 0.1559865092748735 0.010587102983638115 0.028667790893760536
1 0.8190567853705486 0.16020236087689713 0.01154956689124158 0.03035413153456998
1 0.8113570741097209 0.24620573355817874 0.0192492781520693 0.03709949409780776
1 0.8152069297401348 0.20741989881956155 0.013474494706448509 0.023608768971332208
1 0.8787295476419634 0.2588532883642496 0.015399422521655439 0.045531197301854974
1 0.8941289701636189 0.2335581787521079 0.01732435033686237 0.0387858347386172
1 0.931665062560154 0.22006745362563238 0.013474494706448509 0.03541315345699831
1 0.9311838306063523 0.28667790893760536 0.016361886429258905 0.047217537942664416
1 0.7844080846968239 0.14671163575042157 0.013474494706448509 0.03035413153456998
