1 0.1074014481094127 0.5177304964539008 0.04907481898632341 0.09361702127659575
1 0.23250201126307318 0.3475177304964539 0.020917135961383747 0.03120567375886525
1 0.29404666130329843 0.3453900709219858 0.015285599356395816 0.04397163120567376
1 0.2984714400643604 0.3695035460992908 0.017699115044247787 0.04113475177304965
1 0.33588093322606594 0.35390070921985817 0.023330651649235718 0.04397163120567376
1 0.2900241351568785 0.3049645390070922 0.016894609814963796 0.03120567375886525
1 0.3592115848753017 0.33049645390070925 0.016894609814963796 0.03404255319148936
1 0.3616251005631536 0.2943262411347518 0.018503620273531775 0.03546099290780142
1 0.3825422365245374 0.33546099290780146 0.018503620273531775 0.03829787234042553
1 0.417135961383749 0.3368794326241135 0.02011263073209976 0.03546099290780142
1 0.3974255832662912 0.2546099290780142 0.016090104585679804 0.03262411347517731
1 0.4219629927594529 0.2609929078014185 0.013676588897827835 0.03120567375886525
1 0.40989541432019305 0.30638297872340425 0.018503620273531775 0.03120567375886525
1 0.4396621078037007 0.30638297872340425 0.02172164119066774 0.03687943262411348
1 0.4501206757843926 0.33971631205673763 0.024939662107803698 0.03829787234042553
1 0.4690265486725663 0.30638297872340425 0.019308125502815767 0.03404255319148936
1 0.4469026548672566 0.2695035460992908 0.016894609814963796 0.03404255319148936
1 0.4557522123893805 0.2539007092198582 0.013676588897827835 0.028368794326241138
1 0.4698310539018503 0.2695035460992908 0.014481094127111824 0.03120567375886525
1 0.46701528559935634 0.23687943262411348 0.012067578439259855 0.019858156028368795
1 0.49557522123893805 0.26382978723404255 0.016090104585679804 0.028368794326241138
1 0.5386162510056315 0.25319148936170216 0.015285599356395816 0.03546099290780142
1 0.5152855993563957 0.25106382978723407 0.012067578439259855 0.025531914893617023
1 0.5185036202735317 0.2588652482269504 0.015285599356395816 0.029787234042553193
1 0.5108608205953339 0.31560283687943264 0.019308125502815767 0.04397163120567376
1 0.5172968624296057 0.2943262411347518 0.014481094127111824 0.03262411347517731
1 0.5526950925181013 0.2865248226950355 0.019308125502815767 0.03687943262411348
1 0.5490748189863234 0.22836879432624116 0.016894609814963796 0.028368794326241138
1 0.5659694288012872 0.2673758865248227 0.018503620273531775 0.04113475177304965
1 0.5736122284794851 0.24397163120567378 0.012872083668543845 0.028368794326241138
1 0.5716009654062751 0.2219858156028369 0.013676588897827835 0.02695035460992908
1 0.5961383748994368 0.25035460992907804 0.012872083668543845 0.02695035460992908
1 0.6005631536604987 0.2269503546099291 0.012067578439259855 0.02269503546099291
1 0.6098149637972646 0.20780141843971633 0.012872083668543845 0.029787234042553193
1 0.6242960579243765 0.2127659574468085 0.014481094127111824 0.025531914893617023
1 0.6319388576025744 0.22765957446808513 0.013676588897827835 0.03262411347517731
1 0.6395816572807723 0.24539007092198584 0.017699115044247787 0.028368794326241138
1 0.659694288012872 0.21914893617021278 0.012872083668543845 0.024113475177304965
1 0.6693483507642799 0.23049645390070925 0.011263073209975865 0.03262411347517731
1 0.6794046661303298 0.23120567375886528 0.012067578439259855 0.025531914893617023
1 0.6729686242960579 0.26666666666666666 0.015285599356395816 0.03404255319148936
1 0.6307320997586484 0.2914893617021277 0.017699115044247787 0.03829787234042553
1 0.6476267095736122 0.3312056737588653 0.020917135961383747 0.03829787234042553
1 0.5941271118262268 0.3219858156028369 0.02172164119066774 0.03971631205673759
1 0.6049879324215607 0.37304964539007096 0.02574416733708769 0.04255319148936171
1 0.6460176991150443 0.3879432624113475 0.030571198712791632 0.05815602836879433
1 0.7023330651649236 0.2595744680851064 0.014481094127111824 0.03404255319148936
1 0.7280772325020112 0.2624113475177305 0.012872083668543845 0.03687943262411348
1 0.7369267900241351 0.24893617021276598 0.012872083668543845 0.029787234042553193
1 0.745374094931617 0.22978723404255322 0.013676588897827835 0.03120567375886525
1 0.7739340305711987 0.2446808510638298 0.012872083668543845 0.029787234042553193
1 0.7658889782783588 0.26666666666666666 0.014481094127111824 0.03404255319148936
1 0.7618664521319388 0.2872340425531915 0.016090104585679804 0.03262411347517731
1 0.7196299275945294 0.2886524822695036 0.016894609814963796 0.03546099290780142
1 0.8020917135961383 0.24822695035460995 0.012872083668543845 0.03120567375886525
1 0.829847144006436 0.2652482269503546 0.012067578439259855 0.03120567375886525
1 0.8507642799678198 0.2673758865248227 0.013676588897827835 0.03546099290780142
1 0.8644408688656475 0.2609929078014185 0.013676588897827835 0.03404255319148936
1 0.8547868061142397 0.28368794326241137 0.013676588897827835 0.03404255319148936
1 0.8897827835880933 0.2971631205673759 0.014481094127111824 0.03829787234042553
1 0.9211584875301689 0.2794326241134752 0.012872083668543845 0.025531914893617023
1 0.9235720032180209 0.3049645390070922 0.011263073209975865 0.03120567375886525
1 0.9288012872083667 0.3312056737588653 0.016894609814963796 0.04113475177304965
1 0.9219629927594529 0.34822695035460993 0.011263073209975865 0.03829787234042553
1 0.8765084473049074 0.32056737588652484 0.015285599356395816 0.03120567375886525
1 0.8395012067578439 0.30921985815602837 0.013676588897827835 0.03120567375886525
1 0.8089300080450522 0.299290780141844 0.015285599356395816 0.03120567375886525
1 0.8101367658889782 0.275177304964539 0.016090104585679804 0.03404255319148936
1 0.8105390185036202 0.33262411347517734 0.02011263073209976 0.04397163120567376
1 0.8632341110217215 0.3709219858156029 0.019308125502815767 0.04113475177304965
1 0.8958165728077232 0.3921985815602837 0.02172164119066774 0.05815602836879433
1 0.9050683829444891 0.3382978723404256 0.012872083668543845 0.03262411347517731
1 0.9002413515687852 0.4638297872340426 0.02735317779565567 0.07092198581560284
1 0.8523732904263878 0.41773049645390076 0.024939662107803698 0.04964539007092199
1 0.833065164923572 0.43546099290780144 0.02172164119066774 0.059574468085106386
1 0.7956556717618664 0.3758865248226951 0.020917135961383747 0.05390070921985816
1 0.6942880128720836 0.349645390070922 0.020917135961383747 0.04680851063829788
1 0.6786001609010458 0.324113475177305 0.02172164119066774 0.04680851063829788
1 0.7312952534191471 0.4063829787234043 0.02413515687851971 0.055319148936170216
1 0.7727272727272727 0.44255319148936173 0.02654867256637168 0.056737588652482275
1 0.6693483507642799 0.4375886524822695 0.03378921962992759 0.055319148936170216
1 0.7119871279163315 0.4723404255319149 0.030571198712791632 0.07659574468085106
1 0.8101367658889782 0.499290780141844 0.02896218825422365 0.06524822695035462
1 0.500804505229284 0.37730496453900714 0.02654867256637168 0.059574468085106386
1 0.5337892196299275 0.373758865248227 0.02654867256637168 0.052482269503546106
1 0.5430410297666934 0.4085106382978724 0.030571198712791632 0.059574468085106386
1 0.6118262268704746 0.42624113475177305 0.0329847144006436 0.06382978723404256
