1 0.08347978910369068 0.5649867374005305 0.08963093145869946 0.16976127320954906
1 0.056239015817223195 0.4456233421750663 0.07381370826010544 0.11671087533156498
1 0.09402460456942002 0.42572944297082227 0.05799648506151142 0.10875331564986737
1 0.07996485061511423 0.3209549071618037 0.05448154657293497 0.09549071618037135
1 0.058875219683655534 0.27984084880636606 0.03339191564147627 0.03978779840848806
1 0.12390158172231985 0.29708222811671087 0.050966608084358524 0.08488063660477453
1 0.1695957820738137 0.29310344827586204 0.03690685413005272 0.0716180371352785
1 0.21880492091388398 0.34350132625994695 0.04393673110720562 0.07692307692307691
1 0.21880492091388398 0.3037135278514589 0.03690685413005272 0.05039787798408488
1 0.21441124780316342 0.2718832891246684 0.03163444639718805 0.04509283819628647
1 0.1906854130052724 0.4535809018567639 0.06502636203866433 0.11671087533156498
1 0.2258347978910369 0.41909814323607425 0.05448154657293497 0.10079575596816975
1 0.34885764499121263 0.5477453580901857 0.10017574692442882 0.15649867374005305
1 0.34270650263620384 0.4429708222811671 0.06678383128295254 0.08488063660477453
1 0.3251318101933216 0.3859416445623342 0.0492091388400703 0.07692307692307691
1 0.3339191564147627 0.35013262599469497 0.0492091388400703 0.07957559681697612
1 0.30667838312829526 0.3196286472148541 0.04393673110720562 0.07692307692307691
1 0.27768014059753954 0.29575596816976124 0.0421792618629174 0.07692307692307691
1 0.3453427065026362 0.2625994694960212 0.040421792618629174 0.07427055702917772
1 0.4112478031634446 0.2493368700265252 0.03866432337434095 0.06896551724137931
1 0.4015817223198594 0.3037135278514589 0.040421792618629174 0.06100795755968169
1 0.4086115992970123 0.3673740053050398 0.04393673110720562 0.09283819628647215
1 0.44200351493848855 0.3938992042440318 0.05448154657293497 0.09283819628647215
1 0.4929701230228471 0.46816976127320953 0.06502636203866433 0.10875331564986737
1 0.5351493848857645 0.539787798408488 0.07908611599297012 0.11936339522546419
1 0.5017574692442882 0.2917771883289125 0.04745166959578207 0.07427055702917772
1 0.5536028119507909 0.34084880636604775 0.0421792618629174 0.08222811671087532
1 0.5992970123022847 0.28779840848806365 0.035149384885764495 0.0663129973474801
1 0.6309314586994728 0.33156498673740054 0.035149384885764495 0.06896551724137931
1 0.640597539543058 0.3885941644562334 0.04745166959578207 0.08753315649867374
1 0.6757469244288224 0.3103448275862069 0.03690685413005272 0.06896551724137931
1 0.6678383128295254 0.2625994694960212 0.028119507908611598 0.04774535809018567
1 0.734622144112478 0.29310344827586204 0.035149384885764495 0.055702917771883284
1 0.7521968365553602 0.3262599469496021 0.056239015817223195 0.06896551724137931
1 0.7469244288224955 0.3673740053050398 0.0492091388400703 0.07692307692307691
1 0.7434094903339191 0.4416445623342175 0.05975395430579965 0.10875331564986737
1 0.8321616871704745 0.4416445623342175 0.050966608084358524 0.11405835543766578
1 0.8629173989455184 0.4005305039787798 0.05272407732864674 0.10610079575596816
1 0.8163444639718804 0.3183023872679045 0.04745166959578207 0.09018567639257294
1 0.9402460456942003 0.5384615384615384 0.08084358523725835 0.143236074270557
1 0.9507908611599296 0.3938992042440318 0.0492091388400703 0.10344827586206896
1 0.9349736379613356 0.36339522546419095 0.0421792618629174 0.08488063660477453
