1 0.40602696272799366 0.46723044397463004 0.022204599524187154 0.03382663847780127
1 0.4817605075337034 0.47198731501057084 0.02141157811260904 0.03699788583509514
1 0.5499603489294211 0.47198731501057084 0.016653449643140365 0.0306553911205074
1 0.6185567010309279 0.46511627906976744 0.025376685170499604 0.03594080338266385
1 0.38263283108643936 0.8298097251585624 0.11974623314829501 0.13742071881606766
1 0.41792228390166536 0.6390063424947147 0.07137192704203013 0.09408033826638479
1 0.42942109436954795 0.5845665961945032 0.0499603489294211 0.06342494714587738
1 0.4536082474226804 0.5607822410147992 0.0317208564631245 0.051797040169133196
1 0.43338620142743856 0.5433403805496829 0.030927835051546393 0.048625792811839326
1 0.4742268041237113 0.5343551797040169 0.03013481363996828 0.03699788583509514
1 0.46510705789056306 0.5100422832980973 0.02458366375892149 0.02854122621564482
1 0.38818398096748613 0.5470401691331924 0.035685963521015066 0.06025369978858351
1 0.37787470261697065 0.5121564482029598 0.029341792228390166 0.03488372093023256
1 0.2720063441712926 0.6141649048625794 0.052339413164155434 0.08033826638477802
1 0.2521808088818398 0.8224101479915433 0.0999206978588422 0.12050739957716702
1 0.0662172878667724 0.7626849894291755 0.09595559080095163 0.11945031712473574
1 0.09238699444885012 0.6168076109936576 0.05947660586835844 0.08350951374207188
1 0.03330689928628073 0.6025369978858351 0.04916732751784298 0.0718816067653277
1 0.052339413164155434 0.547568710359408 0.03806502775574941 0.052854122621564484
1 0.07216494845360824 0.5137420718816068 0.03330689928628073 0.042283298097251586
1 0.01942902458366376 0.5343551797040169 0.029341792228390166 0.04756871035940804
1 0.10824742268041238 0.5560253699788583 0.04203013481363997 0.048625792811839326
1 0.21213322759714512 0.6294926004228331 0.05947660586835844 0.09408033826638479
1 0.29262490087232357 0.5819238900634249 0.04282315622521808 0.062367864693446094
1 0.2874702616970658 0.5332980972515856 0.029341792228390166 0.0412262156448203
1 0.3084853291038858 0.5174418604651163 0.025376685170499604 0.03488372093023256
1 0.18160190325138778 0.5665961945031712 0.041237113402061855 0.05708245243128964
1 0.19706582077716098 0.5459830866807611 0.029341792228390166 0.0412262156448203
1 0.20182394924662966 0.5232558139534884 0.022997620935765267 0.03382663847780127
1 0.22363203806502777 0.5121564482029598 0.025376685170499604 0.03488372093023256
1 0.1570182394924663 0.547568710359408 0.03647898493259318 0.042283298097251586
1 0.14353687549563837 0.5280126849894292 0.028548770816812053 0.039112050739957716
1 0.8215701823949246 0.7087737843551797 0.07295796986518636 0.1025369978858351
1 0.7850911974623315 0.6448202959830867 0.06502775574940524 0.09513742071881608
1 0.7383029341792229 0.6057082452431289 0.05075337034099921 0.07399577167019028
1 0.6966693100713719 0.5798097251585624 0.046788263283108644 0.06659619450317125
1 0.6455194290245837 0.5375264270613108 0.04282315622521808 0.062367864693446094
1 0.6114195083267249 0.5174418604651163 0.03013481363996828 0.0412262156448203
1 0.6241078509119746 0.5021141649048626 0.023790642347343377 0.03171247357293869
1 0.7434575733544806 0.5523255813953488 0.03727200634417129 0.06025369978858351
1 0.7168913560666138 0.5301268498942918 0.025376685170499604 0.03276955602536998
1 0.7049960348929422 0.5095137420718816 0.025376685170499604 0.027484143763213533
1 0.6927042030134813 0.4963002114164905 0.02775574940523394 0.03699788583509514
1 0.7882632831086439 0.5528541226215645 0.03013481363996828 0.048625792811839326
1 0.8271213322759714 0.5739957716701903 0.03965107057890563 0.052854122621564484
1 0.8596352101506741 0.5338266384778013 0.034892942109436956 0.05708245243128964
1 0.8992862807295797 0.596723044397463 0.05551149881046788 0.08773784355179705
1 0.972244250594766 0.5761099365750528 0.045995241871530534 0.0718816067653277
1 0.9599524187153053 0.5301268498942918 0.035685963521015066 0.056025369978858354
1 0.9833465503568596 0.5036997885835095 0.03330689928628073 0.04334038054968288
1 0.9425059476605868 0.4952431289640592 0.03409992069785884 0.04756871035940804
1 0.9238699444885012 0.5359408033826639 0.03330689928628073 0.04439746300211417
1 0.901665344964314 0.5443974630021142 0.03330689928628073 0.04439746300211417
1 0.865979381443299 0.5079281183932347 0.025376685170499604 0.03699788583509514
1 0.9032513877874703 0.49577167019027485 0.02696272799365583 0.04016913319238901
1 0.8433782712133228 0.4973572938689218 0.029341792228390166 0.039112050739957716
1 0.8223632038065027 0.5274841437632135 0.03330689928628073 0.052854122621564484
1 0.7854877081681205 0.5105708245243129 0.03251387787470262 0.04439746300211417
1 0.7644726407613005 0.5026427061310782 0.02696272799365583 0.04334038054968288
