1 0.089 0.3733333333333333 0.034 0.042666666666666665
1 0.158 0.376 0.048 0.05333333333333333
1 0.058 0.6333333333333333 0.076 0.08266666666666667
1 0.278 0.58 0.08 0.088
1 0.53 0.5213333333333333 0.068 0.07733333333333334
1 0.616 0.484 0.064 0.072
1 0.722 0.532 0.07200000000000001 0.07733333333333334
1 0.739 0.4093333333333333 0.054 0.07733333333333334
1 0.863 0.5 0.07 0.088
1 0.45 0.45599999999999996 0.056 0.06933333333333333
1 0.34400000000000003 0.5 0.056 0.06133333333333333
1 0.301 0.352 0.038 0.058666666666666666
1 0.35000000000000003 0.352 0.036000000000000004 0.058666666666666666
1 0.399 0.344 0.042 0.048
1 0.445 0.368 0.034 0.048
1 0.40700000000000003 0.4093333333333333 0.046 0.056
