1 0.11755952380952381 0.40453686200378075 0.03273809523809523 0.052930056710775046
1 0.13169642857142858 0.43856332703213613 0.02827380952380952 0.05671077504725898
1 0.15922619047619047 0.41587901701323254 0.03869047619047619 0.06049149338374291
1 0.19419642857142855 0.4111531190926276 0.03720238095238095 0.06616257088846882
1 0.22991071428571427 0.4064272211720227 0.043154761904761904 0.06805293005671077
1 0.2745535714285714 0.4120982986767486 0.04613095238095238 0.07939508506616258
1 0.33407738095238093 0.44045368620037806 0.05208333333333333 0.08695652173913043
1 0.40476190476190477 0.4508506616257089 0.05357142857142857 0.10396975425330814
1 0.4657738095238095 0.43100189035916825 0.050595238095238096 0.10207939508506617
1 0.5491071428571428 0.41304347826086957 0.03273809523809523 0.05103969754253308
1 0.5848214285714285 0.41398865784499056 0.03273809523809523 0.052930056710775046
1 0.644345238095238 0.41304347826086957 0.03571428571428571 0.062381852551984876
1 0.6897321428571428 0.3950850661625709 0.03125 0.045368620037807186
1 0.7514880952380952 0.42155009451795844 0.03571428571428571 0.06427221172022685
1 0.7924107142857142 0.4064272211720227 0.04613095238095238 0.06427221172022685
1 0.8660714285714285 0.444234404536862 0.047619047619047616 0.07561436672967864
