1 0.032303370786516857 0.3739770867430442 0.03089887640449438 0.06382978723404256
1 0.05290262172284644 0.3739770867430442 0.023408239700374533 0.05728314238952537
1 0.3848314606741573 0.19803600654664485 0.02059925093632959 0.03927986906710311
1 0.3871722846441948 0.2741407528641571 0.03089887640449438 0.060556464811783964
1 0.4541198501872659 0.220949263502455 0.028089887640449437 0.04909983633387889
1 0.5706928838951311 0.13175122749590834 0.023408239700374533 0.03436988543371522
1 0.6933520599250936 0.07037643207855974 0.017790262172284646 0.03600654664484452
1 0.6970973782771536 0.17757774140752866 0.019662921348314606 0.04746317512274959
1 0.5931647940074907 0.24959083469721768 0.03089887640449438 0.05400981996726678
1 0.5617977528089888 0.31833060556464815 0.04119850187265918 0.08346972176759411
