1 0.016666666666666666 0.45208333333333334 0.030555555555555558 0.075
1 0.09444444444444444 0.43124999999999997 0.05 0.07916666666666666
1 0.10833333333333334 0.46041666666666664 0.04166666666666667 0.07916666666666666
1 0.09027777777777778 0.49895833333333334 0.05555555555555556 0.08541666666666667
1 0.0763888888888889 0.6145833333333334 0.08333333333333334 0.13333333333333333
1 0.19791666666666669 0.578125 0.0763888888888889 0.12291666666666666
1 0.2451388888888889 0.4895833333333333 0.05416666666666667 0.09166666666666666
1 0.3201388888888889 0.5635416666666666 0.07083333333333333 0.13125
1 0.22361111111111112 0.7677083333333333 0.10277777777777779 0.15625
1 0.2777777777777778 0.7177083333333333 0.08055555555555556 0.16458333333333333
1 0.46875 0.5958333333333333 0.06527777777777778 0.09583333333333333
1 0.4569444444444445 0.5229166666666667 0.05555555555555556 0.09583333333333333
1 0.5083333333333333 0.725 0.11111111111111112 0.2125
1 0.5576388888888889 0.6572916666666666 0.06527777777777778 0.13125
1 0.5291666666666667 0.5604166666666667 0.06666666666666667 0.12083333333333333
1 0.5625 0.55625 0.044444444444444446 0.10416666666666667
1 0.6715277777777778 0.5583333333333333 0.07083333333333333 0.10416666666666667
1 0.7513888888888889 0.6375 0.08888888888888889 0.15
1 0.8013888888888889 0.5645833333333333 0.05555555555555556 0.09583333333333333
1 0.8416666666666667 0.6135416666666667 0.061111111111111116 0.10208333333333333
1 0.9104166666666667 0.6479166666666667 0.0763888888888889 0.125
1 0.9458333333333334 0.575 0.05 0.09166666666666666
1 0.976388888888889 0.5989583333333334 0.036111111111111115 0.08125
1 0.8722222222222222 0.33125 0.058333333333333334 0.10833333333333334
