1 0.05137844611528822 0.64 0.09774436090225563 0.16666666666666669
1 0.07518796992481203 0.8533333333333334 0.14035087719298245 0.29333333333333333
1 0.2593984962406015 0.6733333333333333 0.11779448621553884 0.14
1 0.2756892230576441 0.5616666666666666 0.07017543859649122 0.11
1 0.15288220551378445 0.5216666666666667 0.06015037593984962 0.07666666666666667
1 0.08020050125313283 0.5483333333333333 0.08020050125313283 0.10333333333333335
1 0.19799498746867167 0.4766666666666667 0.045112781954887216 0.060000000000000005
1 0.2656641604010025 0.45333333333333337 0.05012531328320802 0.06666666666666667
1 0.2844611528822055 0.4766666666666667 0.042606516290726815 0.04666666666666667
1 0.3270676691729323 0.45833333333333337 0.03258145363408521 0.05666666666666667
1 0.3383458646616541 0.5466666666666667 0.05012531328320802 0.07333333333333333
1 0.38972431077694236 0.5383333333333333 0.05263157894736842 0.09666666666666668
1 0.42355889724310775 0.53 0.045112781954887216 0.07333333333333333
1 0.3872180451127819 0.48333333333333334 0.042606516290726815 0.060000000000000005
1 0.43859649122807015 0.4866666666666667 0.03508771929824561 0.060000000000000005
1 0.47869674185463656 0.5133333333333334 0.040100250626566414 0.060000000000000005
1 0.5651629072681704 0.39666666666666667 0.05764411027568922 0.10666666666666667
1 0.7180451127819548 0.4683333333333334 0.03759398496240601 0.05666666666666667
1 0.7368421052631579 0.49333333333333335 0.03508771929824561 0.05333333333333334
1 0.7543859649122806 0.5866666666666667 0.07017543859649122 0.13333333333333333
1 0.7656641604010025 0.5083333333333334 0.03258145363408521 0.043333333333333335
1 0.7857142857142857 0.4783333333333334 0.03759398496240601 0.05666666666666667
1 0.844611528822055 0.52 0.045112781954887216 0.06666666666666667
1 0.8659147869674185 0.5700000000000001 0.05764411027568922 0.08
1 0.9448621553884711 0.6083333333333334 0.08521303258145363 0.13
1 0.8897243107769424 0.5033333333333334 0.03508771929824561 0.060000000000000005
1 0.9360902255639098 0.5133333333333334 0.03759398496240601 0.060000000000000005
1 0.9786967418546365 0.5066666666666667 0.042606516290726815 0.08
1 0.9448621553884711 0.7516666666666667 0.10526315789473684 0.16333333333333333
