1 0.10768995098039215 0.4203804347826087 0.02420343137254902 0.051630434782608696
1 0.15747549019607843 0.39809782608695654 0.031862745098039214 0.06684782608695652
1 0.1919424019607843 0.41494565217391305 0.02849264705882353 0.058152173913043476
1 0.23682598039215685 0.40625 0.034926470588235295 0.06032608695652174
1 0.2991727941176471 0.4032608695652174 0.0272671568627451 0.0641304347826087
1 0.3166360294117647 0.37472826086956523 0.02420343137254902 0.05923913043478261
1 0.34175857843137253 0.39510869565217394 0.03707107843137255 0.07282608695652174
1 0.41130514705882354 0.44021739130434784 0.03707107843137255 0.06956521739130435
1 0.42769607843137253 0.4092391304347826 0.027573529411764705 0.06195652173913044
1 0.47181372549019607 0.46059782608695654 0.04105392156862745 0.0766304347826087
1 0.5370710784313726 0.4796195652173913 0.034926470588235295 0.06902173913043479
1 0.6268382352941176 0.4116847826086957 0.0428921568627451 0.08641304347826087
1 0.7149203431372549 0.44755434782608694 0.04381127450980392 0.09402173913043478
1 0.7409620098039216 0.3918478260869565 0.03216911764705882 0.08152173913043478
1 0.821844362745098 0.4625 0.0585171568627451 0.1108695652173913
1 0.8719362745098039 0.4081521739130435 0.04595588235294117 0.0891304347826087
