1 0.195 0.33783783783783783 0.14200000000000002 0.17717717717717718
1 0.27 0.5285285285285285 0.032 0.05405405405405406
1 0.365 0.484984984984985 0.026000000000000002 0.05105105105105105
1 0.406 0.496996996996997 0.028 0.04504504504504504
1 0.384 0.6036036036036035 0.036000000000000004 0.07207207207207207
1 0.442 0.6216216216216216 0.048 0.09009009009009009
1 0.454 0.481981981981982 0.02 0.03303303303303303
1 0.481 0.46996996996997 0.022 0.04504504504504504
1 0.517 0.45945945945945943 0.022 0.036036036036036036
1 0.561 0.45345345345345345 0.022 0.036036036036036036
1 0.533 0.512012012012012 0.034 0.06306306306306306
1 0.578 0.5630630630630631 0.036000000000000004 0.06306306306306306
1 0.5710000000000001 0.6936936936936937 0.08600000000000001 0.15015015015015015
1 0.8190000000000001 0.9114114114114114 0.138 0.17717717717717718
1 0.6980000000000001 0.596096096096096 0.048 0.08108108108108109
1 0.616 0.5165165165165165 0.024 0.036036036036036036
1 0.6890000000000001 0.46846846846846846 0.026000000000000002 0.04804804804804805
1 0.7010000000000001 0.4984984984984985 0.026000000000000002 0.04204204204204204
1 0.742 0.4774774774774775 0.032 0.04804804804804805
1 0.788 0.515015015015015 0.044 0.06306306306306306
1 0.838 0.487987987987988 0.036000000000000004 0.05105105105105105
1 0.91 0.5255255255255256 0.048 0.07807807807807808
1 0.925 0.6216216216216216 0.074 0.12612612612612611
1 0.9390000000000001 0.484984984984985 0.038 0.06306306306306306
