1 0.614375 0.6425000000000001 0.03125 0.04833333333333334
1 0.595625 0.7816666666666667 0.051250000000000004 0.08
1 0.72375 0.8016666666666667 0.07 0.09000000000000001
1 0.828125 0.7416666666666667 0.043750000000000004 0.06333333333333334
1 0.90625 0.7725000000000001 0.0575 0.09166666666666667
1 0.519375 0.7991666666666667 0.05375 0.07166666666666667
1 0.550625 0.7766666666666667 0.03875 0.060000000000000005
1 0.420625 0.8016666666666667 0.04875 0.060000000000000005
1 0.444375 0.78 0.03875 0.04666666666666667
1 0.365 0.79 0.0475 0.04666666666666667
1 0.328125 0.7741666666666667 0.03625 0.045000000000000005
1 0.134375 0.8333333333333334 0.09625 0.13
1 0.18625 0.8041666666666667 0.0525 0.07833333333333334
