1 0.13474903474903474 0.24861111111111112 0.06563706563706563 0.13333333333333333
1 0.21621621621621623 0.16944444444444445 0.055598455598455596 0.14166666666666666
1 0.33976833976833976 0.325 0.050965250965250966 0.11944444444444445
1 0.42046332046332047 0.29097222222222224 0.04555984555984556 0.11527777777777778
1 0.5077220077220077 0.3111111111111111 0.04555984555984556 0.10555555555555556
1 0.5911196911196911 0.2555555555555556 0.054826254826254826 0.10833333333333334
1 0.6718146718146718 0.20486111111111113 0.05868725868725869 0.12361111111111112
1 0.7992277992277992 0.14722222222222223 0.07258687258687259 0.17222222222222222
1 0.45714285714285713 0.6534722222222222 0.06177606177606178 0.12916666666666668
1 0.3416988416988417 0.6416666666666667 0.06872586872586872 0.1277777777777778
