1 0.2048331415420023 0.3525252525252525 0.039125431530494824 0.08282828282828283
1 0.2859608745684695 0.25252525252525254 0.01726121979286536 0.03636363636363636
1 0.3130034522439586 0.22323232323232323 0.01380897583429229 0.026262626262626262
1 0.34522439585730724 0.22525252525252526 0.01611047180667434 0.030303030303030304
1 0.3176064441887227 0.27070707070707073 0.01611047180667434 0.0404040404040404
1 0.3383199079401611 0.2787878787878788 0.01611047180667434 0.028282828282828285
1 0.3716915995397008 0.2080808080808081 0.011507479861910242 0.0202020202020202
1 0.38377445339470656 0.2 0.01726121979286536 0.028282828282828285
1 0.3768699654775604 0.2292929292929293 0.01726121979286536 0.026262626262626262
1 0.4240506329113924 0.21616161616161617 0.014959723820483314 0.028282828282828285
1 0.42692750287687 0.17676767676767677 0.01611047180667434 0.030303030303030304
1 0.4390103567318757 0.19696969696969696 0.01726121979286536 0.030303030303030304
1 0.45972382048331417 0.2080808080808081 0.01726121979286536 0.03636363636363636
1 0.45512082853855007 0.1717171717171717 0.014959723820483314 0.028282828282828285
1 0.44936708860759494 0.15454545454545454 0.014959723820483314 0.026262626262626262
1 0.4718066743383199 0.15353535353535352 0.01611047180667434 0.028282828282828285
1 0.4844649021864212 0.1404040404040404 0.01380897583429229 0.022222222222222223
1 0.47871116225546606 0.1686868686868687 0.01611047180667434 0.026262626262626262
1 0.4298043728423475 0.27474747474747474 0.024165707710011506 0.0404040404040404
1 0.49769850402761795 0.20202020202020202 0.014959723820483314 0.03232323232323232
1 0.5195627157652474 0.2080808080808081 0.01726121979286536 0.03232323232323232
1 0.549482163406214 0.16767676767676767 0.01726121979286536 0.03636363636363636
1 0.5701956271576525 0.17777777777777778 0.014959723820483314 0.024242424242424242
1 0.5817031070195627 0.15656565656565657 0.014959723820483314 0.026262626262626262
1 0.5678941311852704 0.1414141414141414 0.014959723820483314 0.024242424242424242
1 0.5569620253164557 0.1202020202020202 0.011507479861910242 0.01818181818181818
1 0.5270425776754891 0.14747474747474748 0.01380897583429229 0.024242424242424242
1 0.5339470655926352 0.13232323232323231 0.01380897583429229 0.01818181818181818
1 0.5828538550057537 0.12525252525252525 0.014959723820483314 0.024242424242424242
1 0.5920598388952819 0.10202020202020202 0.012658227848101266 0.022222222222222223
1 0.616800920598389 0.10101010101010101 0.011507479861910242 0.0202020202020202
1 0.6127733026467204 0.11717171717171718 0.012658227848101266 0.0202020202020202
1 0.6334867663981588 0.12222222222222222 0.014959723820483314 0.022222222222222223
1 0.6415420023014959 0.10101010101010101 0.012658227848101266 0.0202020202020202
1 0.6196777905638665 0.14545454545454545 0.014959723820483314 0.028282828282828285
1 0.6904487917146145 0.09898989898989899 0.011507479861910242 0.028282828282828285
1 0.6685845799769851 0.12424242424242424 0.011507479861910242 0.022222222222222223
1 0.6570771001150748 0.1696969696969697 0.01380897583429229 0.03232323232323232
1 0.6070195627157653 0.21515151515151515 0.019562715765247412 0.03838383838383838
1 0.6685845799769851 0.20606060606060606 0.01380897583429229 0.028282828282828285
1 0.6967779056386652 0.18484848484848485 0.014959723820483314 0.030303030303030304
1 0.6887226697353279 0.15757575757575756 0.014959723820483314 0.028282828282828285
1 0.7100115074798619 0.1393939393939394 0.01380897583429229 0.024242424242424242
1 0.733601841196778 0.12525252525252525 0.014959723820483314 0.028282828282828285
1 0.7577675489067894 0.10909090909090909 0.012658227848101266 0.024242424242424242
1 0.7451093210586881 0.1404040404040404 0.012658227848101266 0.022222222222222223
1 0.7686996547756041 0.13333333333333333 0.01380897583429229 0.028282828282828285
1 0.737054085155351 0.16464646464646465 0.012658227848101266 0.026262626262626262
1 0.7474108170310702 0.19595959595959597 0.014959723820483314 0.03232323232323232
1 0.760644418872267 0.18686868686868688 0.01380897583429229 0.022222222222222223
1 0.7997698504027618 0.18383838383838383 0.01380897583429229 0.028282828282828285
1 0.8049482163406214 0.14343434343434344 0.012658227848101266 0.0202020202020202
1 0.80897583429229 0.12828282828282828 0.01380897583429229 0.022222222222222223
1 0.8308400460299195 0.14242424242424243 0.01380897583429229 0.026262626262626262
1 0.8457997698504027 0.15151515151515152 0.011507479861910242 0.0202020202020202
1 0.8227848101265823 0.17373737373737375 0.011507479861910242 0.028282828282828285
1 0.8429228998849252 0.18787878787878787 0.014959723820483314 0.03636363636363636
1 0.8665132336018412 0.14444444444444443 0.01380897583429229 0.03434343434343434
1 0.8785960874568469 0.19090909090909092 0.012658227848101266 0.03434343434343434
1 0.8705408515535098 0.2292929292929293 0.01726121979286536 0.04242424242424243
1 0.8998849252013809 0.1404040404040404 0.009205983889528193 0.026262626262626262
1 0.8952819332566168 0.16767676767676767 0.01380897583429229 0.03232323232323232
1 0.9246260069044879 0.15757575757575756 0.010356731875719217 0.028282828282828285
1 0.930379746835443 0.15757575757575756 0.010356731875719217 0.0202020202020202
1 0.9234752589182968 0.18686868686868688 0.014959723820483314 0.04242424242424243
1 0.9154200230149597 0.2818181818181818 0.019562715765247412 0.05454545454545454
1 0.7698504027617952 0.2909090909090909 0.023014959723820484 0.052525252525252523
1 0.715765247410817 0.2898989898989899 0.023014959723820484 0.046464646464646465
1 0.6783659378596087 0.3303030303030303 0.026467203682393557 0.05858585858585859
1 0.6634062140391255 0.25656565656565655 0.02186421173762946 0.048484848484848485
1 0.7013808975834293 0.22525252525252526 0.019562715765247412 0.03838383838383838
1 0.6052934407364787 0.26666666666666666 0.020713463751438434 0.044444444444444446
1 0.6024165707710012 0.3333333333333333 0.026467203682393557 0.052525252525252523
1 0.546029919447641 0.30404040404040406 0.024165707710011506 0.050505050505050504
1 0.5598388952819332 0.2515151515151515 0.019562715765247412 0.03838383838383838
1 0.49136939010356734 0.301010101010101 0.023014959723820484 0.044444444444444446
