1 0.19404761904761905 0.48201936376210236 0.04047619047619048 0.08713692946058092
1 0.49166666666666664 0.31466113416320884 0.03253968253968254 0.05394190871369295
1 0.43253968253968256 0.2669432918395574 0.01904761904761905 0.03872752420470263
1 0.43214285714285716 0.21715076071922546 0.01507936507936508 0.03319502074688797
1 0.4511904761904762 0.2330567081604426 0.018253968253968255 0.034578146611341634
1 0.6067460317460317 0.1839557399723375 0.016666666666666666 0.03042876901798064
1 0.5428571428571428 0.3603042876901798 0.022222222222222223 0.048409405255878286
1 0.719047619047619 0.14315352697095438 0.015873015873015872 0.03734439834024896
1 0.7476190476190476 0.14246196403872755 0.014285714285714285 0.0359612724757953
1 0.8853174603174603 0.22130013831258646 0.01507936507936508 0.041493775933609964
