1 0.08995502248875561 0.4015984015984016 0.07196401799100449 0.0939060939060939
1 0.0843328335832084 0.3321678321678322 0.04872563718140929 0.056943056943056944
1 0.1750374812593703 0.34765234765234765 0.03823088455772114 0.061938061938061936
1 0.21026986506746626 0.36813186813186816 0.05622188905547226 0.07692307692307693
1 0.21251874062968515 0.3191808191808192 0.03973013493253373 0.05094905094905095
1 0.27023988005997 0.3196803196803197 0.03523238380809595 0.053946053946053944
1 0.2889805097451274 0.36713286713286714 0.04872563718140929 0.06293706293706294
1 0.3110944527736132 0.3116883116883117 0.031484257871064465 0.04195804195804196
1 0.35419790104947524 0.3356643356643357 0.04422788605697151 0.07392607392607392
1 0.44940029985007496 0.3181818181818182 0.02623688155922039 0.04095904095904096
1 0.3931784107946027 0.32517482517482516 0.02623688155922039 0.03696303696303696
1 0.41641679160419787 0.36813186813186816 0.0457271364317841 0.056943056943056944
1 0.4962518740629685 0.3581418581418581 0.03298350824587706 0.052947052947052944
1 0.5269865067466266 0.36313686313686316 0.029985007496251874 0.04495504495504495
1 0.5299850074962519 0.33466533466533466 0.029985007496251874 0.03796203796203796
1 0.5678410794602698 0.33916083916083917 0.029235382308845575 0.04295704295704296
1 0.5937031484257871 0.35214785214785216 0.038980509745127435 0.05094905094905095
1 0.6559220389805097 0.3221778221778222 0.03298350824587706 0.04295704295704296
1 0.565592203898051 0.25074925074925075 0.027736131934032984 0.04195804195804196
1 0.7301349325337331 0.41858141858141856 0.06746626686656672 0.0959040959040959
1 0.813343328335832 0.39760239760239763 0.05697151424287856 0.06993006993006994
1 0.8463268365817092 0.3341658341658342 0.047976011994003 0.060939060939060936
1 0.9329085457271364 0.5014985014985015 0.13418290854572712 0.18981018981018982
1 0.9077961019490255 0.3501498501498502 0.043478260869565216 0.04695304695304695
1 0.9670164917541229 0.34015984015984013 0.047976011994003 0.06293706293706294
1 0.985007496251874 0.3661338661338661 0.029985007496251874 0.07092907092907093
