1 0.05966697502312674 0.4251644736842105 0.037927844588344126 0.09046052631578946
1 0.08788159111933395 0.43338815789473684 0.0481036077705828 0.09375
1 0.31591119333950046 0.21217105263157893 0.01942645698427382 0.02631578947368421
1 0.34736355226642 0.2425986842105263 0.01757631822386679 0.03125
1 0.38390379278445885 0.22286184210526314 0.020351526364477335 0.044407894736842105
1 0.39916743755781686 0.19407894736842105 0.01572617946345976 0.03289473684210526
1 0.46392229417206293 0.17269736842105263 0.02127659574468085 0.042763157894736836
1 0.49676225716928774 0.09210526315789473 0.009250693802035153 0.023026315789473683
1 0.5245143385753932 0.2508223684210526 0.02960222016651249 0.05427631578947368
1 0.5666049953746531 0.1488486842105263 0.024976873265494914 0.041118421052631575
1 0.5864939870490287 0.18174342105263158 0.0240518038852914 0.04769736842105263
1 0.6022201665124884 0.1332236842105263 0.02220166512488437 0.039473684210526314
1 0.6313598519888992 0.19901315789473684 0.024976873265494914 0.046052631578947366
1 0.5874190564292322 0.3067434210526316 0.03330249768732655 0.05756578947368421
1 0.6443108233117484 0.1299342105263158 0.01757631822386679 0.046052631578947366
1 0.6563367252543941 0.14144736842105263 0.01757631822386679 0.049342105263157895
1 0.6822386679000926 0.13651315789473684 0.01942645698427382 0.042763157894736836
