1 0.1265012009607686 0.4859353023909986 0.0544435548438751 0.09423347398030943
1 0.2177742193755004 0.35232067510548526 0.020816653322658127 0.0379746835443038
1 0.2642113690952762 0.33052039381153303 0.024019215372297835 0.04219409282700422
1 0.29383506805444354 0.3431786216596343 0.024019215372297835 0.03938115330520394
1 0.33066453162530024 0.3488045007032349 0.025620496397117692 0.03656821378340366
1 0.28502802241793435 0.29606188466947964 0.02241793434747798 0.035161744022503515
1 0.3522818254603683 0.3178621659634318 0.017614091273018412 0.030942334739803096
1 0.3562850280224179 0.28270042194092826 0.016012810248198558 0.030942334739803096
1 0.3799039231385108 0.32137834036568214 0.01841473178542834 0.029535864978902954
1 0.3975180144115292 0.2320675105485232 0.015212169735788629 0.030942334739803096
1 0.40592473979183347 0.2545710267229255 0.017614091273018412 0.030942334739803096
1 0.4043234587670136 0.2883263009845288 0.017614091273018412 0.02812939521800281
1 0.40392313851080863 0.3206751054852321 0.021617293835068052 0.03375527426160338
1 0.4355484387510008 0.2911392405063291 0.01921537229783827 0.030942334739803096
1 0.44435548438751 0.25246132208157523 0.012810248198558846 0.023909985935302393
1 0.4407526020816653 0.23839662447257384 0.010408326661329063 0.023909985935302393
1 0.46236989591673333 0.2320675105485232 0.015212169735788629 0.030942334739803096
1 0.4575660528422738 0.2651195499296765 0.015212169735788629 0.026722925457102673
1 0.46917534027221774 0.2981715893108298 0.017614091273018412 0.030942334739803096
1 0.44875900720576456 0.3241912798874824 0.02321857485988791 0.0379746835443038
1 0.49119295436349075 0.3748241912798875 0.021617293835068052 0.052039381153305204
1 0.47998398718975177 0.28551336146272854 0.01841473178542834 0.03656821378340366
1 0.5120096076861489 0.24120956399437413 0.013610888710968775 0.026722925457102673
1 0.5252201761409127 0.2616033755274262 0.016012810248198558 0.03656821378340366
1 0.5404323458767013 0.24050632911392406 0.017614091273018412 0.03375527426160338
1 0.5504403522818254 0.21870604781997188 0.013610888710968775 0.029535864978902954
1 0.5648518815052042 0.20323488045007032 0.016813450760608487 0.023909985935302393
1 0.5928742994395516 0.21729957805907174 0.010408326661329063 0.023909985935302393
1 0.6024819855884708 0.19268635724331928 0.013610888710968775 0.02812939521800281
1 0.6168935148118494 0.1990154711673699 0.012009607686148917 0.026722925457102673
1 0.5760608486789431 0.24261603375527427 0.015212169735788629 0.029535864978902954
1 0.5712570056044836 0.23136427566807313 0.013610888710968775 0.026722925457102673
1 0.5908726981585268 0.24261603375527427 0.014411529223378702 0.03234880450070324
1 0.5524419535628502 0.26652601969057665 0.017614091273018412 0.03234880450070324
1 0.5288230584467574 0.340365682137834 0.021617293835068052 0.04219409282700422
1 0.5032025620496396 0.32559774964838256 0.02321857485988791 0.046413502109704644
1 0.5936749399519615 0.3150492264416315 0.024819855884707764 0.047819971870604785
1 0.6224979983987189 0.29043600562587907 0.02321857485988791 0.0379746835443038
1 0.6337069655724579 0.23980309423347398 0.01841473178542834 0.03234880450070324
1 0.654523618895116 0.2060478199718706 0.012009607686148917 0.023909985935302393
1 0.6621297037630104 0.21870604781997188 0.01120896717373899 0.029535864978902954
1 0.6737389911929543 0.2158931082981716 0.013610888710968775 0.029535864978902954
1 0.6673338670936749 0.25316455696202533 0.015212169735788629 0.03375527426160338
1 0.6445156124899919 0.3227848101265823 0.020816653322658127 0.0379746835443038
1 0.5388310648518815 0.3924050632911392 0.02722177742193755 0.05063291139240506
1 0.5792634107285828 0.3959212376933896 0.021617293835068052 0.035161744022503515
1 0.5796637309847877 0.4345991561181435 0.030424339471577258 0.07313642756680731
1 0.6361088871096877 0.44936708860759494 0.0344275420336269 0.06891701828410689
1 0.6509207365892714 0.3762306610407876 0.02722177742193755 0.06047819971870605
1 0.6941553242594075 0.2369901547116737 0.017614091273018412 0.035161744022503515
1 0.7241793434747797 0.2109704641350211 0.013610888710968775 0.02812939521800281
1 0.7253803042433946 0.24824191279887484 0.016012810248198558 0.04078762306610408
1 0.7145716573258606 0.27637130801687765 0.016813450760608487 0.035161744022503515
1 0.6865492393915131 0.33755274261603374 0.021617293835068052 0.0450070323488045
1 0.6689351481184947 0.3143459915611814 0.021617293835068052 0.0379746835443038
1 0.7301841473178542 0.3931082981715893 0.024019215372297835 0.04922644163150492
1 0.7061649319455564 0.4549929676511955 0.03682946357085668 0.06610407876230662
1 0.7586068855084067 0.41139240506329117 0.028022417934347475 0.052039381153305204
1 0.7526020816653323 0.2440225035161744 0.014411529223378702 0.026722925457102673
1 0.765812650120096 0.22644163150492264 0.015212169735788629 0.030942334739803096
1 0.7670136108887109 0.25949367088607594 0.014411529223378702 0.035161744022503515
1 0.7530024019215372 0.28270042194092826 0.020016012810248198 0.03938115330520394
1 0.7934347477982385 0.24964838255977498 0.017614091273018412 0.023909985935302393
1 0.8254603682946356 0.2538677918424754 0.017614091273018412 0.026722925457102673
1 0.8538831064851881 0.24261603375527427 0.013610888710968775 0.035161744022503515
1 0.844675740592474 0.26371308016877637 0.012810248198558846 0.0379746835443038
1 0.8614891913530824 0.27285513361462727 0.016012810248198558 0.03375527426160338
1 0.8486789431545235 0.3066104078762307 0.016012810248198558 0.03656821378340366
1 0.8014411529223379 0.2911392405063291 0.014411529223378702 0.03375527426160338
1 0.8262610088070456 0.3066104078762307 0.017614091273018412 0.03938115330520394
1 0.8702962369895916 0.31153305203938114 0.01921537229783827 0.04078762306610408
1 0.921937550040032 0.26019690576652604 0.015212169735788629 0.03656821378340366
1 0.9171337069655724 0.29254571026722925 0.015212169735788629 0.02812939521800281
1 0.9047237790232185 0.3171589310829817 0.01921537229783827 0.04078762306610408
1 0.921937550040032 0.31645569620253167 0.013610888710968775 0.03938115330520394
1 0.911128903122498 0.36146272855133615 0.01921537229783827 0.0450070323488045
1 0.8931144915932746 0.38466947960618847 0.016813450760608487 0.04078762306610408
1 0.8606885508406725 0.36357243319268634 0.017614091273018412 0.04360056258790436
1 0.8482786228983186 0.3438818565400844 0.021617293835068052 0.04360056258790436
1 0.8294635708566853 0.4184247538677919 0.02722177742193755 0.057665260196905765
1 0.8927141713370697 0.44936708860759494 0.024019215372297835 0.05485232067510549
1 0.7958366693354684 0.34458509142053445 0.01921537229783827 0.05063291139240506
1 0.7946357085668534 0.5021097046413502 0.029623698959167333 0.07032348804500703
