1 0.2222222222222222 0.6096345514950167 0.04888888888888889 0.07641196013289037
1 0.30444444444444446 0.6162790697674418 0.04888888888888889 0.07641196013289037
1 0.13111111111111112 0.3803986710963455 0.04888888888888889 0.07641196013289037
1 0.19444444444444445 0.43023255813953487 0.04666666666666667 0.07641196013289037
1 0.24888888888888888 0.43023255813953487 0.044444444444444446 0.06312292358803986
1 0.26222222222222225 0.3770764119601329 0.04 0.07641196013289037
1 0.31444444444444447 0.4053156146179402 0.03777777777777778 0.0664451827242525
1 0.37222222222222223 0.41362126245847175 0.042222222222222223 0.06976744186046512
1 0.43222222222222223 0.4119601328903655 0.042222222222222223 0.07308970099667775
1 0.49444444444444446 0.3920265780730897 0.042222222222222223 0.07973421926910298
1 0.5744444444444444 0.4335548172757475 0.042222222222222223 0.06976744186046512
1 0.6333333333333333 0.4485049833887043 0.04888888888888889 0.07973421926910298
1 0.6622222222222223 0.4119601328903655 0.035555555555555556 0.0664451827242525
1 0.7 0.41362126245847175 0.044444444444444446 0.08305647840531562
1 0.7655555555555555 0.42026578073089704 0.042222222222222223 0.08305647840531562
1 0.6611111111111111 0.6079734219269103 0.04666666666666667 0.07973421926910298
1 0.7522222222222222 0.6179401993355482 0.04666666666666667 0.07308970099667775
1 0.8166666666666667 0.4219269102990033 0.042222222222222223 0.07308970099667775
1 0.8922222222222222 0.4285714285714286 0.05555555555555555 0.09302325581395349
