0 0.6766666666666667 0.468125 0.02666666666666667 0.05375
0 0.7154166666666667 0.87625 0.03416666666666667 0.07
0 0.40166666666666667 0.805625 0.03333333333333333 0.06125
0 0.2866666666666667 0.801875 0.043333333333333335 0.058750000000000004
0 0.17750000000000002 0.78125 0.03666666666666667 0.0675
0 0.14791666666666667 0.954375 0.060833333333333336 0.08875
0 0.9020833333333333 0.5231250000000001 0.03416666666666667 0.04875
0 0.8395833333333333 0.646875 0.022500000000000003 0.03625
0 0.7570833333333333 0.639375 0.029166666666666667 0.043750000000000004
0 0.8462500000000001 0.43062500000000004 0.0275 0.051250000000000004
0 0.9387500000000001 0.45875 0.025833333333333337 0.04
0 0.6883333333333334 0.4425 0.023333333333333334 0.035
0 0.66 0.46 0.025 0.055
0 0.6241666666666668 0.445 0.030000000000000002 0.0525
0 0.4945833333333334 0.50625 0.030833333333333334 0.05
0 0.49875 0.405625 0.022500000000000003 0.03875
0 0.5508333333333334 0.421875 0.023333333333333334 0.04125
0 0.47250000000000003 0.37875000000000003 0.021666666666666667 0.035
0 0.07958333333333334 0.52125 0.03416666666666667 0.0575
0 0.22583333333333336 0.315 0.018333333333333333 0.0275
0 0.18708333333333335 0.29125 0.020833333333333336 0.03
0 0.1704166666666667 0.24875 0.01916666666666667 0.03
0 0.16291666666666668 0.30312500000000003 0.014166666666666668 0.02625
1 0.42000000000000004 0.485 0.03166666666666667 0.05
1 0.22541666666666668 0.50125 0.029166666666666667 0.0325
