1 0.21146616541353383 0.6075471698113207 0.05451127819548872 0.11320754716981132
1 0.143796992481203 0.5641509433962264 0.03571428571428571 0.07169811320754717
1 0.11090225563909774 0.5660377358490566 0.03759398496240601 0.06792452830188679
1 0.04981203007518797 0.5716981132075472 0.02819548872180451 0.05660377358490566
1 0.2650375939849624 0.5735849056603773 0.03759398496240601 0.06792452830188679
1 0.23402255639097744 0.5547169811320755 0.020676691729323307 0.052830188679245285
1 0.20676691729323307 0.5339622641509434 0.02631578947368421 0.05660377358490566
1 0.042293233082706765 0.8207547169811321 0.08082706766917293 0.29056603773584905
1 0.31296992481203006 0.569811320754717 0.016917293233082706 0.04528301886792453
1 0.32612781954887216 0.5566037735849056 0.016917293233082706 0.033962264150943396
1 0.3731203007518797 0.4716981132075472 0.020676691729323307 0.03773584905660377
1 0.37030075187969924 0.6716981132075471 0.09774436090225563 0.21132075471698114
1 0.43045112781954886 0.5811320754716981 0.022556390977443608 0.06792452830188679
1 0.4107142857142857 0.5735849056603773 0.02819548872180451 0.06037735849056604
1 0.4605263157894737 0.5660377358490566 0.015037593984962405 0.04528301886792453
1 0.4746240601503759 0.5622641509433962 0.020676691729323307 0.052830188679245285
1 0.5272556390977443 0.6226415094339622 0.03571428571428571 0.07547169811320754
1 0.5244360902255639 0.5716981132075472 0.022556390977443608 0.04905660377358491
1 0.49530075187969924 0.5716981132075472 0.020676691729323307 0.04905660377358491
1 0.5554511278195489 0.5754716981132075 0.02819548872180451 0.05660377358490566
1 0.5714285714285714 0.5566037735849056 0.018796992481203006 0.04150943396226415
1 0.6221804511278195 0.6094339622641509 0.041353383458646614 0.07169811320754717
1 0.6766917293233082 0.720754716981132 0.11654135338345864 0.2188679245283019
1 0.881578947368421 0.6867924528301886 0.12030075187969924 0.22641509433962265
1 0.9718045112781954 0.6283018867924528 0.05639097744360902 0.1320754716981132
1 0.9859022556390977 0.5792452830188679 0.02819548872180451 0.08679245283018867
1 0.9774436090225563 0.5226415094339623 0.022556390977443608 0.05660377358490566
1 0.9351503759398496 0.5339622641509434 0.02819548872180451 0.05660377358490566
1 0.9060150375939849 0.5471698113207547 0.02631578947368421 0.06037735849056604
1 0.8778195488721804 0.5584905660377358 0.03383458646616541 0.06792452830188679
1 0.81296992481203 0.5735849056603773 0.03571428571428571 0.06792452830188679
1 0.7678571428571428 0.5509433962264151 0.03571428571428571 0.06037735849056604
1 0.7359022556390977 0.560377358490566 0.02443609022556391 0.04150943396226415
1 0.7011278195488722 0.5792452830188679 0.03759398496240601 0.05660377358490566
1 0.6682330827067668 0.560377358490566 0.03571428571428571 0.05660377358490566
