1 0.17018779342723006 0.4671328671328671 0.03834115805946792 0.08671328671328671
1 0.21439749608763695 0.3503496503496504 0.014084507042253521 0.026573426573426574
1 0.25391236306729265 0.34895104895104895 0.017996870109546165 0.04055944055944056
1 0.2789514866979656 0.36993006993006994 0.01643192488262911 0.032167832167832165
1 0.28325508607198746 0.3083916083916084 0.014084507042253521 0.02937062937062937
1 0.31690140845070425 0.37902097902097903 0.018779342723004695 0.044755244755244755
1 0.3482003129890454 0.32797202797202796 0.012519561815336464 0.02937062937062937
1 0.34937402190923317 0.2965034965034965 0.011737089201877934 0.025174825174825173
1 0.37402190923317685 0.33076923076923076 0.012519561815336464 0.032167832167832165
1 0.39827856025039127 0.34055944055944054 0.014084507042253521 0.032167832167832165
1 0.4295774647887324 0.34615384615384615 0.017214397496087636 0.03496503496503497
1 0.39827856025039127 0.29790209790209793 0.012519561815336464 0.027972027972027972
1 0.3955399061032864 0.24825174825174826 0.011737089201877934 0.032167832167832165
1 0.4256651017214398 0.3083916083916084 0.014084507042253521 0.02937062937062937
1 0.4330985915492958 0.2664335664335664 0.013302034428794993 0.02097902097902098
1 0.4178403755868545 0.25244755244755246 0.012519561815336464 0.023776223776223775
1 0.4597026604068858 0.26713286713286716 0.011737089201877934 0.022377622377622378
1 0.45226917057902977 0.24125874125874125 0.012519561815336464 0.01818181818181818
1 0.4816118935837246 0.2692307692307692 0.011737089201877934 0.026573426573426574
1 0.5023474178403756 0.2965034965034965 0.014084507042253521 0.027972027972027972
1 0.4933489827856025 0.25804195804195806 0.010172143974960877 0.023776223776223775
1 0.49960876369327073 0.24265734265734265 0.011737089201877934 0.023776223776223775
1 0.5183881064162754 0.25244755244755246 0.013302034428794993 0.02937062937062937
1 0.5426447574334898 0.22587412587412586 0.010172143974960877 0.023776223776223775
1 0.5543818466353678 0.24405594405594405 0.010172143974960877 0.026573426573426574
1 0.5575117370892019 0.2055944055944056 0.010172143974960877 0.022377622377622378
1 0.554773082942097 0.2762237762237762 0.012519561815336464 0.026573426573426574
1 0.5598591549295775 0.2664335664335664 0.011737089201877934 0.01818181818181818
1 0.5696400625978091 0.25244755244755246 0.009389671361502348 0.023776223776223775
1 0.5845070422535211 0.23776223776223776 0.010954616588419406 0.022377622377622378
1 0.5942879499217527 0.20909090909090908 0.010172143974960877 0.026573426573426574
1 0.6075899843505478 0.20909090909090908 0.011737089201877934 0.023776223776223775
1 0.6091549295774648 0.23566433566433567 0.013302034428794993 0.023776223776223775
1 0.6392801251956182 0.2230769230769231 0.009389671361502348 0.023776223776223775
1 0.662754303599374 0.22867132867132867 0.010954616588419406 0.026573426573426574
1 0.6490610328638498 0.23286713286713287 0.010172143974960877 0.026573426573426574
1 0.6838810641627543 0.2545454545454545 0.010954616588419406 0.027972027972027972
1 0.6201095461658842 0.26083916083916087 0.011737089201877934 0.026573426573426574
1 0.498435054773083 0.32867132867132864 0.01564945226917058 0.03076923076923077
1 0.4565727699530516 0.31608391608391606 0.01486697965571205 0.03076923076923077
1 0.44483568075117375 0.4111888111888112 0.025821596244131457 0.055944055944055944
1 0.5238654147104852 0.4090909090909091 0.02269170579029734 0.04895104895104895
1 0.5211267605633803 0.36923076923076925 0.020344287949921755 0.03636363636363636
1 0.5782472613458529 0.3230769230769231 0.017214397496087636 0.039160839160839164
1 0.6158059467918623 0.2958041958041958 0.014084507042253521 0.02937062937062937
1 0.6291079812206573 0.33706293706293705 0.02190923317683881 0.033566433566433566
1 0.6615805946791863 0.36293706293706296 0.02112676056338028 0.03776223776223776
1 0.5903755868544601 0.42657342657342656 0.02269170579029734 0.055944055944055944
1 0.6408450704225352 0.43846153846153846 0.028169014084507043 0.05454545454545454
1 0.636150234741784 0.3888111888111888 0.02190923317683881 0.04755244755244755
1 0.710093896713615 0.3944055944055944 0.019561815336463225 0.04195804195804196
1 0.662754303599374 0.3265734265734266 0.01564945226917058 0.03776223776223776
1 0.647887323943662 0.2783216783216783 0.012519561815336464 0.033566433566433566
1 0.6983568075117371 0.2867132867132867 0.01486697965571205 0.027972027972027972
1 0.7077464788732395 0.27062937062937065 0.011737089201877934 0.032167832167832165
1 0.7151799687010955 0.24825174825174826 0.009389671361502348 0.026573426573426574
1 0.7237871674491393 0.23496503496503496 0.014084507042253521 0.025174825174825173
1 0.7515649452269171 0.24055944055944056 0.010172143974960877 0.025174825174825173
1 0.7437402190923318 0.2811188811188811 0.013302034428794993 0.033566433566433566
1 0.7492175273865415 0.2636363636363636 0.013302034428794993 0.02937062937062937
1 0.6838810641627543 0.5083916083916084 0.03129890453834116 0.06853146853146853
1 0.7895148669796558 0.5286713286713287 0.023474178403755867 0.06433566433566433
1 0.7554773082942097 0.4307692307692308 0.024256651017214397 0.05314685314685315
1 0.7836463223787168 0.36293706293706296 0.019561815336463225 0.043356643356643354
1 0.7969483568075117 0.3321678321678322 0.01643192488262911 0.03776223776223776
1 0.7820813771517997 0.2986013986013986 0.013302034428794993 0.02937062937062937
1 0.7891236306729265 0.2755244755244755 0.013302034428794993 0.027972027972027972
1 0.7793427230046949 0.24685314685314685 0.012519561815336464 0.02937062937062937
1 0.809076682316119 0.2573426573426573 0.010954616588419406 0.025174825174825173
1 0.8270735524256652 0.2804195804195804 0.01564945226917058 0.032167832167832165
1 0.82981220657277 0.26083916083916087 0.013302034428794993 0.032167832167832165
1 0.838810641627543 0.25384615384615383 0.014084507042253521 0.03496503496503497
1 0.8626760563380282 0.2839160839160839 0.011737089201877934 0.03076923076923077
1 0.8204225352112676 0.3167832167832168 0.01486697965571205 0.032167832167832165
1 0.8450704225352113 0.35734265734265735 0.018779342723004695 0.04055944055944056
1 0.8274647887323944 0.39090909090909093 0.017996870109546165 0.05174825174825175
1 0.8161189358372457 0.4461538461538462 0.023474178403755867 0.044755244755244755
1 0.8740219092331769 0.46013986013986014 0.020344287949921755 0.06153846153846154
1 0.8779342723004695 0.3951048951048951 0.018779342723004695 0.04895104895104895
1 0.8900625978090767 0.35874125874125873 0.011737089201877934 0.03776223776223776
1 0.8928012519561815 0.3356643356643357 0.012519561815336464 0.03076923076923077
1 0.88302034428795 0.3181818181818182 0.010172143974960877 0.032167832167832165
1 0.8998435054773083 0.3076923076923077 0.009389671361502348 0.027972027972027972
1 0.892018779342723 0.2916083916083916 0.010954616588419406 0.026573426573426574
1 0.9017996870109546 0.272027972027972 0.011737089201877934 0.026573426573426574
