1 0.07333333333333333 0.91 0.112 0.164
1 0.18333333333333332 0.918 0.08399999999999999 0.12
1 0.26266666666666666 0.891 0.048 0.066
1 0.27999999999999997 0.9560000000000001 0.050666666666666665 0.07200000000000001
1 0.3753333333333333 0.876 0.11066666666666666 0.152
1 0.43866666666666665 0.875 0.034666666666666665 0.066
1 0.57 0.912 0.06533333333333333 0.112
1 0.6533333333333333 0.93 0.06666666666666667 0.116
1 0.75 0.864 0.036 0.06
1 0.7986666666666666 0.863 0.042666666666666665 0.07
1 0.8306666666666667 0.886 0.032 0.056
1 0.864 0.843 0.05333333333333333 0.07
1 0.956 0.853 0.072 0.13
