1 0.10337078651685394 0.25 0.0853932584269663 0.14
1 0.19213483146067417 0.395 0.0651685393258427 0.10333333333333335
1 0.20337078651685395 0.3566666666666667 0.05168539325842697 0.07333333333333333
1 0.3584269662921349 0.3383333333333334 0.038202247191011236 0.07
1 0.4067415730337079 0.3516666666666667 0.05393258426966292 0.09000000000000001
1 0.46404494382022476 0.36333333333333334 0.05168539325842697 0.10666666666666667
1 0.6269662921348316 0.35000000000000003 0.04494382022471911 0.09333333333333334
1 0.6921348314606742 0.35000000000000003 0.05393258426966292 0.09333333333333334
1 0.7865168539325843 0.4316666666666667 0.12134831460674159 0.17666666666666667
1 0.8303370786516855 0.32833333333333337 0.04719101123595506 0.08333333333333334
1 0.9314606741573035 0.33333333333333337 0.05617977528089888 0.1
