1 0.08306709265175719 0.5034770514603616 0.04472843450479233 0.10013908205841446
1 0.29073482428115016 0.2663421418636996 0.020766773162939296 0.04033379694019471
1 0.3194888178913738 0.21766342141863698 0.01437699680511182 0.03477051460361613
1 0.33386581469648563 0.22948539638386647 0.01597444089456869 0.03337969401947149
1 0.3406549520766773 0.2566063977746871 0.018370607028753993 0.03477051460361613
1 0.3466453674121406 0.3004172461752434 0.022364217252396165 0.04450625869262865
1 0.3502396166134185 0.22809457579972184 0.016773162939297124 0.036161335187760775
1 0.36222044728434505 0.2552155771905424 0.018370607028753993 0.037552155771905425
1 0.3742012779552715 0.23504867872044505 0.019968051118210862 0.041724617524339355
1 0.39017571884984026 0.2858136300417246 0.0231629392971246 0.05146036161335187
1 0.3973642172523961 0.22253129346314324 0.019968051118210862 0.03894297635605007
1 0.4233226837060703 0.22461752433936022 0.020766773162939296 0.04589707927677329
1 0.41134185303514376 0.2023643949930459 0.01597444089456869 0.02920723226703755
1 0.420926517571885 0.18219749652294853 0.01437699680511182 0.030598052851182195
1 0.4452875399361022 0.20375521557719053 0.018370607028753993 0.037552155771905425
1 0.48003194888178913 0.22253129346314324 0.022364217252396165 0.04450625869262865
1 0.4884185303514377 0.19471488178025034 0.016773162939297124 0.036161335187760775
1 0.4684504792332268 0.17454798331015298 0.013578274760383386 0.02920723226703755
1 0.46685303514376997 0.14603616133518776 0.013578274760383386 0.027816411682892905
1 0.48282747603833864 0.14673157162726008 0.015175718849840255 0.02642559109874826
1 0.5011980830670927 0.14881780250347704 0.013578274760383386 0.03337969401947149
1 0.520367412140575 0.16272600834492348 0.013578274760383386 0.030598052851182195
1 0.5187699680511182 0.1286509040333797 0.015175718849840255 0.02642559109874826
1 0.5379392971246006 0.13351877607788595 0.016773162939297124 0.030598052851182195
1 0.5395367412140575 0.17454798331015298 0.018370607028753993 0.037552155771905425
1 0.5626996805111821 0.18497913769123783 0.019968051118210862 0.03337969401947149
1 0.5583067092651757 0.1376912378303199 0.01597444089456869 0.030598052851182195
1 0.5619009584664536 0.11752433936022252 0.011980830670926517 0.02364394993045897
1 0.5814696485623003 0.12934631432545202 0.01597444089456869 0.027816411682892905
1 0.5762779552715654 0.15229485396383866 0.018370607028753993 0.03198887343532684
1 0.5898562300319489 0.11126564673157162 0.011980830670926517 0.030598052851182195
1 0.6118210862619808 0.11404728789986092 0.009584664536741214 0.016689847009735744
1 0.6150159744408945 0.14255910987482615 0.01597444089456869 0.02920723226703755
1 0.6317891373801917 0.13143254520166897 0.01597444089456869 0.03477051460361613
1 0.6533546325878594 0.1321279554937413 0.01437699680511182 0.03337969401947149
1 0.6669329073482427 0.13143254520166897 0.012779552715654952 0.03198887343532684
1 0.6545527156549521 0.09874826147426981 0.011980830670926517 0.025034770514603615
1 0.6609424920127795 0.10917941585535465 0.013578274760383386 0.020862308762169678
1 0.6984824281150159 0.10987482614742698 0.013578274760383386 0.025034770514603615
1 0.5583067092651757 0.23922114047287898 0.025559105431309903 0.04450625869262865
1 0.5455271565495208 0.2899860917941585 0.03035143769968051 0.054242002781641166
1 0.6026357827476038 0.3331015299026425 0.034345047923322686 0.06258692628650904
1 0.6054313099041533 0.24408901251738524 0.025559105431309903 0.054242002781641166
1 0.6170127795527156 0.21349095966620305 0.019968051118210862 0.043115438108484005
1 0.6633386581469648 0.25869262865090403 0.029552715654952075 0.05285118219749652
1 0.6653354632587859 0.21279554937413073 0.022364217252396165 0.041724617524339355
1 0.6809105431309904 0.19888734353268428 0.02156549520766773 0.041724617524339355
1 0.7104632587859424 0.21696801112656466 0.0231629392971246 0.05285118219749652
1 0.7268370607028753 0.1870653685674548 0.019169329073482427 0.04033379694019471
1 0.7424121405750799 0.23574408901251737 0.02156549520766773 0.059805285118219746
1 0.7567891373801917 0.1717663421418637 0.02156549520766773 0.04589707927677329
1 0.7464057507987221 0.13699582753824757 0.015175718849840255 0.037552155771905425
1 0.7172523961661341 0.1446453407510431 0.01437699680511182 0.03337969401947149
1 0.7328274760383386 0.1502086230876217 0.015175718849840255 0.027816411682892905
1 0.7603833865814696 0.12169680111265646 0.01437699680511182 0.02642559109874826
1 0.797923322683706 0.14951321279554936 0.01757188498402556 0.02920723226703755
1 0.8059105431309904 0.11891515994436717 0.011182108626198083 0.02920723226703755
1 0.8166932907348242 0.1446453407510431 0.013578274760383386 0.03337969401947149
1 0.8342651757188498 0.1286509040333797 0.013578274760383386 0.02920723226703755
1 0.8526357827476038 0.16342141863699583 0.016773162939297124 0.03477051460361613
1 0.8654153354632588 0.14812239221140472 0.018370607028753993 0.03477051460361613
1 0.8765974440894568 0.13351877607788595 0.011980830670926517 0.03337969401947149
1 0.8322683706070287 0.21070931849791377 0.022364217252396165 0.04589707927677329
1 0.8606230031948882 0.22322670375521556 0.016773162939297124 0.048678720445062586
1 0.8578274760383386 0.2705146036161335 0.025559105431309903 0.04589707927677329
1 0.8087060702875399 0.2573018080667594 0.0231629392971246 0.04450625869262865
1 0.764776357827476 0.2273991655076495 0.0231629392971246 0.037552155771905425
1 0.7963258785942492 0.280250347705146 0.025559105431309903 0.054242002781641166
1 0.8270766773162939 0.3094575799721836 0.026357827476038338 0.059805285118219746
1 0.8398562300319489 0.39707927677329624 0.037539936102236424 0.08205841446453407
1 0.8949680511182109 0.4506258692628651 0.0439297124600639 0.08066759388038942
1 0.8482428115015974 0.35396383866481224 0.03354632587859425 0.06258692628650904
1 0.9209265175718849 0.3004172461752434 0.025559105431309903 0.05285118219749652
1 0.904552715654952 0.21905424200278162 0.018370607028753993 0.043115438108484005
1 0.8929712460063898 0.1870653685674548 0.01437699680511182 0.03198887343532684
1 0.8985623003194888 0.15855354659248957 0.01437699680511182 0.027816411682892905
1 0.9029552715654952 0.13630041724617523 0.013578274760383386 0.030598052851182195
1 0.9408945686900958 0.15159944367176634 0.012779552715654952 0.027816411682892905
1 0.9373003194888179 0.17454798331015298 0.011980830670926517 0.02920723226703755
1 0.9369009584664536 0.2211404728789986 0.019169329073482427 0.04450625869262865
