1 0.04076850984067479 0.3795681063122924 0.02717900656044986 0.054817275747508304
1 0.7005623242736645 0.09800664451827243 0.014058106841611996 0.029900332225913623
1 0.7516401124648547 0.11295681063122924 0.013120899718837863 0.023255813953488372
1 0.7788191190253047 0.11877076411960133 0.013120899718837863 0.02823920265780731
1 0.5567010309278351 0.11710963455149502 0.01499531396438613 0.024916943521594685
1 0.6176194939081537 0.10963455149501661 0.01499531396438613 0.023255813953488372
1 0.6462043111527648 0.10465116279069768 0.015932521087160263 0.023255813953488372
1 0.6729147141518276 0.11877076411960133 0.01499531396438613 0.02159468438538206
1 0.7371134020618557 0.12375415282392027 0.014058106841611996 0.02823920265780731
1 0.810215557638238 0.11960132890365449 0.014058106841611996 0.026578073089700997
1 0.7970946579194002 0.13205980066445183 0.019681349578256794 0.03156146179401993
1 0.8350515463917526 0.13787375415282394 0.01499531396438613 0.03322259136212625
1 0.8645735707591378 0.1303986710963455 0.010309278350515464 0.03156146179401993
1 0.8959700093720713 0.12790697674418605 0.011246485473289597 0.03322259136212625
1 0.9278350515463918 0.1553156146179402 0.011246485473289597 0.02823920265780731
1 0.4536082474226804 0.1553156146179402 0.016869728209934397 0.024916943521594685
1 0.4873477038425492 0.13787375415282394 0.01499531396438613 0.026578073089700997
1 0.4793814432989691 0.15033222591362128 0.01780693533270853 0.02823920265780731
1 0.5337394564198688 0.13870431893687707 0.01780693533270853 0.03488372093023256
1 0.556232427366448 0.15863787375415284 0.01780693533270853 0.03820598006644518
1 0.5731021555763824 0.1644518272425249 0.02155576382380506 0.036544850498338874
1 0.6148078725398313 0.14534883720930233 0.020618556701030927 0.03488372093023256
1 0.7057169634489222 0.13122923588039867 0.01499531396438613 0.029900332225913623
1 0.6883786316776007 0.1511627906976744 0.015932521087160263 0.03322259136212625
1 0.654170571696345 0.1744186046511628 0.018744142455482664 0.03322259136212625
1 0.7666354264292409 0.1644518272425249 0.01499531396438613 0.03986710963455149
1 0.7310215557638238 0.15614617940199335 0.01499531396438613 0.04318936877076412
1 0.7999062792877226 0.17940199335548174 0.015932521087160263 0.029900332225913623
1 0.8205248359887536 0.16777408637873756 0.01780693533270853 0.03322259136212625
1 0.8575445173383318 0.17275747508305647 0.01499531396438613 0.036544850498338874
1 0.8495782567947516 0.19767441860465118 0.019681349578256794 0.026578073089700997
1 0.8917525773195877 0.1744186046511628 0.014058106841611996 0.036544850498338874
1 0.901593252108716 0.16528239202657807 0.018744142455482664 0.03820598006644518
1 0.8917525773195877 0.20681063122923588 0.02155576382380506 0.02823920265780731
1 0.9254920337394564 0.20681063122923588 0.019681349578256794 0.04152823920265781
1 0.9245548266166823 0.287375415282392 0.023430178069353328 0.04983388704318937
1 0.8697282099343955 0.23255813953488372 0.01499531396438613 0.04318936877076412
1 0.816776007497657 0.22259136212624586 0.015932521087160263 0.046511627906976744
1 0.732427366447985 0.19684385382059802 0.014058106841611996 0.03820598006644518
1 0.4119025304592315 0.17857142857142858 0.015932521087160263 0.02823920265780731
1 0.3856607310215558 0.20514950166112958 0.02155576382380506 0.03820598006644518
1 0.45220243673851923 0.18853820598006646 0.019681349578256794 0.03488372093023256
1 0.4676663542642924 0.20431893687707642 0.02436738519212746 0.036544850498338874
1 0.48687910028116216 0.19352159468438537 0.01780693533270853 0.03820598006644518
1 0.5435801312089972 0.19767441860465118 0.018744142455482664 0.026578073089700997
1 0.6279287722586692 0.19767441860465118 0.016869728209934397 0.029900332225913623
1 0.6630740393626992 0.21179401993355482 0.01780693533270853 0.03156146179401993
1 0.7043111527647611 0.22757475083056478 0.036551077788191194 0.05647840531561462
1 0.7567947516401125 0.23338870431893688 0.02155576382380506 0.04817275747508306
1 0.7900656044985942 0.276578073089701 0.022492970946579195 0.044850498338870434
1 0.7282099343955014 0.26578073089701 0.026241799437675725 0.04983388704318937
1 0.6607310215557638 0.26827242524916944 0.02436738519212746 0.051495016611295685
1 0.6846298031865042 0.3280730897009967 0.03280224929709466 0.04817275747508306
1 0.6063730084348641 0.32641196013289037 0.03561387066541706 0.054817275747508304
1 0.6157450796626055 0.26411960132890366 0.028116213683223992 0.04983388704318937
1 0.5656044985941894 0.2425249169435216 0.019681349578256794 0.036544850498338874
1 0.46344892221180883 0.23837209302325582 0.019681349578256794 0.02823920265780731
1 0.5365510777881912 0.3289036544850498 0.023430178069353328 0.053156146179401995
1 0.3134957825679475 0.223421926910299 0.01218369259606373 0.03488372093023256
1 0.3458294283036551 0.23172757475083058 0.016869728209934397 0.03488372093023256
1 0.35660731021555764 0.22508305647840532 0.015932521087160263 0.02823920265780731
1 0.2563261480787254 0.28405315614617943 0.014058106841611996 0.029900332225913623
1 0.2900656044985942 0.27325581395348836 0.01780693533270853 0.03820598006644518
1 0.30318650421743204 0.2599667774086379 0.015932521087160263 0.03156146179401993
1 0.32286785379568883 0.27990033222591365 0.01218369259606373 0.04152823920265781
1 0.43064667291471415 0.2666112956810631 0.02155576382380506 0.04817275747508306
1 0.4793814432989691 0.30398671096345514 0.023430178069353328 0.04983388704318937
1 0.6485473289597001 0.1303986710963455 0.016869728209934397 0.018272425249169437
1 0.5932521087160263 0.12458471760797342 0.01499531396438613 0.029900332225913623
1 0.5960637300843487 0.1004983388704319 0.018744142455482664 0.02823920265780731
1 0.5060918462980318 0.1802325581395349 0.01499531396438613 0.02823920265780731
1 0.4165885660731022 0.22674418604651164 0.02155576382380506 0.03820598006644518
1 0.37207122774133083 0.23421926910299004 0.01499531396438613 0.036544850498338874
1 0.36082474226804123 0.26827242524916944 0.016869728209934397 0.03820598006644518
1 0.6958762886597938 0.1852159468438538 0.019681349578256794 0.03820598006644518
1 0.9334582942830366 0.1744186046511628 0.01499531396438613 0.029900332225913623
