1 0.02644836272040302 0.41350531107739 0.02434928631402183 0.04704097116843703
1 0.24097397145256086 0.3338391502276176 0.015113350125944584 0.033383915022761765
1 0.26700251889168763 0.370257966616085 0.016792611251049538 0.036418816388467376
1 0.299328295549958 0.3717754172989378 0.01595298068849706 0.03945371775417299
1 0.2968094038623006 0.29742033383915023 0.014273719563392108 0.033383915022761765
1 0.3438287153652393 0.3535660091047041 0.019311502938706968 0.042488619119878605
1 0.3694374475230898 0.32701062215478 0.015113350125944584 0.03186646433990895
1 0.3669185558354324 0.287556904400607 0.015113350125944584 0.03186646433990895
1 0.3921074727120067 0.31942336874051597 0.016792611251049538 0.03793626707132018
1 0.42191435768261965 0.3254931714719272 0.019311502938706968 0.0409711684370258
1 0.4214945424013434 0.291350531107739 0.01343408900083963 0.030349013657056147
1 0.463056255247691 0.33839150227617604 0.01595298068849706 0.045523520485584223
1 0.40680100755667503 0.25948406676783003 0.012594458438287152 0.030349013657056147
1 0.42065491183879095 0.26100151745068284 0.01343408900083963 0.024279210925644917
1 0.4424853064651553 0.23368740515933234 0.011754827875734676 0.024279210925644917
1 0.4609571788413098 0.2526555386949924 0.01343408900083963 0.02883156297420334
1 0.4890848026868178 0.2564491654021244 0.012594458438287152 0.030349013657056147
1 0.48530646515533166 0.29893778452200304 0.01343408900083963 0.033383915022761765
1 0.5167926112510495 0.3148710166919575 0.01595298068849706 0.03793626707132018
1 0.5382031905961376 0.27010622154779973 0.016792611251049538 0.033383915022761765
1 0.5230898404701931 0.2526555386949924 0.01343408900083963 0.03186646433990895
1 0.5348446683459278 0.23899848254931716 0.010075566750629723 0.022761760242792112
1 0.4832073887489505 0.22534142640364188 0.012594458438287152 0.025796661608497723
1 0.5499580184718723 0.23975720789074356 0.015113350125944584 0.033383915022761765
1 0.5654911838790931 0.27693474962063735 0.014273719563392108 0.03186646433990895
1 0.5990764063811923 0.255690440060698 0.012594458438287152 0.03186646433990895
1 0.589840470193115 0.23520485584218515 0.009235936188077245 0.021244309559939303
1 0.5772460117548278 0.21775417298937785 0.012594458438287152 0.025796661608497723
1 0.5906801007556675 0.21092564491654023 0.012594458438287152 0.027314112291350532
1 0.6200671704450041 0.23292867981790594 0.0109151973131822 0.025796661608497723
1 0.6540722082283795 0.23596358118361155 0.011754827875734676 0.025796661608497723
1 0.6188077246011755 0.20864946889226102 0.01343408900083963 0.03186646433990895
1 0.6318219983207388 0.19347496206373294 0.0109151973131822 0.025796661608497723
1 0.646095717884131 0.20257966616084977 0.012594458438287152 0.025796661608497723
1 0.6591099916036943 0.21244309559939303 0.011754827875734676 0.027314112291350532
1 0.6759026028547439 0.19575113808801214 0.010075566750629723 0.024279210925644917
1 0.690176322418136 0.21547799696509864 0.011754827875734676 0.033383915022761765
1 0.7191435768261965 0.21092564491654023 0.0109151973131822 0.024279210925644917
1 0.72544080604534 0.23444613050075874 0.01343408900083963 0.03186646433990895
1 0.6960537363560033 0.25796661608497723 0.015113350125944584 0.033383915022761765
1 0.6540722082283795 0.295144157814871 0.020151133501259445 0.0409711684370258
1 0.6154492023509656 0.3216995447647952 0.01847187237615449 0.036418816388467376
1 0.5524769101595298 0.3520485584218513 0.02686817800167926 0.048558421851289835
1 0.47858942065491183 0.41047040971168436 0.02686817800167926 0.05918057663125949
1 0.5461796809403863 0.4286798179059181 0.022670025188916875 0.05311077389984826
1 0.6104114189756507 0.4582701062215478 0.028547439126784216 0.06980273141122914
1 0.6314021830394626 0.3581183611532625 0.023509655751469353 0.054628224582701064
1 0.6754827875734677 0.3657056145675266 0.027707808564231738 0.05766312594840668
1 0.6666666666666666 0.34370257966616086 0.016792611251049538 0.05311077389984826
1 0.7082283795130142 0.3512898330804249 0.019311502938706968 0.04704097116843703
1 0.7031905961376994 0.3095599393019727 0.019311502938706968 0.03945371775417299
1 0.746431570109152 0.27845220030349016 0.01343408900083963 0.03793626707132018
1 0.7594458438287154 0.23368740515933234 0.012594458438287152 0.027314112291350532
1 0.764063811922754 0.26251896813353565 0.015113350125944584 0.030349013657056147
1 0.6578505457598657 0.48179059180576633 0.027707808564231738 0.05918057663125949
1 0.727120067170445 0.5007587253414264 0.03694374475230898 0.07890743550834597
1 0.7573467674223342 0.40819423368740515 0.025188916876574305 0.048558421851289835
1 0.8043660789252729 0.4309559939301973 0.025188916876574305 0.054628224582701064
1 0.8341729638958858 0.3626707132018209 0.020990764063811923 0.051593323216995446
1 0.8849706129303107 0.3710166919575114 0.020151133501259445 0.05311077389984826
1 0.8690176322418136 0.34522003034901366 0.016792611251049538 0.04400606980273141
1 0.8677581863979849 0.4802731411229135 0.02938706968933669 0.06525037936267071
1 0.8455079764903443 0.535660091047041 0.033585222502099076 0.08497723823975721
1 0.9340890008396305 0.4666160849772383 0.02434928631402183 0.05918057663125949
1 0.7934508816120907 0.27693474962063735 0.016792611251049538 0.03490136570561457
1 0.780016792611251 0.2534142640364188 0.011754827875734676 0.027314112291350532
1 0.7825356842989084 0.22230652503793627 0.01343408900083963 0.03186646433990895
1 0.8110831234256927 0.23444613050075874 0.01343408900083963 0.03186646433990895
1 0.8005877413937867 0.23823975720789076 0.014273719563392108 0.030349013657056147
1 0.8371116708648194 0.25796661608497723 0.015113350125944584 0.042488619119878605
1 0.8639798488664987 0.24430955993930198 0.01343408900083963 0.033383915022761765
1 0.8778337531486146 0.27541729893778455 0.014273719563392108 0.03490136570561457
1 0.8421494542401343 0.30349013657056145 0.016792611251049538 0.030349013657056147
1 0.8963056255247691 0.24279210925644917 0.012594458438287152 0.033383915022761765
1 0.9219143576826196 0.27845220030349016 0.01343408900083963 0.03490136570561457
1 0.9093198992443324 0.3141122913505311 0.01343408900083963 0.030349013657056147
1 0.8937867338371116 0.334597875569044 0.01595298068849706 0.03793626707132018
1 0.9601175482787573 0.34522003034901366 0.019311502938706968 0.04704097116843703
1 0.9387069689336691 0.31942336874051597 0.015113350125944584 0.0409711684370258
1 0.9592779177162049 0.30121396054628224 0.012594458438287152 0.02883156297420334
1 0.9643157010915197 0.27617602427921095 0.014273719563392108 0.030349013657056147
