1 0.15940685820203893 0.4901477832512315 0.04633920296570899 0.07717569786535304
1 0.2738646895273401 0.26354679802955666 0.017608897126969416 0.03776683087027914
1 0.29101019462465244 0.2824302134646962 0.018535681186283598 0.03940886699507389
1 0.29749768303985175 0.24794745484400657 0.020389249304911955 0.03284072249589491
1 0.35032437442076 0.27504105090311987 0.022242817423540315 0.047619047619047616
1 0.37905468025949957 0.27832512315270935 0.020389249304911955 0.041050903119868636
1 0.3767377201112141 0.24220032840722494 0.019462465245597776 0.041050903119868636
1 0.3674698795180723 0.1921182266009852 0.015755329008341055 0.026272577996715927
1 0.37766450417052827 0.20607553366174056 0.015755329008341055 0.027914614121510674
1 0.4040778498609824 0.18472906403940886 0.014828544949026877 0.027914614121510674
1 0.4179796107506951 0.17980295566502463 0.020389249304911955 0.03776683087027914
1 0.4360518999073216 0.1592775041050903 0.017608897126969416 0.03284072249589491
1 0.44346617238183506 0.18719211822660098 0.015755329008341055 0.03284072249589491
1 0.4592215013901761 0.19293924466338258 0.019462465245597776 0.031198686371100164
1 0.448563484708063 0.229064039408867 0.024096385542168676 0.041050903119868636
1 0.4735866543095459 0.22660098522167488 0.022242817423540315 0.0361247947454844
1 0.4810009267840593 0.1954022988505747 0.016682113067655237 0.0361247947454844
1 0.4782205746061168 0.15599343185550082 0.014828544949026877 0.026272577996715927
1 0.47080630213160335 0.14614121510673234 0.012974976830398516 0.026272577996715927
1 0.4962928637627433 0.16338259441707717 0.013901760889712697 0.027914614121510674
1 0.5018535681186284 0.14203612479474548 0.012048192771084338 0.02463054187192118
1 0.5222428174235403 0.19704433497536944 0.019462465245597776 0.03940886699507389
1 0.5083410565338277 0.180623973727422 0.017608897126969416 0.0361247947454844
1 0.5157553290083411 0.14942528735632182 0.013901760889712697 0.029556650246305417
1 0.5375347544022243 0.1781609195402299 0.014828544949026877 0.034482758620689655
1 0.5301204819277109 0.12397372742200329 0.014828544949026877 0.031198686371100164
1 0.5444856348470807 0.12725779967159276 0.010194624652455977 0.02463054187192118
1 0.5574606116774792 0.13218390804597702 0.013901760889712697 0.027914614121510674
1 0.5746061167747915 0.1412151067323481 0.014828544949026877 0.026272577996715927
1 0.5658016682113067 0.180623973727422 0.017608897126969416 0.03284072249589491
1 0.5843373493975904 0.12479474548440066 0.013901760889712697 0.026272577996715927
1 0.5922150139017609 0.1083743842364532 0.012974976830398516 0.022988505747126436
1 0.6093605189990732 0.15106732348111657 0.015755329008341055 0.03284072249589491
1 0.6144578313253012 0.12889983579638753 0.012974976830398516 0.02463054187192118
1 0.6135310472659871 0.10426929392446634 0.011121408711770158 0.02134646962233169
1 0.6413345690454124 0.10426929392446634 0.012974976830398516 0.02463054187192118
1 0.6445783132530121 0.11904761904761904 0.010194624652455977 0.02463054187192118
1 0.6538461538461539 0.1412151067323481 0.012048192771084338 0.022988505747126436
1 0.6631139944392956 0.11576354679802955 0.013901760889712697 0.027914614121510674
1 0.6987951807228916 0.10591133004926108 0.012974976830398516 0.031198686371100164
1 0.5695088044485634 0.2430213464696223 0.019462465245597776 0.03940886699507389
1 0.5588507877664505 0.3029556650246305 0.027803521779425393 0.0541871921182266
1 0.5231696014828545 0.2848932676518883 0.028730305838739575 0.047619047619047616
1 0.6181649675625579 0.26108374384236455 0.024096385542168676 0.04926108374384236
1 0.6320667284522706 0.3029556650246305 0.027803521779425393 0.06075533661740558
1 0.6311399443929564 0.20689655172413793 0.018535681186283598 0.0361247947454844
1 0.6556997219647822 0.2134646962233169 0.021316033364226137 0.04269293924466338
1 0.6594068582020389 0.16748768472906403 0.021316033364226137 0.04269293924466338
1 0.6677479147358666 0.1683087027914614 0.017608897126969416 0.027914614121510674
1 0.6904541241890639 0.18308702791461412 0.018535681186283598 0.03776683087027914
1 0.7136237256719185 0.17077175697865352 0.014828544949026877 0.026272577996715927
1 0.7233549582947173 0.20853858784893267 0.019462465245597776 0.04597701149425287
1 0.7085264133456904 0.2684729064039409 0.028730305838739575 0.05747126436781609
1 0.6950880444856349 0.30952380952380953 0.037071362372567196 0.07389162561576354
1 0.73725671918443 0.34154351395730703 0.03614457831325301 0.0722495894909688
1 0.767840593141798 0.2742200328407225 0.032437442075996296 0.05582922824302135
1 0.7502316960148285 0.21839080459770113 0.019462465245597776 0.04269293924466338
1 0.7284522706209453 0.12561576354679801 0.016682113067655237 0.03776683087027914
1 0.7386468952734013 0.14367816091954022 0.016682113067655237 0.034482758620689655
1 0.7604263206672845 0.13218390804597702 0.015755329008341055 0.031198686371100164
1 0.7743280815569973 0.1535303776683087 0.017608897126969416 0.034482758620689655
1 0.8063021316033364 0.15599343185550082 0.020389249304911955 0.03284072249589491
1 0.7771084337349398 0.1986863711001642 0.021316033364226137 0.04269293924466338
1 0.8058387395736794 0.23973727422003283 0.025023169601482854 0.04269293924466338
1 0.8266913809082483 0.19950738916256158 0.024096385542168676 0.04433497536945813
1 0.8225208526413346 0.1412151067323481 0.015755329008341055 0.029556650246305417
1 0.8262279888785913 0.12233169129720853 0.013901760889712697 0.027914614121510674
1 0.8447636700648748 0.16912972085385877 0.013901760889712697 0.03940886699507389
1 0.8498609823911029 0.14367816091954022 0.016682113067655237 0.031198686371100164
1 0.8614457831325302 0.13464696223316913 0.013901760889712697 0.03284072249589491
1 0.8920296570898981 0.13957307060755336 0.013901760889712697 0.03284072249589491
1 0.8860055607043559 0.16995073891625614 0.011121408711770158 0.034482758620689655
1 0.8744207599629287 0.21182266009852216 0.021316033364226137 0.04597701149425287
1 0.8646895273401297 0.26108374384236455 0.022242817423540315 0.04597701149425287
1 0.8053753475440223 0.3185550082101806 0.027803521779425393 0.059113300492610835
1 0.8137164040778498 0.3825944170771757 0.03521779425393883 0.07553366174055828
1 0.8989805375347544 0.36863711001642036 0.04077849860982391 0.0870279146141215
1 0.9138090824837813 0.3054187192118227 0.024096385542168676 0.059113300492610835
1 0.9096385542168675 0.25369458128078815 0.019462465245597776 0.041050903119868636
1 0.9138090824837813 0.21264367816091953 0.018535681186283598 0.031198686371100164
1 0.9244670991658943 0.24630541871921183 0.019462465245597776 0.03940886699507389
1 0.9221501390176089 0.15599343185550082 0.011121408711770158 0.022988505747126436
