1 0.06689124157844081 0.4023372287145242 0.029836381135707413 0.06010016694490818
1 0.28873917228103946 0.23873121869782973 0.015399422521655439 0.03005008347245409
1 0.294995187680462 0.2679465776293823 0.016361886429258905 0.028380634390651086
1 0.309432146294514 0.2662771285475793 0.018286814244465835 0.038397328881469114
1 0.3411934552454283 0.2629382303839733 0.018286814244465835 0.038397328881469114
1 0.3652550529355149 0.2595993322203673 0.020211742059672765 0.041736227045075125
1 0.40230991337824834 0.2629382303839733 0.0192492781520693 0.041736227045075125
1 0.4167468719923003 0.27295492487479134 0.026948989412897018 0.05175292153589316
1 0.34023099133782486 0.21953255425709517 0.016361886429258905 0.028380634390651086
1 0.3638113570741097 0.21368948247078465 0.015399422521655439 0.0333889816360601
1 0.3700673724735323 0.2287145242070117 0.016361886429258905 0.0333889816360601
1 0.4095283926852743 0.21786310517529217 0.014436958614051974 0.035058430717863104
1 0.46775745909528393 0.2287145242070117 0.0192492781520693 0.04006677796327212
1 0.4860442733397498 0.2353923205342237 0.02117420596727623 0.04340567612687813
1 0.3984600577478345 0.19198664440734559 0.013474494706448509 0.0333889816360601
1 0.4032723772858518 0.1903171953255426 0.013474494706448509 0.02671118530884808
1 0.42925890279114537 0.18864774624373956 0.013474494706448509 0.02671118530884808
1 0.46631376323387874 0.19532554257095158 0.014436958614051974 0.03672787979966611
1 0.49615014436958615 0.1986644407345576 0.014436958614051974 0.04006677796327212
1 0.48411934552454283 0.1669449081803005 0.013474494706448509 0.0333889816360601
1 0.47786333012512033 0.14774624373956594 0.012512030798845044 0.025041736227045076
1 0.49951876804619827 0.13689482470784642 0.01154956689124158 0.02671118530884808
1 0.507218479307026 0.166110183639399 0.015399422521655439 0.028380634390651086
1 0.5298363811357074 0.19198664440734559 0.016361886429258905 0.04006677796327212
1 0.5457170356111646 0.2020033388981636 0.0192492781520693 0.04006677796327212
1 0.5346487006737247 0.17278797996661102 0.016361886429258905 0.025041736227045076
1 0.5774783445620789 0.15442404006677796 0.01732435033686237 0.025041736227045076
1 0.5856592877767084 0.16944908180300502 0.016361886429258905 0.035058430717863104
1 0.5842155919153033 0.12437395659432388 0.013474494706448509 0.028380634390651086
1 0.6077959576515881 0.12687813021702837 0.012512030798845044 0.02671118530884808
1 0.6145332050048123 0.14774624373956594 0.014436958614051974 0.035058430717863104
1 0.6275264677574591 0.13522537562604342 0.013474494706448509 0.02671118530884808
1 0.6390760346487007 0.14691151919866444 0.01154956689124158 0.03005008347245409
1 0.6434071222329163 0.12520868113522537 0.010587102983638115 0.02671118530884808
1 0.6650625601539942 0.1343906510851419 0.013474494706448509 0.035058430717863104
1 0.6684311838306064 0.12353923205342238 0.012512030798845044 0.03005008347245409
1 0.7045235803657364 0.12520868113522537 0.013474494706448509 0.02671118530884808
1 0.7507218479307026 0.12270450751252088 0.013474494706448509 0.028380634390651086
1 0.7743022136669875 0.13939899833055092 0.012512030798845044 0.03171953255425709
1 0.789701636188643 0.1318864774624374 0.012512030798845044 0.03005008347245409
1 0.7978825794032725 0.15025041736227046 0.013474494706448509 0.0333889816360601
1 0.8368623676612128 0.1318864774624374 0.010587102983638115 0.02671118530884808
1 0.8662175168431184 0.14190317195325544 0.015399422521655439 0.0333889816360601
1 0.8859480269489894 0.16110183639398998 0.014436958614051974 0.03171953255425709
1 0.9080846968238692 0.166110183639399 0.012512030798845044 0.038397328881469114
1 0.9162656400384986 0.162771285475793 0.01154956689124158 0.03171953255425709
1 0.9355149181905679 0.21786310517529217 0.01732435033686237 0.041736227045075125
1 0.953320500481232 0.24791318864774625 0.018286814244465835 0.045075125208681135
1 0.9624639076034649 0.2863105175292154 0.02502406159769009 0.05509181969949917
1 0.8700673724735323 0.17946577629382304 0.01732435033686237 0.035058430717863104
1 0.8912415784408085 0.23873121869782973 0.02502406159769009 0.05342237061769616
1 0.8195380173243504 0.17445742904841402 0.018286814244465835 0.035058430717863104
1 0.8440808469682387 0.21035058430717865 0.02117420596727623 0.04340567612687813
1 0.7151106833493744 0.15442404006677796 0.013474494706448509 0.03171953255425709
1 0.7290664100096247 0.15108514190317196 0.014436958614051974 0.03171953255425709
1 0.741097208854668 0.17195325542570952 0.015399422521655439 0.0333889816360601
1 0.7853705486044273 0.1652754590984975 0.013474494706448509 0.03005008347245409
1 0.7670837343599616 0.18948247078464106 0.01732435033686237 0.045075125208681135
1 0.7281039461020212 0.18948247078464106 0.016361886429258905 0.038397328881469114
1 0.6684311838306064 0.18697829716193656 0.018286814244465835 0.04006677796327212
1 0.6650625601539942 0.21535893155258765 0.02309913378248316 0.04340567612687813
1 0.6304138594802695 0.1994991652754591 0.0192492781520693 0.038397328881469114
1 0.6010587102983639 0.22203672787979967 0.022136669874879694 0.05008347245409015
1 0.6434071222329163 0.24290484140233723 0.024061597690086624 0.05175292153589316
1 0.6020211742059673 0.2896494156928214 0.025986525505293553 0.05509181969949917
1 0.5192492781520693 0.3038397328881469 0.025986525505293553 0.05008347245409015
1 0.6434071222329163 0.31719532554257096 0.03176130895091434 0.06010016694490818
1 0.6881616939364774 0.2671118530884808 0.02117420596727623 0.05342237061769616
1 0.7093358999037537 0.2587646076794658 0.02117420596727623 0.04674457429048414
1 0.741097208854668 0.2979966611018364 0.02502406159769009 0.05509181969949917
1 0.7858517805582291 0.2337228714524207 0.022136669874879694 0.05342237061769616
1 0.7959576515880655 0.20868113522537562 0.0192492781520693 0.04674457429048414
1 0.8806544754571703 0.31385642737896496 0.026948989412897018 0.05342237061769616
1 0.7882579403272377 0.3038397328881469 0.02502406159769009 0.06010016694490818
