0 0.5014285714285714 0.39714285714285713 0.1457142857142857 0.16857142857142857
0 0.5521428571428572 0.25285714285714284 0.14714285714285713 0.14857142857142858
0 0.7935714285714286 0.2557142857142857 0.13285714285714287 0.14285714285714285
0 0.8078571428571428 0.37857142857142856 0.11857142857142858 0.15428571428571428
0 0.7271428571428571 0.43785714285714283 0.11714285714285715 0.16428571428571428
0 0.6321428571428571 0.5335714285714286 0.13857142857142857 0.14714285714285713
0 0.8814285714285715 0.5728571428571428 0.12571428571428572 0.14857142857142858
0 0.9628571428571429 0.6335714285714286 0.07428571428571429 0.16714285714285715
0 0.9621428571428572 0.44357142857142856 0.07571428571428572 0.16714285714285715
1 0.9528571428571428 0.3007142857142857 0.09428571428571429 0.13857142857142857
1 0.22071428571428572 0.13428571428571429 0.23285714285714285 0.26
1 0.5978571428571429 0.35714285714285715 0.10428571428571429 0.13428571428571429
