1 0.081 0.5826666666666667 0.07 0.12
1 0.14 0.5106666666666666 0.06 0.08266666666666667
1 0.199 0.4026666666666667 0.038 0.048
1 0.431 0.492 0.042 0.072
1 0.515 0.5533333333333333 0.07 0.09333333333333332
1 0.40700000000000003 0.4533333333333333 0.034 0.058666666666666666
1 0.38 0.43866666666666665 0.028 0.04533333333333333
1 0.36 0.4093333333333333 0.024 0.04
1 0.452 0.38666666666666666 0.028 0.03733333333333333
1 0.481 0.4093333333333333 0.026000000000000002 0.04
1 0.511 0.41866666666666663 0.026000000000000002 0.042666666666666665
1 0.55 0.4333333333333333 0.032 0.050666666666666665
1 0.55 0.39066666666666666 0.02 0.04
1 0.578 0.39999999999999997 0.02 0.032
1 0.623 0.45866666666666667 0.03 0.058666666666666666
1 0.637 0.41866666666666663 0.022 0.03733333333333333
1 0.685 0.42666666666666664 0.026000000000000002 0.042666666666666665
1 0.729 0.416 0.026000000000000002 0.03733333333333333
1 0.715 0.5053333333333333 0.038 0.07733333333333334
1 0.774 0.45199999999999996 0.032 0.056
1 0.837 0.5439999999999999 0.074 0.09066666666666666
1 0.864 0.476 0.04 0.072
1 0.895 0.4533333333333333 0.042 0.05333333333333333
1 0.979 0.5373333333333333 0.042 0.08266666666666667
