1 0.12348178137651822 0.49594320486815413 0.05263157894736842 0.0872210953346856
1 0.14979757085020243 0.40060851926977686 0.048582995951417005 0.08316430020283976
1 0.1214574898785425 0.3509127789046653 0.029689608636977057 0.056795131845841784
1 0.1039136302294197 0.30628803245436104 0.032388663967611336 0.05273833671399594
1 0.08636977058029689 0.33772819472616633 0.03778677462887989 0.07099391480730223
1 0.0398110661268556 0.26369168356997974 0.02834008097165992 0.04056795131845842
1 0.11336032388663968 0.24543610547667344 0.026990553306342778 0.04056795131845842
1 0.14035087719298245 0.24645030425963488 0.021592442645074223 0.034482758620689655
1 0.17273954116059378 0.2484787018255578 0.024291497975708502 0.038539553752535496
1 0.17341430499325236 0.30628803245436104 0.02834008097165992 0.05273833671399594
1 0.21727395411605938 0.3235294117647059 0.026990553306342778 0.05476673427991886
1 0.24426450742240216 0.3509127789046653 0.032388663967611336 0.0486815415821501
1 0.23009446693657218 0.41379310344827586 0.04723346828609986 0.08519269776876268
1 0.29014844804318485 0.4726166328600406 0.043184885290148446 0.08519269776876268
1 0.3225371120107962 0.486815415821501 0.053981106612685556 0.09330628803245436
1 0.36099865047233465 0.48275862068965514 0.05263157894736842 0.10547667342799188
1 0.45883940620782726 0.4421906693711968 0.043184885290148446 0.08924949290060852
1 0.5418353576248313 0.4685598377281947 0.04993252361673414 0.0973630831643002
1 0.5195681511470985 0.40466531440162273 0.04588394062078272 0.0872210953346856
1 0.41632928475033737 0.38742393509127787 0.04723346828609986 0.09330628803245436
1 0.3508771929824561 0.4016227180527383 0.03778677462887989 0.07302231237322515
1 0.39001349527665313 0.4208924949290061 0.04048582995951417 0.06693711967545639
1 0.3097165991902834 0.38336713995943206 0.044534412955465584 0.07707910750507099
1 0.2759784075573549 0.3488843813387424 0.031039136302294195 0.056795131845841784
1 0.27530364372469635 0.31643002028397565 0.021592442645074223 0.036511156186612576
1 0.30836707152496623 0.3235294117647059 0.02294197031039136 0.038539553752535496
1 0.3380566801619433 0.3235294117647059 0.020242914979757085 0.038539553752535496
1 0.3265856950067476 0.28498985801217036 0.018893387314439944 0.034482758620689655
1 0.2921727395411606 0.2535496957403651 0.020242914979757085 0.032454361054766734
1 0.296221322537112 0.21906693711967545 0.014844804318488529 0.028397565922920892
1 0.2584345479082321 0.2302231237322515 0.020242914979757085 0.030425963488843813
1 0.2624831309041835 0.2647058823529412 0.017543859649122806 0.030425963488843813
1 0.26450742240215924 0.29411764705882354 0.016194331983805668 0.036511156186612576
1 0.23954116059379216 0.30831643002028397 0.02564102564102564 0.04056795131845842
1 0.22807017543859648 0.28498985801217036 0.021592442645074223 0.038539553752535496
1 0.2078272604588394 0.2839756592292089 0.018893387314439944 0.032454361054766734
1 0.21794871794871795 0.24746450304259635 0.020242914979757085 0.032454361054766734
1 0.21390013495276652 0.2150101419878296 0.014844804318488529 0.028397565922920892
1 0.23819163292847503 0.2525354969574036 0.017543859649122806 0.034482758620689655
1 0.3333333333333333 0.25050709939148075 0.018893387314439944 0.030425963488843813
1 0.3373819163292847 0.21805273833671399 0.013495276653171389 0.030425963488843813
1 0.37044534412955465 0.22920892494929007 0.014844804318488529 0.028397565922920892
1 0.38124156545209176 0.2363083164300203 0.017543859649122806 0.034482758620689655
1 0.34952766531713897 0.29310344827586204 0.016194331983805668 0.030425963488843813
1 0.3616734143049932 0.30628803245436104 0.018893387314439944 0.036511156186612576
1 0.38191632928475033 0.3103448275862069 0.021592442645074223 0.04462474645030426
1 0.4197031039136302 0.2829614604462475 0.024291497975708502 0.04665314401622718
1 0.41228070175438597 0.2210953346855984 0.020242914979757085 0.032454361054766734
1 0.4244264507422402 0.1795131845841785 0.014844804318488529 0.030425963488843813
1 0.44534412955465585 0.3580121703853955 0.03508771929824561 0.06288032454361055
1 0.46963562753036436 0.3448275862068966 0.024291497975708502 0.04462474645030426
1 0.49460188933873145 0.35192697768762676 0.033738191632928474 0.05070993914807302
1 0.48717948717948717 0.3103448275862069 0.021592442645074223 0.036511156186612576
1 0.4581646423751687 0.29918864097363085 0.02294197031039136 0.038539553752535496
1 0.45276653171390013 0.27281947261663286 0.020242914979757085 0.030425963488843813
1 0.4534412955465587 0.2525354969574036 0.018893387314439944 0.02636916835699797
1 0.4574898785425101 0.21095334685598377 0.024291497975708502 0.036511156186612576
1 0.4966261808367071 0.2129817444219067 0.018893387314439944 0.032454361054766734
1 0.49460188933873145 0.2647058823529412 0.017543859649122806 0.034482758620689655
1 0.5128205128205128 0.27281947261663286 0.021592442645074223 0.038539553752535496
1 0.5161943319838056 0.3286004056795132 0.020242914979757085 0.036511156186612576
1 0.5317139001349528 0.3488843813387424 0.026990553306342778 0.04462474645030426
1 0.5479082321187584 0.3661257606490872 0.032388663967611336 0.05476673427991886
1 0.5728744939271255 0.359026369168357 0.04183535762483131 0.08519269776876268
1 0.5472334682860999 0.3235294117647059 0.017543859649122806 0.034482758620689655
1 0.5499325236167342 0.2525354969574036 0.014844804318488529 0.030425963488843813
1 0.5937921727395411 0.39858012170385393 0.04588394062078272 0.0872210953346856
1 0.5951417004048583 0.3144016227180527 0.021592442645074223 0.04056795131845842
1 0.5991902834008097 0.2302231237322515 0.016194331983805668 0.038539553752535496
1 0.5823211875843455 0.22413793103448276 0.017543859649122806 0.030425963488843813
1 0.5755735492577597 0.1764705882352941 0.020242914979757085 0.028397565922920892
1 0.5654520917678812 0.13691683569979715 0.018893387314439944 0.034482758620689655
1 0.6140350877192983 0.16734279918864098 0.016194331983805668 0.030425963488843813
1 0.6167341430499325 0.14198782961460446 0.016194331983805668 0.028397565922920892
1 0.6423751686909581 0.2210953346855984 0.018893387314439944 0.032454361054766734
1 0.6383265856950067 0.35496957403651114 0.026990553306342778 0.056795131845841784
1 0.6282051282051282 0.3275862068965517 0.020242914979757085 0.034482758620689655
1 0.6578947368421052 0.2565922920892495 0.020242914979757085 0.038539553752535496
1 0.6504723346828609 0.4330628803245436 0.048582995951417005 0.09127789046653144
1 0.6639676113360323 0.5070993914807302 0.059379217273954114 0.10547667342799188
1 0.6916329284750337 0.41784989858012167 0.03913630229419703 0.09330628803245436
1 0.7206477732793521 0.4300202839756592 0.048582995951417005 0.10141987829614604
1 0.7692307692307692 0.47971602434077076 0.06747638326585695 0.11561866125760649
1 0.7968960863697705 0.5649087221095335 0.0796221322537112 0.12373225152129817
1 0.849527665317139 0.359026369168357 0.06612685560053981 0.0973630831643002
1 0.951417004048583 0.511156186612576 0.09716599190283401 0.15821501014198783
1 0.7739541160593791 0.39858012170385393 0.05263157894736842 0.0872210953346856
1 0.742914979757085 0.3275862068965517 0.04723346828609986 0.08316430020283976
1 0.694331983805668 0.34279918864097364 0.02564102564102564 0.036511156186612576
1 0.6875843454790823 0.3022312373225152 0.02564102564102564 0.036511156186612576
1 0.6963562753036437 0.26267748478701824 0.018893387314439944 0.034482758620689655
1 0.6970310391363023 0.22210953346855983 0.014844804318488529 0.030425963488843813
1 0.6653171390013495 0.13184584178498987 0.021592442645074223 0.028397565922920892
1 0.7186234817813765 0.13387423935091278 0.017543859649122806 0.02434077079107505
1 0.7300944669365722 0.18864097363083165 0.018893387314439944 0.032454361054766734
1 0.7577597840755735 0.20486815415821502 0.017543859649122806 0.032454361054766734
1 0.7699055330634278 0.22718052738336714 0.017543859649122806 0.032454361054766734
1 0.7941970310391363 0.29107505070993916 0.02294197031039136 0.04259634888438134
1 0.8022941970310391 0.2383367139959432 0.02294197031039136 0.04259634888438134
1 0.791497975708502 0.15821501014198783 0.014844804318488529 0.028397565922920892
1 0.7746288798920378 0.11561866125760649 0.016194331983805668 0.028397565922920892
1 0.8130904183535762 0.13184584178498987 0.017543859649122806 0.028397565922920892
1 0.8272604588394061 0.23225152129817445 0.021592442645074223 0.04665314401622718
1 0.9318488529014844 0.26774847870182555 0.03913630229419703 0.060851926977687626
1 0.9163292847503374 0.21602434077079108 0.024291497975708502 0.04665314401622718
