1 0.27474560592044406 0.6314685314685314 0.07400555041628122 0.11048951048951049
1 0.20582793709528216 0.5433566433566434 0.037927844588344126 0.06293706293706294
1 0.11979648473635524 0.5671328671328671 0.039777983348751156 0.06573426573426573
1 0.06382978723404256 0.5062937062937063 0.03145235892691952 0.04755244755244755
1 0.025439407955596672 0.4888111888111888 0.028677150786308975 0.057342657342657345
1 0.060129509713228495 0.47412587412587415 0.03700277520814061 0.04195804195804196
1 0.06567992599444959 0.44825174825174824 0.020351526364477335 0.02937062937062937
1 0.09574468085106383 0.4818181818181818 0.023126734505087884 0.03496503496503497
1 0.11147086031452359 0.4734265734265734 0.01572617946345976 0.026573426573426574
1 0.10915818686401481 0.4433566433566434 0.016651248843663275 0.027972027972027972
1 0.14246068455134137 0.48041958041958044 0.02590194264569843 0.04055944055944056
1 0.1410730804810361 0.45244755244755247 0.01572617946345976 0.026573426573426574
1 0.14939870490286772 0.3958041958041958 0.01942645698427382 0.027972027972027972
1 0.17067530064754857 0.4979020979020979 0.024976873265494914 0.044755244755244755
1 0.18593894542090658 0.479020979020979 0.018501387604070305 0.03496503496503497
1 0.20952821461609622 0.47202797202797203 0.01572617946345976 0.03496503496503497
1 0.24236817761332102 0.4944055944055944 0.02590194264569843 0.04895104895104895
1 0.25300647548566146 0.4797202797202797 0.024976873265494914 0.03636363636363636
1 0.2506938020351526 0.4433566433566434 0.016651248843663275 0.027972027972027972
1 0.2955596669750231 0.48041958041958044 0.030527289546716005 0.046153846153846156
1 0.29833487511563367 0.45454545454545453 0.01757631822386679 0.025174825174825173
1 0.286308973172988 0.43286713286713285 0.01572617946345976 0.023776223776223775
1 0.3191489361702128 0.44545454545454544 0.016651248843663275 0.026573426573426574
1 0.3242368177613321 0.43636363636363634 0.01387604070305273 0.019580419580419582
1 0.3459759481961147 0.44825174825174824 0.016651248843663275 0.02937062937062937
1 0.37234042553191493 0.5055944055944056 0.034227567067530065 0.04895104895104895
1 0.4019426456984274 0.5132867132867133 0.04532839962997225 0.07272727272727272
1 0.41674375578168366 0.6027972027972028 0.06938020351526365 0.12307692307692308
1 0.46022201665124884 0.5020979020979021 0.036077705827937095 0.05874125874125874
1 0.42229417206290476 0.46293706293706294 0.023126734505087884 0.039160839160839164
1 0.4019426456984274 0.45454545454545453 0.01942645698427382 0.03076923076923077
1 0.393154486586494 0.42727272727272725 0.016651248843663275 0.02937062937062937
1 0.3811285846438483 0.4370629370629371 0.016651248843663275 0.032167832167832165
1 0.3658649398704903 0.45034965034965035 0.02127659574468085 0.03076923076923077
1 0.3654024051803885 0.43636363636363634 0.016651248843663275 0.027972027972027972
1 0.43432007400555045 0.43496503496503497 0.0120259019426457 0.016783216783216783
1 0.4472710453283997 0.44475524475524475 0.01572617946345976 0.027972027972027972
1 0.4773358001850139 0.46923076923076923 0.02220166512488437 0.032167832167832165
1 0.5240518038852914 0.4643356643356643 0.026827012025901945 0.04755244755244755
1 0.5185013876040704 0.4433566433566434 0.01757631822386679 0.027972027972027972
1 0.5069380203515264 0.43636363636363634 0.014801110083256245 0.027972027972027972
1 0.5018501387604071 0.3916083916083916 0.01387604070305273 0.025174825174825173
1 0.46253469010175763 0.43566433566433566 0.0074005550416281225 0.01818181818181818
1 0.5578168362627197 0.4853146853146853 0.02775208140610546 0.050349650349650346
1 0.543940795559667 0.5762237762237762 0.06290471785383904 0.0979020979020979
1 0.5980573543015727 0.5685314685314685 0.052728954671600374 0.07972027972027972
1 0.5272895467160037 0.42097902097902096 0.011100832562442185 0.022377622377622378
1 0.5467160037002775 0.4398601398601399 0.011100832562442185 0.026573426573426574
1 0.5656799259944496 0.44965034965034967 0.02127659574468085 0.032167832167832165
1 0.5712303422756707 0.4216783216783217 0.01387604070305273 0.023776223776223775
1 0.5920444033302498 0.427972027972028 0.012950971322849215 0.022377622377622378
1 0.6059204440333025 0.4405594405594406 0.014801110083256245 0.025174825174825173
1 0.603145235892692 0.46013986013986014 0.018501387604070305 0.03076923076923077
1 0.5975948196114709 0.48951048951048953 0.02220166512488437 0.039160839160839164
1 0.6369102682701203 0.47692307692307695 0.023126734505087884 0.039160839160839164
1 0.6322849213691027 0.44475524475524475 0.01387604070305273 0.027972027972027972
1 0.6345975948196115 0.42937062937062936 0.011100832562442185 0.019580419580419582
1 0.6567992599444958 0.43566433566433566 0.011100832562442185 0.02097902097902098
1 0.6692876965772433 0.45664335664335665 0.01387604070305273 0.02937062937062937
1 0.6665124884366328 0.4944055944055944 0.030527289546716005 0.046153846153846156
1 0.7155411655874191 0.43496503496503497 0.01942645698427382 0.027972027972027972
1 0.7391304347826088 0.4433566433566434 0.018501387604070305 0.03636363636363636
1 0.7363552266419982 0.48951048951048953 0.02590194264569843 0.04755244755244755
1 0.7243293246993525 0.4734265734265734 0.018501387604070305 0.032167832167832165
1 0.7636447733580018 0.42657342657342656 0.01387604070305273 0.022377622377622378
1 0.7650323774283072 0.4489510489510489 0.012950971322849215 0.027972027972027972
1 0.7765957446808511 0.45734265734265733 0.01757631822386679 0.03636363636363636
1 0.8071230342275671 0.44965034965034967 0.01942645698427382 0.03776223776223776
1 0.8196114708603146 0.42027972027972027 0.016651248843663275 0.023776223776223775
1 0.8112858464384829 0.4083916083916084 0.012950971322849215 0.022377622377622378
1 0.8316373728029602 0.4111888111888112 0.011100832562442185 0.019580419580419582
1 0.833950046253469 0.43916083916083914 0.01572617946345976 0.03076923076923077
1 0.8307123034227567 0.47202797202797203 0.02775208140610546 0.043356643356643354
1 0.8469010175763183 0.5195804195804196 0.039777983348751156 0.06293706293706294
1 0.8598519888991675 0.4664335664335664 0.024976873265494914 0.043356643356643354
1 0.8649398704902869 0.43636363636363634 0.018501387604070305 0.03076923076923077
1 0.8566142460684552 0.4062937062937063 0.014801110083256245 0.026573426573426574
1 0.8797409805735431 0.43286713286713285 0.014801110083256245 0.032167832167832165
1 0.8987049028677151 0.45454545454545453 0.01942645698427382 0.03076923076923077
1 0.902867715078631 0.43006993006993005 0.016651248843663275 0.03496503496503497
1 0.9209065679925995 0.44965034965034967 0.01572617946345976 0.03776223776223776
1 0.9306197964847364 0.4853146853146853 0.03330249768732655 0.05314685314685315
1 0.9070305272895468 0.5118881118881119 0.036077705827937095 0.06433566433566433
1 0.9375578168362627 0.44685314685314687 0.01942645698427382 0.03496503496503497
1 0.9592969472710454 0.44545454545454544 0.016651248843663275 0.02937062937062937
1 0.9814986123959297 0.4370629370629371 0.018501387604070305 0.03496503496503497
1 0.9888991674375579 0.4797202797202797 0.02220166512488437 0.050349650349650346
