1 0.07571428571428572 0.6209523809523809 0.07714285714285714 0.09523809523809523
1 0.09714285714285714 0.5504761904761905 0.04285714285714286 0.06095238095238095
1 0.1457142857142857 0.5380952380952381 0.03428571428571429 0.047619047619047616
1 0.16142857142857142 0.5057142857142857 0.03428571428571429 0.047619047619047616
1 0.20285714285714285 0.5438095238095239 0.045714285714285714 0.06285714285714286
1 0.24071428571428571 0.5219047619047619 0.03857142857142857 0.05714285714285714
1 0.26142857142857145 0.5076190476190476 0.03142857142857143 0.05142857142857143
1 0.2792857142857143 0.5038095238095238 0.027142857142857142 0.05142857142857143
1 0.24214285714285713 0.4180952380952381 0.027142857142857142 0.04380952380952381
1 0.43714285714285717 0.7123809523809523 0.12 0.16380952380952382
1 0.4235714285714286 0.5980952380952381 0.06428571428571428 0.09142857142857143
1 0.44357142857142856 0.5428571428571428 0.03571428571428571 0.049523809523809526
1 0.49785714285714283 0.518095238095238 0.027142857142857142 0.03428571428571429
1 0.5128571428571429 0.5333333333333333 0.025714285714285714 0.0380952380952381
1 0.5442857142857143 0.5419047619047619 0.037142857142857144 0.05904761904761905
1 0.6271428571428571 0.6361904761904762 0.07142857142857142 0.08761904761904762
1 0.665 0.5771428571428572 0.05 0.07238095238095238
1 0.6185714285714285 0.56 0.03142857142857143 0.05714285714285714
1 0.5728571428571428 0.52 0.03142857142857143 0.0419047619047619
1 0.6214285714285714 0.5142857142857142 0.03142857142857143 0.0380952380952381
1 0.6542857142857142 0.5238095238095238 0.02857142857142857 0.0380952380952381
1 0.6978571428571428 0.539047619047619 0.041428571428571426 0.06476190476190476
1 0.7042857142857143 0.9342857142857143 0.11428571428571428 0.13142857142857142
1 0.93 0.8819047619047619 0.13714285714285715 0.2361904761904762
1 0.9014285714285715 0.7352380952380952 0.12285714285714286 0.16380952380952382
1 0.9414285714285714 0.6695238095238095 0.06857142857142857 0.10095238095238095
1 0.7992857142857143 0.6666666666666666 0.08142857142857143 0.1180952380952381
1 0.8042857142857143 0.5685714285714286 0.054285714285714284 0.08571428571428572
1 0.7507142857142857 0.5628571428571428 0.047142857142857146 0.06666666666666667
1 0.8664285714285714 0.5504761904761905 0.047142857142857146 0.05714285714285714
1 0.8321428571428572 0.5419047619047619 0.027142857142857142 0.047619047619047616
1 0.9092857142857143 0.5352380952380953 0.03571428571428571 0.0419047619047619
1 0.9428571428571428 0.5704761904761905 0.06 0.07047619047619047
