1 0.3453125 0.5552763819095478 0.15937500000000002 0.3065326633165829
1 0.4546875 0.4484924623115578 0.08125 0.15326633165829145
1 0.59140625 0.4824120603015075 0.1046875 0.19095477386934673
1 0.659375 0.3706030150753769 0.06875 0.14321608040201006
1 0.7765625 0.4484924623115578 0.084375 0.17839195979899497
1 0.8773437500000001 0.4321608040201005 0.0671875 0.1407035175879397
1 0.021875000000000002 0.4057788944723618 0.040625 0.15326633165829145
1 0.03125 0.3530150753768844 0.05625 0.12311557788944724
1 0.2890625 0.4635678391959799 0.1 0.18341708542713567
1 0.2484375 0.36683417085427134 0.059375000000000004 0.10050251256281408
