1 0.11764705882352941 0.7447306791569087 0.20784313725490194 0.26229508196721313
1 0.23627450980392156 0.5081967213114754 0.13529411764705881 0.16393442622950818
1 0.13333333333333333 0.36885245901639346 0.08235294117647059 0.11475409836065574
1 0.061764705882352944 0.3255269320843091 0.06470588235294117 0.07962529274004684
1 0.08235294117647059 0.25526932084309134 0.058823529411764705 0.07494145199063232
1 0.14607843137254903 0.2540983606557377 0.045098039215686274 0.06323185011709602
1 0.20784313725490194 0.3161592505854801 0.06274509803921569 0.08430913348946135
1 0.22156862745098038 0.2540983606557377 0.047058823529411764 0.06323185011709602
1 0.29411764705882354 0.2224824355971897 0.047058823529411764 0.05620608899297424
1 0.3088235294117647 0.25878220140515223 0.045098039215686274 0.03981264637002342
1 0.31862745098039214 0.30210772833723654 0.06470588235294117 0.06557377049180328
1 0.34019607843137256 0.3618266978922717 0.08823529411764705 0.11475409836065574
1 0.44019607843137254 0.24355971896955503 0.045098039215686274 0.07962529274004684
1 0.49117647058823527 0.2540983606557377 0.052941176470588235 0.07728337236533958
1 0.5519607843137255 0.25526932084309134 0.045098039215686274 0.07494145199063232
1 0.6196078431372549 0.28805620608899296 0.07450980392156863 0.09836065573770492
1 0.5529411764705883 0.3559718969555035 0.08235294117647059 0.10304449648711944
1 0.553921568627451 0.4613583138173302 0.11176470588235293 0.15456674473067916
1 0.6862745098039216 0.5702576112412178 0.16862745098039217 0.21311475409836064
1 0.7372549019607844 0.3711943793911007 0.10196078431372549 0.14285714285714285
1 0.7392156862745098 0.1990632318501171 0.047058823529411764 0.07494145199063232
1 0.8313725490196078 0.29156908665105385 0.06666666666666667 0.10070257611241218
1 0.9147058823529411 0.2786885245901639 0.06862745098039216 0.09836065573770492
1 0.8872549019607843 0.6007025761124122 0.22549019607843138 0.27400468384074944
