1 0.16621621621621624 0.8194726166328601 0.15675675675675677 0.255578093306288
1 0.2756756756756757 0.9087221095334685 0.15135135135135136 0.18255578093306288
1 0.09662162162162163 0.5436105476673427 0.041891891891891894 0.060851926977687626
1 0.11554054054054055 0.5649087221095335 0.02837837837837838 0.05476673427991886
1 0.1560810810810811 0.5547667342799188 0.031081081081081083 0.05070993914807302
1 0.17364864864864865 0.5202839756592292 0.031081081081081083 0.04665314401622718
1 0.22297297297297297 0.5314401622718052 0.032432432432432434 0.04462474645030426
1 0.23581081081081082 0.513184584178499 0.025675675675675677 0.04462474645030426
1 0.25135135135135134 0.5273833671399595 0.02702702702702703 0.04056795131845842
1 0.33716216216216216 0.4594320486815416 0.025675675675675677 0.038539553752535496
1 0.36081081081081084 0.5385395537525355 0.04054054054054054 0.07099391480730223
1 0.370945945945946 0.5253549695740365 0.033783783783783786 0.05273833671399594
1 0.4506756756756757 0.5253549695740365 0.03648648648648649 0.05273833671399594
1 0.4445945945945946 0.5872210953346856 0.043243243243243246 0.07099391480730223
1 0.49324324324324326 0.5436105476673427 0.03513513513513514 0.06490872210953347
1 0.5283783783783784 0.5557809330628803 0.04054054054054054 0.07707910750507099
1 0.5668918918918919 0.5750507099391481 0.06351351351351352 0.09533468559837728
1 0.6608108108108108 0.6572008113590264 0.13243243243243244 0.19878296146044624
1 0.6743243243243243 0.4645030425963489 0.021621621621621623 0.04462474645030426
1 0.7202702702702704 0.45334685598377283 0.032432432432432434 0.04665314401622718
1 0.7743243243243244 0.5425963488843814 0.02972972972972973 0.05476673427991886
1 0.8 0.5436105476673427 0.03513513513513514 0.056795131845841784
1 0.8662162162162163 0.5963488843813387 0.05945945945945946 0.08924949290060852
1 0.9432432432432433 0.5973630831643002 0.05945945945945946 0.10344827586206896
1 0.9243243243243244 0.7383367139959431 0.13783783783783785 0.22718052738336714
1 0.797972972972973 0.8671399594320487 0.11486486486486487 0.19675456389452334
