1 0.06545454545454546 0.45901639344262296 0.08363636363636363 0.12021857923497267
1 0.1 0.41530054644808745 0.06909090909090909 0.11475409836065574
1 0.2690909090909091 0.4262295081967213 0.05090909090909091 0.09836065573770492
1 0.35909090909090907 0.4426229508196721 0.02727272727272727 0.04918032786885246
1 0.39090909090909093 0.4603825136612022 0.03272727272727273 0.05737704918032787
1 0.42454545454545456 0.4603825136612022 0.045454545454545456 0.09016393442622951
1 0.45454545454545453 0.46584699453551914 0.02909090909090909 0.05737704918032787
1 0.4672727272727273 0.4262295081967213 0.02181818181818182 0.04371584699453552
1 0.5081818181818182 0.40710382513661203 0.04181818181818182 0.07650273224043716
1 0.5409090909090909 0.43579234972677594 0.034545454545454546 0.06284153005464481
1 0.8181818181818182 0.44808743169398907 0.05454545454545454 0.08196721311475409
1 0.9309090909090909 0.43169398907103823 0.07636363636363637 0.12021857923497267
1 0.5963636363636363 0.4521857923497268 0.02181818181818182 0.040983606557377046
