1 0.12758620689655173 0.5613496932515337 0.04827586206896552 0.11656441717791412
1 0.13620689655172413 0.8665644171779141 0.06206896551724138 0.10122699386503067
1 0.36724137931034484 0.6042944785276074 0.05517241379310345 0.11656441717791412
1 0.4724137931034483 0.5414110429447853 0.05172413793103448 0.10122699386503067
1 0.4060344827586207 0.39877300613496935 0.04310344827586207 0.08588957055214724
1 0.35344827586206895 0.28680981595092025 0.03793103448275862 0.0705521472392638
1 0.31551724137931036 0.17484662576687118 0.034482758620689655 0.05521472392638037
1 0.2939655172413793 0.13803680981595093 0.02586206896551724 0.04294478527607362
1 0.27241379310344827 0.04754601226993865 0.02413793103448276 0.046012269938650305
1 0.22327586206896552 0.10736196319018405 0.029310344827586206 0.049079754601226995
1 0.2525862068965517 0.18404907975460122 0.029310344827586206 0.06134969325153374
1 0.27413793103448275 0.26533742331288346 0.03103448275862069 0.06441717791411043
1 0.2956896551724138 0.45858895705521474 0.04310344827586207 0.07668711656441718
1 0.13793103448275862 0.32515337423312884 0.034482758620689655 0.06748466257668712
1 0.1586206896551724 0.2607361963190184 0.027586206896551724 0.05521472392638037
1 0.14568965517241378 0.17638036809815952 0.02586206896551724 0.052147239263803685
1 0.1586206896551724 0.11349693251533742 0.02413793103448276 0.03680981595092025
1 0.3422413793103448 0.05674846625766871 0.022413793103448276 0.03374233128834356
1 0.36982758620689654 0.12423312883435583 0.029310344827586206 0.046012269938650305
1 0.4267241379310345 0.16411042944785276 0.03275862068965517 0.06441717791411043
1 0.4232758620689655 0.07668711656441718 0.01896551724137931 0.049079754601226995
1 0.4698275862068965 0.07208588957055215 0.01896551724137931 0.03987730061349693
1 0.453448275862069 0.11809815950920245 0.020689655172413793 0.046012269938650305
1 0.4896551724137931 0.18098159509202455 0.027586206896551724 0.05521472392638037
1 0.5129310344827586 0.11809815950920245 0.022413793103448276 0.046012269938650305
1 0.5051724137931034 0.08282208588957056 0.017241379310344827 0.03680981595092025
1 0.55 0.12116564417177915 0.017241379310344827 0.046012269938650305
1 0.5543103448275862 0.17177914110429449 0.022413793103448276 0.04294478527607362
1 0.5974137931034482 0.17791411042944785 0.022413793103448276 0.04294478527607362
1 0.6689655172413793 0.17331288343558282 0.027586206896551724 0.052147239263803685
1 0.6413793103448275 0.28067484662576686 0.034482758620689655 0.052147239263803685
1 0.6405172413793103 0.22699386503067484 0.022413793103448276 0.049079754601226995
1 0.55 0.28680981595092025 0.03103448275862069 0.06441717791411043
1 0.4862068965517241 0.2745398773006135 0.034482758620689655 0.06441717791411043
1 0.5336206896551724 0.36809815950920244 0.03275862068965517 0.07975460122699386
1 0.6258620689655172 0.38650306748466257 0.041379310344827586 0.08588957055214724
1 0.6956896551724138 0.29754601226993865 0.02586206896551724 0.04294478527607362
1 0.7301724137931035 0.24846625766871167 0.01896551724137931 0.049079754601226995
1 0.7681034482758621 0.2714723926380368 0.01896551724137931 0.03987730061349693
1 0.7637931034482759 0.4125766871165644 0.03103448275862069 0.06441717791411043
1 0.8198275862068966 0.3665644171779141 0.02586206896551724 0.05828220858895706
1 0.8646551724137931 0.42638036809815955 0.029310344827586206 0.06134969325153374
1 0.9439655172413793 0.5245398773006135 0.02586206896551724 0.06134969325153374
1 0.8491379310344828 0.49693251533742333 0.022413793103448276 0.06134969325153374
1 0.8094827586206896 0.5214723926380368 0.029310344827586206 0.06134969325153374
1 0.7241379310344828 0.5214723926380368 0.03103448275862069 0.07975460122699386
1 0.6336206896551724 0.5751533742331288 0.03620689655172414 0.08282208588957056
1 0.8939655172413793 0.7223926380368099 0.05344827586206896 0.10736196319018405
