1 0.09189443920829406 0.4420529801324503 0.05183788878416588 0.09602649006622517
1 0.2582469368520264 0.28394039735099336 0.01885014137606032 0.0380794701986755
1 0.2841658812441093 0.2723509933774834 0.019792648444863337 0.0380794701986755
1 0.30348727615457116 0.2582781456953642 0.016965127238454288 0.039735099337748346
1 0.3223374175306315 0.2814569536423841 0.016965127238454288 0.039735099337748346
1 0.3435438265786993 0.2905629139072848 0.021677662582469368 0.04470198675496689
1 0.3232799245994345 0.222682119205298 0.015080113100848256 0.03145695364238411
1 0.34967012252591895 0.21357615894039736 0.01885014137606032 0.033112582781456956
1 0.36804901036757776 0.22350993377483444 0.01413760603204524 0.033112582781456956
1 0.382186616399623 0.2359271523178808 0.017907634307257305 0.041390728476821195
1 0.3953817153628652 0.20033112582781457 0.012252591894439209 0.026490066225165563
1 0.40857681432610743 0.17798013245033112 0.016022620169651274 0.028145695364238412
1 0.4307257304429783 0.17880794701986755 0.015080113100848256 0.033112582781456956
1 0.4184731385485391 0.222682119205298 0.015080113100848256 0.0380794701986755
1 0.4340245051837889 0.23344370860927152 0.016022620169651274 0.046357615894039736
1 0.42836946277097077 0.277317880794702 0.02544769085768143 0.04470198675496689
1 0.4557021677662582 0.14321192052980133 0.01413760603204524 0.028145695364238412
1 0.45051837888784163 0.1870860927152318 0.015080113100848256 0.033112582781456956
1 0.4759660697455231 0.1763245033112583 0.01885014137606032 0.03145695364238411
1 0.474081055607917 0.1498344370860927 0.015080113100848256 0.028145695364238412
1 0.49198868991517436 0.13327814569536423 0.011310084825636193 0.024834437086092714
1 0.5028275212064091 0.1672185430463576 0.01413760603204524 0.033112582781456956
1 0.4816211121583412 0.20860927152317882 0.01885014137606032 0.03642384105960265
1 0.48067860508953814 0.24254966887417218 0.022620169651272386 0.0380794701986755
1 0.48539114043355325 0.304635761589404 0.022620169651272386 0.046357615894039736
1 0.5334590009425071 0.14155629139072848 0.015080113100848256 0.0347682119205298
1 0.5523091423185674 0.16556291390728478 0.015080113100848256 0.033112582781456956
1 0.5754005655042412 0.16804635761589404 0.017907634307257305 0.0380794701986755
1 0.5692742695570217 0.11754966887417219 0.011310084825636193 0.026490066225165563
1 0.5961357210179076 0.10927152317880795 0.012252591894439209 0.029801324503311258
1 0.5867106503298775 0.13410596026490065 0.01413760603204524 0.026490066225165563
1 0.5918944392082941 0.152317880794702 0.013195098963242224 0.029801324503311258
1 0.5565504241281809 0.1382450331125828 0.01413760603204524 0.024834437086092714
1 0.5386427898209236 0.20612582781456953 0.021677662582469368 0.03145695364238411
1 0.5626767200754006 0.24089403973509935 0.024505183788878417 0.04470198675496689
1 0.5617342130065975 0.2980132450331126 0.024505183788878417 0.059602649006622516
1 0.6102733270499529 0.3344370860927152 0.027332704995287463 0.06291390728476821
1 0.6055607917059378 0.27980132450331124 0.027332704995287463 0.04304635761589404
1 0.6112158341187559 0.21771523178807947 0.021677662582469368 0.04470198675496689
1 0.6229971724787936 0.14735099337748345 0.011310084825636193 0.03642384105960265
1 0.61875589066918 0.11009933774834436 0.01413760603204524 0.028145695364238412
1 0.6390197926484449 0.10844370860927152 0.011310084825636193 0.024834437086092714
1 0.6361922714420358 0.12582781456953643 0.013195098963242224 0.026490066225165563
1 0.6724787935909519 0.125 0.01413760603204524 0.03145695364238411
1 0.7130065975494816 0.10513245033112582 0.01413760603204524 0.028145695364238412
1 0.65315739868049 0.17798013245033112 0.016965127238454288 0.0380794701986755
1 0.6630537229029217 0.21026490066225165 0.019792648444863337 0.04304635761589404
1 0.679076343072573 0.2458609271523179 0.017907634307257305 0.041390728476821195
1 0.6918001885014138 0.1870860927152318 0.016965127238454288 0.03642384105960265
1 0.6847313854853911 0.16804635761589404 0.017907634307257305 0.0347682119205298
1 0.7144203581526861 0.14735099337748345 0.011310084825636193 0.026490066225165563
1 0.7469368520263902 0.10927152317880795 0.012252591894439209 0.029801324503311258
1 0.7422243166823751 0.13990066225165562 0.016022620169651274 0.0380794701986755
1 0.7676720075400565 0.13327814569536423 0.012252591894439209 0.0347682119205298
1 0.7789820923656927 0.12831125827814568 0.012252591894439209 0.024834437086092714
1 0.7610744580584354 0.1672185430463576 0.016022620169651274 0.039735099337748346
1 0.7455230914231856 0.18460264900662252 0.016965127238454288 0.041390728476821195
1 0.7012252591894439 0.2251655629139073 0.016965127238454288 0.04304635761589404
1 0.7554194156456173 0.2632450331125828 0.0235626767200754 0.052980132450331126
1 0.7134778510838831 0.2889072847682119 0.02827521206409048 0.054635761589403975
1 0.676248821866164 0.35016556291390727 0.03110273327049953 0.07119205298013245
1 0.7860508953817154 0.2913907284768212 0.022620169651272386 0.056291390728476824
1 0.8011310084825636 0.14735099337748345 0.013195098963242224 0.029801324503311258
1 0.8162111215834118 0.13410596026490065 0.011310084825636193 0.026490066225165563
1 0.79688972667295 0.1912251655629139 0.016022620169651274 0.0380794701986755
1 0.823751178133836 0.16390728476821192 0.013195098963242224 0.029801324503311258
1 0.8576814326107446 0.1564569536423841 0.015080113100848256 0.03145695364238411
1 0.8440150801131008 0.15314569536423842 0.01413760603204524 0.028145695364238412
1 0.8539114043355325 0.18294701986754966 0.013195098963242224 0.028145695364238412
1 0.8633364750235627 0.14155629139072848 0.011310084825636193 0.024834437086092714
1 0.8737040527803959 0.15397350993377484 0.013195098963242224 0.033112582781456956
1 0.885014137606032 0.1978476821192053 0.015080113100848256 0.0380794701986755
1 0.9010367577756833 0.13410596026490065 0.011310084825636193 0.033112582781456956
1 0.9330819981149858 0.15314569536423842 0.011310084825636193 0.024834437086092714
1 0.9326107445805843 0.16473509933774835 0.010367577756833175 0.03145695364238411
1 0.9344957587181904 0.19039735099337748 0.012252591894439209 0.03642384105960265
1 0.8958529688972667 0.17798013245033112 0.012252591894439209 0.0347682119205298
1 0.9019792648444863 0.16473509933774835 0.013195098963242224 0.028145695364238412
1 0.9326107445805843 0.27980132450331124 0.017907634307257305 0.056291390728476824
1 0.8727615457115928 0.23344370860927152 0.016965127238454288 0.04966887417218543
