1 0.1670934699103713 0.26785714285714285 0.03201024327784891 0.049107142857142856
1 0.2612035851472471 0.203125 0.023047375160051217 0.03571428571428571
1 0.29897567221510885 0.19308035714285712 0.01408450704225352 0.02901785714285714
1 0.31177976952624836 0.1875 0.016645326504481434 0.040178571428571425
1 0.46862996158770803 0.17745535714285712 0.023047375160051217 0.033482142857142856
1 0.5768245838668373 0.140625 0.02176696542893726 0.040178571428571425
1 0.5614596670934698 0.26785714285714285 0.02176696542893726 0.05357142857142857
1 0.6133162612035852 0.2421875 0.02560819462227913 0.055803571428571425
1 0.6594110115236875 0.18080357142857142 0.015364916773367477 0.040178571428571425
1 0.6792573623559539 0.21316964285714285 0.016645326504481434 0.04241071428571428
1 0.6991037131882202 0.18973214285714285 0.017925736235595388 0.03125
1 0.706786171574904 0.25 0.020486555697823303 0.04464285714285714
1 0.7413572343149808 0.28013392857142855 0.020486555697823303 0.04241071428571428
1 0.7503201024327785 0.2388392857142857 0.020486555697823303 0.04464285714285714
