1 0.16666666666666669 0.48 0.12000000000000001 0.195
1 0.47000000000000003 0.485 0.02 0.04
1 0.5175000000000001 0.4875 0.021666666666666667 0.05
1 0.5341666666666667 0.45875 0.018333333333333333 0.0325
1 0.5558333333333334 0.49625 0.025 0.0475
1 0.5575 0.45625 0.021666666666666667 0.0375
1 0.5966666666666667 0.44 0.02 0.03
1 0.62 0.45125 0.02 0.0425
1 0.6033333333333334 0.49125 0.023333333333333334 0.0425
1 0.6483333333333334 0.4875 0.030000000000000002 0.055
1 0.6366666666666667 0.4275 0.02 0.035
1 0.6675000000000001 0.46 0.025 0.04
1 0.675 0.42375 0.02 0.0375
1 0.7258333333333333 0.43875000000000003 0.025 0.0425
1 0.7158333333333334 0.4975 0.03166666666666667 0.06
1 0.7783333333333334 0.49875 0.03333333333333333 0.0575
1 0.8125 0.445 0.03166666666666667 0.055
1 0.7983333333333333 0.40625 0.02 0.0375
1 0.8641666666666667 0.405 0.025 0.05
1 0.9258333333333334 0.4425 0.04166666666666667 0.07
1 0.8716666666666667 0.50875 0.04666666666666667 0.0675
