1 0.027573529411764705 0.5902777777777778 0.05024509803921569 0.0857843137254902
1 0.06403186274509803 0.5629084967320261 0.052083333333333336 0.07679738562091504
1 0.18075980392156862 0.6017156862745098 0.08455882352941177 0.10212418300653595
1 0.21875 0.5379901960784313 0.05759803921568627 0.0727124183006536
1 0.16115196078431374 0.5412581699346405 0.061274509803921566 0.06944444444444445
1 0.29840686274509803 0.5473856209150327 0.051470588235294115 0.06535947712418301
1 0.3360906862745098 0.5829248366013072 0.05698529411764706 0.08251633986928104
1 0.39675245098039214 0.5845588235294118 0.09987745098039215 0.14624183006535948
1 0.4307598039215686 0.5490196078431373 0.04534313725490196 0.06862745098039216
1 0.5137867647058824 0.5686274509803921 0.05330882352941176 0.07026143790849673
1 0.5621936274509803 0.4681372549019608 0.044730392156862746 0.058823529411764705
1 0.6188725490196079 0.6625816993464052 0.15441176470588236 0.15849673202614378
1 0.6914828431372549 0.5714869281045751 0.061887254901960786 0.06781045751633988
1 0.7144607843137255 0.5514705882352942 0.058823529411764705 0.08169934640522876
1 0.8314950980392157 0.5322712418300654 0.05759803921568627 0.07598039215686275
1 0.8887867647058824 0.5371732026143791 0.0508578431372549 0.0727124183006536
1 0.9414828431372549 0.5694444444444444 0.08149509803921569 0.10947712418300654
1 0.8973651960784313 0.48651960784313725 0.0545343137254902 0.0661764705882353
1 0.9764093137254902 0.48366013071895425 0.03615196078431372 0.05392156862745098
