1 0.32675649663137635 0.1815068493150685 0.018286814244465835 0.03767123287671233
1 0.42204042348411935 0.2251712328767123 0.022136669874879694 0.04280821917808219
1 0.5346487006737247 0.13441780821917806 0.010587102983638115 0.02910958904109589
1 0.5476419634263715 0.14212328767123286 0.01154956689124158 0.03424657534246575
1 0.48123195380173245 0.3133561643835616 0.026948989412897018 0.05136986301369863
1 0.5322425409047161 0.3279109589041096 0.02502406159769009 0.04965753424657534
1 0.599133782483157 0.2714041095890411 0.029836381135707413 0.04965753424657534
1 0.6717998075072185 0.3407534246575342 0.04042348411934553 0.07191780821917808
1 0.7560153994225217 0.32363013698630133 0.029836381135707413 0.05821917808219178
1 0.921077959576516 0.1566780821917808 0.015399422521655439 0.032534246575342464
