1 0.0840080971659919 0.2824956672443674 0.02631578947368421 0.05199306759098787
1 0.28643724696356276 0.231369150779896 0.020242914979757085 0.03292894280762565
1 0.3016194331983806 0.24263431542461003 0.022267206477732795 0.031195840554592718
1 0.34210526315789475 0.18804159445407279 0.016194331983805668 0.03292894280762565
1 0.3623481781376518 0.19324090121317156 0.018218623481781375 0.03292894280762565
1 0.3674089068825911 0.2261698440207972 0.022267206477732795 0.03986135181975736
1 0.3876518218623482 0.23570190641247832 0.020242914979757085 0.04159445407279029
1 0.3866396761133603 0.20017331022530327 0.018218623481781375 0.03292894280762565
1 0.40384615384615385 0.20537261698440207 0.020242914979757085 0.03292894280762565
1 0.3942307692307692 0.17417677642980936 0.01720647773279352 0.02946273830155979
1 0.4159919028340081 0.17244367417677642 0.01417004048582996 0.02946273830155979
1 0.4331983805668016 0.20017331022530327 0.018218623481781375 0.036395147313691506
1 0.4195344129554656 0.23916811091854417 0.02327935222672065 0.038128249566724434
1 0.45799595141700405 0.24436741767764297 0.02327935222672065 0.04506065857885615
1 0.4716599190283401 0.21057192374350087 0.020242914979757085 0.03986135181975736
1 0.4600202429149798 0.20017331022530327 0.01720647773279352 0.03292894280762565
1 0.43775303643724695 0.1629116117850953 0.015182186234817815 0.024263431542461005
1 0.45546558704453444 0.16204506065857885 0.016194331983805668 0.03292894280762565
1 0.5005060728744939 0.14904679376083188 0.015182186234817815 0.02772963604852686
1 0.5116396761133604 0.1533795493934142 0.01720647773279352 0.03292894280762565
1 0.5161943319838057 0.18457538994800693 0.016194331983805668 0.03292894280762565
1 0.5161943319838057 0.1334488734835355 0.012145748987854251 0.024263431542461005
1 0.5268218623481782 0.14991334488734834 0.015182186234817815 0.02946273830155979
1 0.5394736842105263 0.1802426343154246 0.018218623481781375 0.02772963604852686
1 0.5541497975708503 0.1603119584055459 0.019230769230769232 0.02946273830155979
1 0.5374493927125507 0.1386481802426343 0.01417004048582996 0.020797227036395145
1 0.5683198380566802 0.13951473136915077 0.015182186234817815 0.025996533795493933
1 0.5662955465587045 0.12391681109185441 0.011133603238866398 0.015597920277296359
1 0.5845141700404858 0.16204506065857885 0.015182186234817815 0.02946273830155979
1 0.5743927125506073 0.18630849220103984 0.02125506072874494 0.03986135181975736
1 0.5926113360323887 0.14211438474870017 0.013157894736842105 0.02772963604852686
1 0.6244939271255061 0.16637781629116116 0.016194331983805668 0.031195840554592718
1 0.6082995951417004 0.1412478336221837 0.01417004048582996 0.025996533795493933
1 0.6300607287449392 0.1291161178509532 0.015182186234817815 0.02946273830155979
1 0.6427125506072875 0.1386481802426343 0.016194331983805668 0.031195840554592718
1 0.659919028340081 0.12131715771230502 0.01417004048582996 0.02772963604852686
1 0.6766194331983806 0.11265164644714037 0.013157894736842105 0.020797227036395145
1 0.6821862348178138 0.1265164644714038 0.01417004048582996 0.031195840554592718
1 0.6624493927125507 0.15944540727902945 0.013157894736842105 0.031195840554592718
1 0.701417004048583 0.1360485268630849 0.01417004048582996 0.03292894280762565
1 0.7064777327935223 0.11611785095320623 0.012145748987854251 0.024263431542461005
1 0.7282388663967612 0.11871750433275563 0.013157894736842105 0.02946273830155979
1 0.6108299595141701 0.2261698440207972 0.025303643724696356 0.04332755632582322
1 0.6422064777327935 0.21057192374350087 0.025303643724696356 0.04332755632582322
1 0.6568825910931174 0.25389948006932406 0.024291497975708502 0.05025996533795494
1 0.6857287449392713 0.182842287694974 0.019230769230769232 0.03986135181975736
1 0.7034412955465588 0.22357019064124783 0.022267206477732795 0.038128249566724434
1 0.7115384615384616 0.25736568457538994 0.024291497975708502 0.04679376083188908
1 0.7171052631578947 0.3275563258232235 0.0354251012145749 0.07625649913344887
1 0.770748987854251 0.38128249566724437 0.04149797570850203 0.0658578856152513
1 0.7358299595141701 0.1854419410745234 0.020242914979757085 0.04159445407279029
1 0.7211538461538461 0.1802426343154246 0.01720647773279352 0.031195840554592718
1 0.757085020242915 0.17331022530329288 0.018218623481781375 0.038128249566724434
1 0.7545546558704453 0.14644714038128248 0.01720647773279352 0.03292894280762565
1 0.7834008097165992 0.13778162911611785 0.01417004048582996 0.03292894280762565
1 0.8031376518218624 0.13778162911611785 0.011133603238866398 0.025996533795493933
1 0.8107287449392713 0.14644714038128248 0.012145748987854251 0.025996533795493933
1 0.8193319838056681 0.17157712305025996 0.015182186234817815 0.031195840554592718
1 0.8208502024291499 0.21230502599653378 0.020242914979757085 0.03986135181975736
1 0.7889676113360324 0.24956672443674174 0.025303643724696356 0.04852686308492201
1 0.756578947368421 0.24090121317157712 0.02327935222672065 0.04506065857885615
1 0.7788461538461539 0.1993067590987868 0.019230769230769232 0.038128249566724434
1 0.8183198380566802 0.2946273830155979 0.027327935222672066 0.05199306759098787
1 0.8446356275303644 0.2564991334488735 0.02125506072874494 0.05892547660311958
1 0.8451417004048583 0.20883882149046792 0.018218623481781375 0.03986135181975736
1 0.8552631578947368 0.17764298093587522 0.016194331983805668 0.03292894280762565
1 0.8299595141700405 0.13951473136915077 0.012145748987854251 0.025996533795493933
1 0.8481781376518218 0.14471403812824957 0.012145748987854251 0.02946273830155979
1 0.8643724696356275 0.16204506065857885 0.012145748987854251 0.02946273830155979
1 0.8810728744939271 0.15771230502599654 0.013157894736842105 0.03466204506065858
1 0.9003036437246964 0.16724436741767765 0.01720647773279352 0.03292894280762565
1 0.8932186234817814 0.19324090121317156 0.015182186234817815 0.036395147313691506
1 0.8785425101214575 0.22530329289428075 0.018218623481781375 0.03466204506065858
1 0.8658906882591093 0.2192374350086655 0.01720647773279352 0.04332755632582322
1 0.9418016194331984 0.31975736568457536 0.027327935222672066 0.06065857885615251
1 0.9149797570850202 0.23483535528596186 0.020242914979757085 0.04332755632582322
1 0.9185222672064778 0.20883882149046792 0.019230769230769232 0.036395147313691506
1 0.9291497975708503 0.19324090121317156 0.018218623481781375 0.03292894280762565
1 0.9321862348178138 0.17244367417677642 0.016194331983805668 0.025996533795493933
1 0.938259109311741 0.15424610051993068 0.012145748987854251 0.02772963604852686
1 0.9478744939271255 0.2582322357019064 0.01720647773279352 0.04506065857885615
1 0.9691295546558705 0.23743500866551126 0.015182186234817815 0.038128249566724434
1 0.9615384615384616 0.20883882149046792 0.01417004048582996 0.03292894280762565
1 0.9817813765182186 0.19844020797227035 0.012145748987854251 0.03292894280762565
