1 0.03302752293577982 0.31881533101045295 0.025688073394495414 0.06620209059233449
1 0.07155963302752294 0.34494773519163763 0.03302752293577982 0.05574912891986063
1 0.06513761467889909 0.4268292682926829 0.031192660550458717 0.07317073170731707
1 0.11100917431192661 0.32752613240418116 0.027522935779816515 0.0627177700348432
1 0.14036697247706423 0.313588850174216 0.027522935779816515 0.05574912891986063
1 0.13944954128440368 0.4146341463414634 0.029357798165137616 0.0627177700348432
1 0.17706422018348625 0.32926829268292684 0.027522935779816515 0.06620209059233449
1 0.21100917431192662 0.31010452961672474 0.01834862385321101 0.05574912891986063
1 0.21651376146788992 0.4024390243902439 0.03302752293577982 0.08013937282229965
1 0.2834862385321101 0.4250871080139373 0.031192660550458717 0.07665505226480836
1 0.26972477064220185 0.32229965156794427 0.029357798165137616 0.059233449477351915
1 0.33669724770642206 0.3310104529616725 0.023853211009174313 0.05574912891986063
1 0.3642201834862385 0.32578397212543553 0.023853211009174313 0.059233449477351915
1 0.3981651376146789 0.343205574912892 0.025688073394495414 0.059233449477351915
1 0.3944954128440367 0.4163763066202091 0.03302752293577982 0.07317073170731707
1 0.44036697247706424 0.3170731707317073 0.029357798165137616 0.0627177700348432
1 0.48256880733944957 0.3397212543554007 0.029357798165137616 0.059233449477351915
1 0.5082568807339449 0.3170731707317073 0.025688073394495414 0.0627177700348432
1 0.5073394495412844 0.43205574912891986 0.031192660550458717 0.0627177700348432
1 0.5596330275229358 0.4094076655052265 0.03302752293577982 0.07317073170731707
1 0.5495412844036698 0.32752613240418116 0.027522935779816515 0.0627177700348432
1 0.5871559633027523 0.32578397212543553 0.022018348623853212 0.059233449477351915
1 0.6128440366972477 0.32752613240418116 0.022018348623853212 0.05574912891986063
1 0.6119266055045872 0.4268292682926829 0.027522935779816515 0.05226480836236934
1 0.6623853211009174 0.4250871080139373 0.03302752293577982 0.0627177700348432
1 0.6587155963302753 0.3362369337979094 0.029357798165137616 0.06620209059233449
1 0.689908256880734 0.3153310104529617 0.022018348623853212 0.05226480836236934
1 0.7036697247706423 0.41114982578397213 0.031192660550458717 0.0627177700348432
1 0.7385321100917431 0.3344947735191638 0.023853211009174313 0.0627177700348432
1 0.7623853211009175 0.3240418118466899 0.023853211009174313 0.05574912891986063
1 0.7513761467889909 0.40069686411149824 0.031192660550458717 0.0627177700348432
1 0.7862385321100918 0.4146341463414634 0.031192660550458717 0.0627177700348432
1 0.7954128440366973 0.32752613240418116 0.023853211009174313 0.0627177700348432
1 0.8302752293577982 0.313588850174216 0.03486238532110092 0.0627177700348432
1 0.8394495412844037 0.4094076655052265 0.031192660550458717 0.06620209059233449
1 0.9018348623853212 0.35365853658536583 0.027522935779816515 0.07317073170731707
1 0.9256880733944954 0.41114982578397213 0.03486238532110092 0.06968641114982578
