1 0.185 0.363 0.03888888888888889 0.08600000000000001
1 0.2388888888888889 0.389 0.044444444444444446 0.09
1 0.21888888888888888 0.34 0.022222222222222223 0.056
1 0.16555555555555557 0.34800000000000003 0.022222222222222223 0.052000000000000005
1 0.1511111111111111 0.34400000000000003 0.022222222222222223 0.048
1 0.2683333333333333 0.358 0.03222222222222222 0.064
1 0.29055555555555557 0.361 0.03 0.066
1 0.34055555555555556 0.341 0.023333333333333334 0.046
1 0.37 0.448 0.05555555555555555 0.12
1 0.3838888888888889 0.39 0.034444444444444444 0.068
1 0.3761111111111111 0.34900000000000003 0.01888888888888889 0.042
1 0.4305555555555556 0.34400000000000003 0.025555555555555557 0.052000000000000005
1 0.45 0.354 0.028888888888888888 0.064
1 0.4988888888888889 0.43 0.04888888888888889 0.112
1 0.5244444444444445 0.34800000000000003 0.026666666666666665 0.064
1 0.5572222222222222 0.377 0.03222222222222222 0.074
1 0.5616666666666666 0.35100000000000003 0.025555555555555557 0.042
1 0.6283333333333333 0.397 0.03888888888888889 0.066
1 0.6622222222222223 0.371 0.024444444444444446 0.046
1 0.6866666666666666 0.36 0.02 0.052000000000000005
1 0.7355555555555555 0.402 0.04 0.088
1 0.7561111111111111 0.369 0.025555555555555557 0.058
1 0.7972222222222223 0.428 0.034444444444444444 0.076
1 0.7972222222222223 0.38 0.027777777777777776 0.06
