1 0.029742324561403508 0.4638157894736842 0.02933114035087719 0.049342105263157895
1 0.05304276315789473 0.47121710526315785 0.030975877192982455 0.041118421052631575
1 0.09169407894736842 0.4973273026315789 0.0424890350877193 0.05633223684210526
1 0.11951754385964912 0.5082236842105263 0.04989035087719298 0.07401315789473684
1 0.1517269736842105 0.4434621710526316 0.030975877192982455 0.0390625
1 0.17393092105263158 0.4627878289473684 0.028782894736842105 0.04317434210526316
1 0.18530701754385964 0.5524259868421052 0.04989035087719298 0.07195723684210525
1 0.29262609649122806 0.4895148026315789 0.0424890350877193 0.05550986842105263
1 0.3445723684210526 0.5034950657894737 0.043859649122807015 0.05879934210526316
1 0.4162554824561403 0.526110197368421 0.05016447368421052 0.06702302631578946
1 0.5738760964912281 0.5610608552631579 0.04194078947368421 0.05879934210526316
1 0.5320723684210527 0.4453125 0.02412280701754386 0.03700657894736842
1 0.5951206140350876 0.4638157894736842 0.02412280701754386 0.04523026315789473
1 0.7072368421052632 0.4202302631578947 0.027412280701754384 0.044407894736842105
1 0.9544956140350876 0.5923108552631579 0.08223684210526315 0.13363486842105263
