1 0.1756120527306968 0.47587354409317806 0.038606403013182675 0.08319467554076539
1 0.2523540489642184 0.2545757071547421 0.01694915254237288 0.036605657237936774
1 0.2688323917137476 0.26206322795341097 0.019774011299435026 0.04159733777038269
1 0.2937853107344633 0.2637271214642263 0.018832391713747645 0.03826955074875208
1 0.3060263653483992 0.2853577371048253 0.020715630885122408 0.03494176372712147
1 0.32062146892655363 0.22462562396006655 0.019774011299435026 0.029950083194675542
1 0.3479284369114877 0.20549084858569053 0.0160075329566855 0.03494176372712147
1 0.3540489642184557 0.22795341098169716 0.018832391713747645 0.033277870216306155
1 0.3568738229755179 0.26039933444259566 0.02448210922787194 0.03494176372712147
1 0.3851224105461393 0.259567387687188 0.020715630885122408 0.036605657237936774
1 0.3870056497175141 0.18635607321131448 0.015065913370998116 0.033277870216306155
1 0.3921845574387947 0.21630615640599002 0.019774011299435026 0.036605657237936774
1 0.4034839924670433 0.2004991680532446 0.019774011299435026 0.03161397670549085
1 0.42137476459510353 0.24625623960066556 0.021657250470809793 0.04658901830282862
1 0.4354990583804143 0.1988352745424293 0.019774011299435026 0.03826955074875208
1 0.4463276836158192 0.17637271214642264 0.01694915254237288 0.029950083194675542
1 0.4529190207156309 0.15141430948419302 0.015065913370998116 0.026622296173044926
1 0.4580979284369115 0.21797004991680533 0.017890772128060263 0.03993344425956739
1 0.4783427495291902 0.22795341098169716 0.018832391713747645 0.03993344425956739
1 0.4934086629001883 0.20133111480865226 0.018832391713747645 0.036605657237936774
1 0.4811676082862523 0.1896838602329451 0.013182674199623351 0.029950083194675542
1 0.4887005649717514 0.1638935108153078 0.01694915254237288 0.028286189683860232
1 0.4985875706214689 0.129783693843594 0.014124293785310734 0.026622296173044926
1 0.5188323917137476 0.16722129783693843 0.018832391713747645 0.03161397670549085
1 0.5348399246704332 0.16722129783693843 0.015065913370998116 0.03826955074875208
1 0.5230696798493408 0.20465890183028287 0.019774011299435026 0.03993344425956739
1 0.506120527306968 0.15557404326123128 0.0160075329566855 0.02495840266222962
1 0.5560263653483992 0.14559068219633944 0.010357815442561204 0.02495840266222962
1 0.551789077212806 0.129783693843594 0.011299435028248588 0.02329450915141431
1 0.5753295668549906 0.17138103161397672 0.01694915254237288 0.033277870216306155
1 0.5833333333333333 0.1314475873544093 0.01224105461393597 0.026622296173044926
1 0.5955743879472692 0.14143094841930118 0.0160075329566855 0.033277870216306155
1 0.6101694915254237 0.12479201331114809 0.015065913370998116 0.033277870216306155
1 0.6181732580037664 0.14309484193011648 0.01224105461393597 0.029950083194675542
1 0.6318267419962335 0.12146422628951747 0.013182674199623351 0.026622296173044926
1 0.6445386064030132 0.12229617304492513 0.0160075329566855 0.03161397670549085
1 0.6657250470809792 0.12146422628951747 0.011299435028248588 0.029950083194675542
1 0.5560263653483992 0.25374376039933444 0.02542372881355932 0.048252911813643926
1 0.5193032015065913 0.29367720465890185 0.02542372881355932 0.05490848585690516
1 0.5409604519774011 0.31281198003327787 0.03295668549905838 0.0632279534109817
1 0.6059322033898304 0.3302828618968386 0.03295668549905838 0.05823627287853578
1 0.6191148775894538 0.24875207986688852 0.027306967984934087 0.051580698835274545
1 0.6106403013182674 0.2221297836938436 0.021657250470809793 0.04492512479201331
1 0.6704331450094162 0.2146422628951747 0.020715630885122408 0.04658901830282862
1 0.6563088512241054 0.26206322795341097 0.02448210922787194 0.06156405990016639
1 0.6586629001883239 0.1896838602329451 0.017890772128060263 0.036605657237936774
1 0.6906779661016949 0.17470881863560733 0.0160075329566855 0.03993344425956739
1 0.6944444444444444 0.14725457570715475 0.0160075329566855 0.03161397670549085
1 0.7090395480225988 0.15141430948419302 0.013182674199623351 0.033277870216306155
1 0.7288135593220338 0.1622296173044925 0.015065913370998116 0.04159733777038269
1 0.737758945386064 0.14559068219633944 0.0160075329566855 0.03494176372712147
1 0.75 0.13394342762063227 0.0160075329566855 0.03494176372712147
1 0.765065913370998 0.13061564059900166 0.014124293785310734 0.03494176372712147
1 0.7674199623352166 0.16139767054908485 0.018832391713747645 0.033277870216306155
1 0.7156308851224105 0.20549084858569053 0.022598870056497175 0.051580698835274545
1 0.7565913370998116 0.23211314475873546 0.027306967984934087 0.06156405990016639
1 0.7170433145009416 0.2853577371048253 0.027306967984934087 0.051580698835274545
1 0.771186440677966 0.29201331114808654 0.02824858757062147 0.05823627287853578
1 0.7744821092278719 0.20216306156405991 0.021657250470809793 0.048252911813643926
1 0.7937853107344632 0.13893510815307822 0.01694915254237288 0.03826955074875208
1 0.8069679849340866 0.17054908485856907 0.01694915254237288 0.048252911813643926
1 0.8479284369114877 0.13643926788685523 0.019774011299435026 0.036605657237936774
1 0.8206214689265536 0.22795341098169716 0.023540489642184557 0.04658901830282862
1 0.8573446327683616 0.2512479201331115 0.027306967984934087 0.04326123128119801
1 0.8375706214689265 0.324459234608985 0.027306967984934087 0.0632279534109817
1 0.916195856873823 0.2420965058236273 0.02448210922787194 0.05490848585690516
1 0.9364406779661016 0.2628951747088186 0.02542372881355932 0.0632279534109817
1 0.8950094161958568 0.20465890183028287 0.019774011299435026 0.04326123128119801
1 0.879472693032015 0.1913477537437604 0.01694915254237288 0.036605657237936774
1 0.8742937853107344 0.1622296173044925 0.014124293785310734 0.03494176372712147
1 0.8926553672316384 0.15806988352745424 0.013182674199623351 0.036605657237936774
1 0.8469868173258004 0.19384359400998336 0.017890772128060263 0.03494176372712147
