1 0.0625 0.2523452157598499 0.075 0.13320825515947468
1 0.121875 0.2045028142589118 0.06625 0.10506566604127579
1 0.2025 0.2851782363977486 0.0575 0.0975609756097561
1 0.24 0.5168855534709194 0.0775 0.13696060037523453
1 0.274375 0.24577861163227016 0.06625 0.11632270168855535
1 0.225625 0.1651031894934334 0.051250000000000004 0.09380863039399624
1 0.3275 0.175422138836773 0.0525 0.08442776735459662
1 0.359375 0.2870544090056285 0.058750000000000004 0.10131332082551595
1 0.40125 0.225140712945591 0.055 0.10131332082551595
1 0.446875 0.1529080675422139 0.043750000000000004 0.10694183864915573
1 0.49375 0.1894934333958724 0.0475 0.08630393996247655
1 0.5387500000000001 0.2326454033771107 0.065 0.10131332082551595
1 0.589375 0.20637898686679174 0.03625 0.09380863039399624
1 0.640625 0.2354596622889306 0.05375 0.09943714821763602
1 0.676875 0.17166979362101314 0.043750000000000004 0.08442776735459662
1 0.696875 0.2607879924953096 0.06875 0.1200750469043152
1 0.7525000000000001 0.19699812382739212 0.0475 0.09380863039399624
1 0.785625 0.24671669793621012 0.058750000000000004 0.10318949343339587
1 0.816875 0.16416510318949343 0.05375 0.09568480300187618
1 0.848125 0.23076923076923078 0.05375 0.10881801125703565
1 0.93125 0.24577861163227016 0.055 0.10506566604127579
1 0.61375 0.5028142589118199 0.0725 0.1425891181988743
1 0.45 0.4971857410881801 0.0625 0.1275797373358349
