1 0.05797101449275362 0.30117753623188404 0.05072463768115942 0.04076086956521739
1 0.1111111111111111 0.3197463768115942 0.041062801932367145 0.041666666666666664
1 0.14915458937198067 0.33469202898550726 0.056763285024154585 0.04076086956521739
1 0.214975845410628 0.3451086956521739 0.06038647342995169 0.05615942028985507
1 0.3043478260869565 0.3704710144927536 0.07246376811594203 0.06521739130434782
1 0.35929951690821255 0.4026268115942029 0.06642512077294686 0.06068840579710145
1 0.45893719806763283 0.4148550724637681 0.08212560386473429 0.07065217391304347
1 0.5241545893719807 0.4483695652173913 0.08695652173913043 0.07065217391304347
1 0.6304347826086957 0.47056159420289856 0.11352657004830917 0.09510869565217392
1 0.8242753623188406 0.5878623188405797 0.1292270531400966 0.10507246376811594
