1 0.02046783625730994 0.4194244604316547 0.022556390977443608 0.04748201438848921
1 0.24269005847953215 0.3402877697841727 0.014202172096908938 0.033093525179856115
1 0.2731829573934837 0.3467625899280576 0.018379281537176273 0.040287769784172665
1 0.2982456140350877 0.30431654676258996 0.015037593984962405 0.030215827338129497
1 0.30033416875522134 0.36546762589928056 0.020885547201336674 0.040287769784172665
1 0.35254803675856305 0.3661870503597122 0.020050125313283207 0.041726618705035974
1 0.37009189640768586 0.2906474820143885 0.015037593984962405 0.02877697841726619
1 0.38596491228070173 0.32446043165467625 0.015037593984962405 0.030215827338129497
1 0.391812865497076 0.3489208633093525 0.015037593984962405 0.030215827338129497
1 0.4022556390977443 0.2589928057553957 0.014202172096908938 0.025899280575539568
1 0.4156223893065998 0.2762589928057554 0.014202172096908938 0.025899280575539568
1 0.4227234753550543 0.2956834532374101 0.015037593984962405 0.030215827338129497
1 0.42606516290726815 0.3402877697841727 0.020050125313283207 0.03597122302158273
1 0.4448621553884712 0.28345323741007195 0.012531328320802004 0.02302158273381295
1 0.4398496240601504 0.2633093525179856 0.01086048454469507 0.017266187050359712
1 0.45864661654135336 0.3057553956834532 0.020050125313283207 0.030215827338129497
1 0.4603174603174603 0.34100719424460435 0.02172096908939014 0.034532374100719423
1 0.47368421052631576 0.24244604316546764 0.013366750208855471 0.02446043165467626
1 0.48454469507101083 0.23597122302158274 0.011695906432748537 0.017266187050359712
1 0.49624060150375937 0.30071942446043165 0.015037593984962405 0.025899280575539568
1 0.5146198830409356 0.2654676258992806 0.013366750208855471 0.02733812949640288
1 0.5355054302422724 0.24820143884892087 0.013366750208855471 0.01870503597122302
1 0.5309106098579782 0.28057553956834536 0.014202172096908938 0.02302158273381295
1 0.5726817042606516 0.2863309352517986 0.017543859649122806 0.02877697841726619
1 0.5492898913951545 0.2669064748201439 0.014202172096908938 0.02158273381294964
1 0.5810359231411862 0.25755395683453236 0.015873015873015872 0.025899280575539568
1 0.5898078529657477 0.23884892086330936 0.013366750208855471 0.02302158273381295
1 0.5868838763575606 0.2223021582733813 0.012531328320802004 0.01870503597122302
1 0.568922305764411 0.2251798561151079 0.011695906432748537 0.02158273381294964
1 0.6219715956558062 0.220863309352518 0.012531328320802004 0.02446043165467626
1 0.6299081035923141 0.20287769784172663 0.011695906432748537 0.020143884892086333
1 0.6449456975772765 0.21726618705035972 0.013366750208855471 0.020143884892086333
1 0.6750208855472013 0.21942446043165467 0.011695906432748537 0.02158273381294964
1 0.6892230576441103 0.22589928057553957 0.011695906432748537 0.02877697841726619
1 0.7030075187969924 0.22661870503597123 0.012531328320802004 0.02446043165467626
1 0.6925647451963242 0.2654676258992806 0.01670843776106934 0.03597122302158273
1 0.6624895572263994 0.24532374100719426 0.015037593984962405 0.02733812949640288
1 0.6240601503759398 0.25323741007194245 0.013366750208855471 0.025899280575539568
1 0.6186299081035923 0.3287769784172662 0.025898078529657476 0.03884892086330936
1 0.518796992481203 0.39136690647482014 0.02506265664160401 0.04892086330935252
1 0.5572263993316624 0.4007194244604317 0.023391812865497075 0.04748201438848921
1 0.5534670008354219 0.37194244604316545 0.022556390977443608 0.041726618705035974
1 0.5355054302422724 0.3223021582733813 0.01670843776106934 0.02877697841726619
1 0.6282372598162071 0.4330935251798561 0.02506265664160401 0.04892086330935252
1 0.6232247284878863 0.37985611510791367 0.03007518796992481 0.040287769784172665
1 0.6804511278195489 0.3683453237410072 0.02422723475355054 0.0460431654676259
1 0.6687552213868003 0.3359712230215827 0.020885547201336674 0.030215827338129497
1 0.6532999164578112 0.31079136690647485 0.018379281537176273 0.025899280575539568
1 0.6888053467000835 0.44892086330935255 0.03258145363408521 0.06330935251798561
1 0.7205513784461153 0.48848920863309353 0.03926482873851295 0.07050359712230216
1 0.7510442773600667 0.3942446043165468 0.02172096908939014 0.0460431654676259
1 0.706766917293233 0.34388489208633094 0.018379281537176273 0.03741007194244604
1 0.8082706766917293 0.4035971223021583 0.025898078529657476 0.04748201438848921
1 0.7213868003341687 0.262589928057554 0.012531328320802004 0.02733812949640288
1 0.7368421052631579 0.27697841726618705 0.01670843776106934 0.033093525179856115
1 0.7560568086883876 0.24820143884892087 0.013366750208855471 0.02733812949640288
1 0.7627401837928154 0.22302158273381295 0.013366750208855471 0.025899280575539568
1 0.7660818713450293 0.2712230215827338 0.011695906432748537 0.02733812949640288
1 0.7869674185463659 0.2820143884892086 0.013366750208855471 0.040287769784172665
1 0.794486215538847 0.26115107913669067 0.015037593984962405 0.030215827338129497
1 0.8011695906432748 0.2302158273381295 0.013366750208855471 0.02877697841726619
1 0.8299916457811194 0.24604316546762592 0.012531328320802004 0.02877697841726619
1 0.8370927318295739 0.3035971223021583 0.015037593984962405 0.034532374100719423
1 0.829156223893066 0.34100719424460435 0.015873015873015872 0.031654676258992806
1 0.8295739348370927 0.3762589928057554 0.018379281537176273 0.03597122302158273
1 0.8554720133667502 0.5079136690647482 0.03007518796992481 0.06330935251798561
1 0.8642439431913116 0.4589928057553957 0.02422723475355054 0.04892086330935252
1 0.9273182957393483 0.4633093525179856 0.026733500417710943 0.05755395683453238
1 0.8788638262322472 0.4158273381294964 0.018379281537176273 0.034532374100719423
1 0.940267335004177 0.3964028776978417 0.020885547201336674 0.04460431654676259
1 0.8847117794486214 0.34820143884892085 0.020050125313283207 0.040287769784172665
1 0.8943191311612364 0.31510791366906477 0.015873015873015872 0.031654676258992806
1 0.9490392648287385 0.35683453237410073 0.018379281537176273 0.031654676258992806
1 0.9423558897243107 0.3100719424460432 0.013366750208855471 0.02446043165467626
1 0.9548872180451127 0.30071942446043165 0.010025062656641603 0.025899280575539568
1 0.9578111946532999 0.2820143884892086 0.01086048454469507 0.02302158273381295
1 0.9118629908103592 0.28776978417266186 0.014202172096908938 0.031654676258992806
1 0.8755221386800334 0.28489208633093527 0.013366750208855471 0.031654676258992806
1 0.8813700918964076 0.262589928057554 0.011695906432748537 0.02446043165467626
1 0.8951545530492898 0.24820143884892087 0.012531328320802004 0.02446043165467626
1 0.8621553884711779 0.25755395683453236 0.011695906432748537 0.025899280575539568
