1 0.049 0.21988795518207283 0.074 0.11484593837535013
1 0.109 0.23529411764705882 0.054 0.10084033613445378
1 0.194 0.1988795518207283 0.048 0.07282913165266107
1 0.32 0.2689075630252101 0.076 0.10644257703081232
1 0.389 0.22128851540616246 0.054 0.0784313725490196
1 0.48 0.22268907563025211 0.04 0.058823529411764705
1 0.55 0.2507002801120448 0.036000000000000004 0.0700280112044818
1 0.602 0.24509803921568626 0.048 0.08123249299719888
1 0.663 0.3431372549019608 0.134 0.21568627450980393
1 0.837 0.242296918767507 0.062 0.11484593837535013
