1 0.07158351409978309 0.2634146341463415 0.10845986984815618 0.17886178861788618
1 0.08947939262472886 0.12195121951219512 0.05314533622559653 0.08130081300813008
1 0.04718004338394794 0.091869918699187 0.03796095444685466 0.06991869918699187
1 0.16377440347071584 0.1048780487804878 0.036876355748373106 0.056910569105691054
1 0.22559652928416488 0.08455284552845528 0.049891540130151846 0.08455284552845528
1 0.3275488069414317 0.17398373983739837 0.07592190889370933 0.12682926829268293
1 0.46529284164859 0.0910569105691057 0.049891540130151846 0.08780487804878048
1 0.5656182212581345 0.06016260162601626 0.03796095444685466 0.058536585365853655
1 0.5976138828633406 0.2105691056910569 0.0824295010845987 0.13495934959349593
1 0.6328633405639913 0.11788617886178862 0.04229934924078091 0.06991869918699187
1 0.6724511930585684 0.07967479674796749 0.0455531453362256 0.08130081300813008
1 0.8204989154013016 0.567479674796748 0.22017353579175705 0.37073170731707317
1 0.881236442516269 0.3203252032520325 0.14642082429501085 0.24065040650406505
1 0.8449023861171366 0.06260162601626017 0.04121475054229935 0.06341463414634146
