1 0.04483925549915398 0.5798192771084337 0.07952622673434856 0.33433734939759036
1 0.12436548223350254 0.5542168674698795 0.1065989847715736 0.30120481927710846
1 0.06429780033840947 0.43222891566265065 0.04399323181049069 0.11144578313253013
1 0.19035532994923857 0.4954819277108434 0.06598984771573604 0.177710843373494
1 0.22504230118443316 0.5286144578313253 0.04060913705583756 0.09939759036144578
1 0.2326565143824027 0.4774096385542169 0.049069373942470386 0.10542168674698796
1 0.25380710659898476 0.5225903614457832 0.023688663282571912 0.06927710843373494
1 0.2817258883248731 0.5030120481927711 0.032148900169204735 0.08433734939759037
1 0.42470389170896783 0.6054216867469879 0.08460236886632826 0.13253012048192772
1 0.4890016920473773 0.5978915662650602 0.06429780033840947 0.14156626506024098
1 0.4593908629441624 0.5301204819277109 0.035532994923857864 0.0963855421686747
1 0.3942470389170897 0.5286144578313253 0.050761421319796954 0.09337349397590362
1 0.8307952622673435 0.2816265060240964 0.11844331641285956 0.18373493975903615
