1 0.08839779005524862 0.4151138716356108 0.06077348066298342 0.10973084886128365
1 0.15469613259668508 0.38819875776397517 0.049723756906077346 0.08488612836438925
1 0.27140883977900554 0.4285714285714286 0.11187845303867403 0.2070393374741201
1 0.3701657458563536 0.35196687370600416 0.04143646408839779 0.08281573498964803
1 0.4537292817679558 0.31573498964803315 0.04281767955801105 0.06418219461697723
1 0.47375690607734805 0.3840579710144928 0.058011049723756904 0.11387163561076605
1 0.5276243093922651 0.33436853002070394 0.143646408839779 0.2919254658385093
1 0.7092541436464088 0.35196687370600416 0.09806629834254144 0.1821946169772257
1 0.6222375690607734 0.32608695652173914 0.040055248618784525 0.07660455486542443
1 0.8100828729281767 0.3198757763975156 0.0649171270718232 0.12629399585921325
1 0.960635359116022 0.3115942028985507 0.0787292817679558 0.2836438923395445
