1 0.04818435754189944 0.5090222408728493 0.05446927374301676 0.10574905581200168
1 0.07583798882681564 0.47293327738145197 0.04664804469273743 0.09232060428031892
1 0.15921787709497207 0.5190935795216114 0.055865921787709494 0.10910616869492236
1 0.14175977653631283 0.5998741082668905 0.07681564245810055 0.13218631976500209
1 0.3269553072625698 0.5306336550566513 0.07402234636871508 0.12798992866135123
1 0.29790502793296086 0.6632396139320185 0.09581005586592178 0.17498950902224086
1 0.4762569832402234 0.33801930339907676 0.08938547486033518 0.16240033571128829
1 0.5416201117318435 0.7450692404532102 0.12793296089385472 0.20268569030633654
1 0.666899441340782 0.6076374318086446 0.07681564245810055 0.15023080151070078
1 0.7713687150837988 0.7219890893831304 0.1041899441340782 0.18170373478808224
1 0.9476256983240222 0.614771296684851 0.1047486033519553 0.18715904322282836
