1 0.21671388101983005 0.5126903553299492 0.0481586402266289 0.09475465313028765
1 0.431067044381492 0.2639593908629442 0.021718602455146365 0.04060913705583756
1 0.42162417374881966 0.21996615905245345 0.017941454202077434 0.04060913705583756
1 0.4565627950897073 0.22842639593908629 0.021718602455146365 0.04060913705583756
1 0.487724268177526 0.3130287648054145 0.033050047214353166 0.05752961082910321
1 0.5429650613786592 0.3595600676818951 0.02644003777148253 0.049069373942470386
1 0.7223796033994334 0.1793570219966159 0.02644003777148253 0.050761421319796954
1 0.7195467422096318 0.13451776649746192 0.0169971671388102 0.038917089678511
1 0.7511803588290841 0.14213197969543145 0.017941454202077434 0.02707275803722504
1 0.8824362606232296 0.21573604060913704 0.019830028328611898 0.04568527918781726
