1 0.04150390625 0.6686197916666666 0.0771484375 0.11848958333333333
1 0.16943359375 0.47265625 0.0615234375 0.06770833333333333
1 0.244140625 0.5123697916666666 0.0546875 0.07682291666666666
1 0.298828125 0.6126302083333333 0.064453125 0.08723958333333333
1 0.25927734375 0.7005208333333333 0.0673828125 0.10677083333333333
1 0.34130859375 0.5104166666666666 0.0361328125 0.07291666666666666
1 0.36083984375 0.46875 0.0341796875 0.046875
1 0.4619140625 0.5540364583333333 0.0390625 0.061197916666666664
1 0.41796875 0.6940104166666666 0.060546875 0.07291666666666666
1 0.56103515625 0.42838541666666663 0.0263671875 0.05208333333333333
1 0.52099609375 0.46354166666666663 0.0283203125 0.046875
1 0.59912109375 0.45768229166666663 0.0224609375 0.04296875
1 0.650390625 0.5091145833333333 0.046875 0.08333333333333333
1 0.72607421875 0.51953125 0.0419921875 0.0625
1 0.7705078125 0.5592447916666666 0.056640625 0.08723958333333333
1 0.72314453125 0.4720052083333333 0.0224609375 0.045572916666666664
1 0.7890625 0.6627604166666666 0.078125 0.11458333333333333
1 0.93603515625 0.7994791666666666 0.1044921875 0.14322916666666666
1 0.93408203125 0.544921875 0.0810546875 0.10807291666666666
1 0.8720703125 0.5279947916666666 0.044921875 0.06901041666666666
1 0.8671875 0.4798177083333333 0.03125 0.045572916666666664
