1 0.13935075217735549 0.46971830985915497 0.04117181314330958 0.08309859154929577
1 0.21654790182106096 0.34647887323943666 0.015043547110055422 0.030985915492957747
1 0.28543151227236735 0.3042253521126761 0.015043547110055422 0.033802816901408454
1 0.25613618368962787 0.3591549295774648 0.022961203483768802 0.033802816901408454
1 0.28661916072842436 0.36408450704225354 0.019002375296912115 0.04084507042253521
1 0.3487727632620744 0.2971830985915493 0.015043547110055422 0.033802816901408454
1 0.3844022169437846 0.26197183098591553 0.018210609659540775 0.028169014084507043
1 0.42121931908155186 0.2605633802816902 0.019002375296912115 0.030985915492957747
1 0.4386381631037213 0.2556338028169014 0.02058590657165479 0.029577464788732397
1 0.331353919239905 0.36338028169014086 0.01979414093428345 0.04507042253521127
1 0.3503562945368171 0.3345070422535211 0.0166270783847981 0.03802816901408451
1 0.3820269200316706 0.3323943661971831 0.018210609659540775 0.04225352112676056
1 0.4069675376088678 0.3274647887323944 0.019002375296912115 0.03802816901408451
1 0.42478226444972284 0.28661971830985916 0.0166270783847981 0.035211267605633804
1 0.4303246239113222 0.31056338028169017 0.021377672209026127 0.03802816901408451
1 0.4643705463182898 0.26760563380281693 0.015043547110055422 0.036619718309859155
1 0.4584323040380047 0.3190140845070423 0.019002375296912115 0.035211267605633804
1 0.43745051464766427 0.33943661971830985 0.018210609659540775 0.030985915492957747
1 0.49247822644497224 0.26408450704225356 0.01583531274742676 0.03802816901408451
1 0.5122723673792557 0.24788732394366197 0.014251781472684084 0.033802816901408454
1 0.49643705463182897 0.3176056338028169 0.017418844022169436 0.035211267605633804
1 0.5170229612034838 0.2767605633802817 0.014251781472684084 0.029577464788732397
1 0.5237529691211401 0.2471830985915493 0.015043547110055422 0.035211267605633804
1 0.5455265241488519 0.22816901408450704 0.011084718923198733 0.01971830985915493
1 0.5613618368962787 0.21056338028169017 0.014251781472684084 0.02394366197183099
1 0.5653206650831354 0.2563380281690141 0.012668250197941409 0.030985915492957747
1 0.5882818685669041 0.22816901408450704 0.011084718923198733 0.028169014084507043
1 0.6009501187648456 0.20492957746478874 0.014251781472684084 0.029577464788732397
1 0.5665083135391924 0.2795774647887324 0.0166270783847981 0.02394366197183099
1 0.4572446555819477 0.4140845070422535 0.02929532858273951 0.061971830985915494
1 0.5475059382422802 0.3598591549295775 0.022961203483768802 0.06056338028169014
1 0.620744259699129 0.25 0.017418844022169436 0.035211267605633804
1 0.6369754552652415 0.21690140845070424 0.013460015835312747 0.02535211267605634
1 0.6413301662707838 0.23732394366197185 0.014251781472684084 0.035211267605633804
1 0.5292953285827395 0.4056338028169014 0.024544734758511478 0.04507042253521127
1 0.564528899445764 0.4387323943661972 0.025336500395882817 0.04647887323943662
1 0.5839271575613618 0.3211267605633803 0.01979414093428345 0.03943661971830986
1 0.6199524940617577 0.3042253521126761 0.019002375296912115 0.036619718309859155
1 0.6571654790182105 0.23732394366197185 0.011084718923198733 0.0323943661971831
1 0.6642913697545526 0.23521126760563382 0.012668250197941409 0.030985915492957747
1 0.6607284243863816 0.26408450704225356 0.013460015835312747 0.026760563380281693
1 0.6413301662707838 0.3295774647887324 0.01583531274742676 0.036619718309859155
1 0.6500395882818686 0.3711267605633803 0.025336500395882817 0.06338028169014084
1 0.6726049089469517 0.34647887323943666 0.018210609659540775 0.04507042253521127
1 0.5768012668250198 0.3943661971830986 0.024544734758511478 0.04507042253521127
1 0.6223277909738717 0.4528169014084507 0.0332541567695962 0.06338028169014084
1 0.6900237529691211 0.2605633802816902 0.013460015835312747 0.030985915492957747
1 0.733174980205859 0.23450704225352115 0.011084718923198733 0.0323943661971831
1 0.7236737925574029 0.24366197183098592 0.012668250197941409 0.022535211267605635
1 0.7149643705463182 0.26408450704225356 0.014251781472684084 0.04084507042253521
1 0.7042755344418052 0.2852112676056338 0.015043547110055422 0.029577464788732397
1 0.7620744259699128 0.23661971830985917 0.0166270783847981 0.033802816901408454
1 0.7501979414093428 0.26690140845070426 0.021377672209026127 0.04084507042253521
1 0.7426761678543151 0.29225352112676056 0.017418844022169436 0.035211267605633804
1 0.7228820269200317 0.3971830985915493 0.025336500395882817 0.04507042253521127
1 0.6864608076009501 0.4992957746478873 0.0332541567695962 0.08028169014084507
1 0.7517814726840855 0.42887323943661976 0.027711797307996833 0.05211267605633803
1 0.7818685669041964 0.30563380281690145 0.018210609659540775 0.033802816901408454
1 0.7913697545526523 0.273943661971831 0.011876484560570071 0.0323943661971831
1 0.8167062549485352 0.2683098591549296 0.018210609659540775 0.0323943661971831
1 0.8365003958828187 0.2654929577464789 0.0166270783847981 0.035211267605633804
1 0.84916864608076 0.2556338028169014 0.010292953285827395 0.026760563380281693
1 0.828978622327791 0.31408450704225355 0.014251781472684084 0.033802816901408454
1 0.8056215360253365 0.3387323943661972 0.0166270783847981 0.04084507042253521
1 0.783452098178939 0.3732394366197183 0.022961203483768802 0.04788732394366198
1 0.797703879651623 0.5049295774647887 0.03721298495645289 0.06338028169014084
1 0.8202692003167062 0.43732394366197186 0.026920031670625493 0.04366197183098592
1 0.8341250989707046 0.37816901408450704 0.0166270783847981 0.04929577464788733
1 0.8558986539984165 0.3542253521126761 0.01583531274742676 0.04929577464788733
1 0.8737133808392715 0.32253521126760565 0.018210609659540775 0.036619718309859155
1 0.9026128266033254 0.2690140845070423 0.011084718923198733 0.030985915492957747
1 0.9073634204275534 0.3119718309859155 0.014251781472684084 0.026760563380281693
1 0.898258115597783 0.3507042253521127 0.0166270783847981 0.03943661971830986
1 0.8863816310372129 0.4035211267605634 0.024544734758511478 0.04084507042253521
1 0.8855898653998416 0.4563380281690141 0.02929532858273951 0.056338028169014086
1 0.6120348376880443 0.21478873239436622 0.01583531274742676 0.02394366197183099
1 0.40459224069675376 0.2852112676056338 0.017418844022169436 0.029577464788732397
