1 0.20613614573346115 0.44884488448844884 0.046021093000958774 0.0891089108910891
1 0.24448705656759348 0.37706270627062705 0.03643336529242569 0.09735973597359736
1 0.26941514860977944 0.20874587458745875 0.026845637583892617 0.034653465346534656
1 0.3394055608820709 0.28052805280528054 0.02109300095877277 0.0429042904290429
1 0.35762224352828376 0.264026402640264 0.02109300095877277 0.039603960396039604
1 0.411313518696069 0.19224422442244224 0.01725790987535954 0.034653465346534656
1 0.44007670182166825 0.2202970297029703 0.024928092042186 0.034653465346534656
1 0.44103547459252157 0.2739273927392739 0.024928092042186 0.04950495049504951
1 0.4990412272291467 0.30775577557755773 0.031639501438159155 0.057755775577557754
1 0.46596356663470756 0.15841584158415842 0.015340364333652923 0.036303630363036306
1 0.4832214765100671 0.1551155115511551 0.02109300095877277 0.0429042904290429
1 0.49520613614573344 0.132013201320132 0.02205177372962608 0.0297029702970297
1 0.49712368168744003 0.18894389438943895 0.02205177372962608 0.041254125412541254
1 0.5215723873441994 0.1716171617161716 0.01725790987535954 0.036303630363036306
1 0.5335570469798657 0.20957095709570958 0.020134228187919462 0.0297029702970297
1 0.5421860019175455 0.1377887788778878 0.018216682646212845 0.03135313531353135
1 0.5800575263662512 0.11386138613861387 0.01725790987535954 0.0297029702970297
1 0.5723873441994247 0.14933993399339934 0.01725790987535954 0.03135313531353135
1 0.5944391179290508 0.15759075907590758 0.01725790987535954 0.03135313531353135
1 0.6462128475551294 0.10148514851485149 0.01725790987535954 0.034653465346534656
1 0.677372962607862 0.10313531353135313 0.012464046021093 0.028052805280528052
1 0.7162032598274208 0.09488448844884488 0.019175455417066153 0.03135313531353135
1 0.6361457334611696 0.24174917491749176 0.020134228187919462 0.05115511551155116
1 0.6768935762224353 0.2566006600660066 0.023010546500479387 0.054455445544554455
1 0.7162032598274208 0.1773927392739274 0.02109300095877277 0.041254125412541254
1 0.7291466922339405 0.1485148514851485 0.023969319271332692 0.039603960396039604
1 0.7684563758389261 0.10396039603960396 0.012464046021093 0.033003300330033
1 0.7651006711409396 0.14521452145214522 0.01725790987535954 0.036303630363036306
1 0.8307766059443912 0.12623762376237624 0.016299137104506232 0.024752475247524754
1 0.8211888782358581 0.18976897689768976 0.02205177372962608 0.036303630363036306
1 0.7372962607861936 0.27887788778877887 0.026845637583892617 0.052805280528052806
1 0.7953020134228187 0.30363036303630364 0.02205177372962608 0.04950495049504951
1 0.8696069031639501 0.19141914191419143 0.013422818791946308 0.036303630363036306
1 0.8950143815915628 0.22524752475247525 0.02205177372962608 0.04455445544554455
1 0.7473633748801534 0.16171617161716173 0.018216682646212845 0.036303630363036306
1 0.7070949185043144 0.15676567656765678 0.018216682646212845 0.039603960396039604
1 0.4654841802492809 0.18811881188118812 0.02205177372962608 0.033003300330033
1 0.45589645254074784 0.2260726072607261 0.018216682646212845 0.033003300330033
