1 0.7591666666666668 0.30875 0.035 0.0625
1 0.7741666666666667 0.66 0.10166666666666667 0.18
1 0.8133333333333334 0.525 0.06333333333333334 0.125
1 0.6141666666666667 0.5700000000000001 0.07833333333333334 0.115
1 0.37333333333333335 0.69125 0.10333333333333335 0.1625
1 0.25916666666666666 0.5525 0.07833333333333334 0.14
1 0.15833333333333335 0.53625 0.07333333333333333 0.1125
1 0.14416666666666667 0.46125 0.055 0.0825
1 0.07583333333333334 0.39875 0.03833333333333334 0.0625
1 0.10416666666666667 0.385 0.035 0.06
1 0.16083333333333336 0.34125 0.03166666666666667 0.0475
1 0.25 0.33125 0.03333333333333333 0.0475
1 0.3016666666666667 0.3175 0.03333333333333333 0.04
1 0.35500000000000004 0.32 0.02666666666666667 0.035
1 0.2966666666666667 0.41500000000000004 0.04 0.065
1 0.3491666666666667 0.38375000000000004 0.03166666666666667 0.0525
1 0.3825 0.37125 0.035 0.0475
1 0.3983333333333334 0.3 0.023333333333333334 0.04
1 0.4391666666666667 0.34625 0.025 0.0425
1 0.4766666666666667 0.29625 0.02666666666666667 0.0375
1 0.49333333333333335 0.34500000000000003 0.02666666666666667 0.045
1 0.53 0.3325 0.023333333333333334 0.035
1 0.5158333333333334 0.28375 0.021666666666666667 0.0375
1 0.5933333333333334 0.3125 0.02 0.04
1 0.6525000000000001 0.32375 0.028333333333333335 0.0475
1 0.47250000000000003 0.49875 0.06166666666666667 0.1075
