1 0.03636363636363636 0.609090909090909 0.04242424242424243 0.07272727272727272
1 0.11060606060606061 0.7159090909090908 0.08181818181818182 0.1318181818181818
1 0.1712121212121212 0.8886363636363636 0.09393939393939393 0.12272727272727273
1 0.20454545454545456 0.6613636363636364 0.05757575757575758 0.09545454545454544
1 0.24848484848484848 0.7545454545454545 0.07272727272727272 0.11818181818181818
1 0.30757575757575756 0.8181818181818181 0.1 0.16363636363636364
1 0.296969696969697 0.6795454545454546 0.06666666666666667 0.10454545454545454
1 0.39090909090909093 0.6181818181818182 0.048484848484848485 0.07272727272727272
1 0.41515151515151516 0.7272727272727273 0.07878787878787878 0.14545454545454545
1 0.4409090909090909 0.6522727272727272 0.06363636363636363 0.10454545454545454
1 0.4772727272727273 0.6295454545454545 0.03939393939393939 0.06818181818181818
1 0.5590909090909091 0.6272727272727272 0.03939393939393939 0.09090909090909091
1 0.5075757575757576 0.4295454545454545 0.03939393939393939 0.07727272727272727
1 0.5924242424242424 0.6545454545454545 0.051515151515151514 0.09090909090909091
1 0.5954545454545455 0.7431818181818182 0.07575757575757576 0.12272727272727273
1 0.6696969696969697 0.6227272727272727 0.05454545454545454 0.09090909090909091
1 0.7287878787878788 0.6613636363636364 0.06363636363636363 0.1318181818181818
1 0.8015151515151515 0.6136363636363636 0.051515151515151514 0.09090909090909091
1 0.8424242424242424 0.6727272727272727 0.05454545454545454 0.09090909090909091
1 0.9242424242424242 0.6386363636363636 0.048484848484848485 0.07727272727272727
