1 0.8250000000000001 0.42443729903536975 0.20600000000000002 0.33440514469453375
1 0.758 0.2266881028938907 0.096 0.13183279742765272
1 0.638 0.2942122186495177 0.124 0.2090032154340836
1 0.5630000000000001 0.31511254019292606 0.066 0.15434083601286175
1 0.34400000000000003 0.3520900321543408 0.068 0.13183279742765272
1 0.36 0.2315112540192926 0.06 0.10289389067524116
1 0.42 0.2202572347266881 0.04 0.08038585209003216
1 0.47100000000000003 0.27491961414790994 0.066 0.13183279742765272
1 0.549 0.21543408360128616 0.05 0.10289389067524116
1 0.507 0.2057877813504823 0.046 0.07717041800643087
1 0.609 0.12218649517684887 0.03 0.04501607717041801
1 0.591 0.08681672025723472 0.026000000000000002 0.04501607717041801
1 0.295 0.08842443729903537 0.026000000000000002 0.04180064308681672
1 0.28300000000000003 0.03215434083601286 0.026000000000000002 0.03858520900321544
1 0.325 0.024115755627009645 0.018000000000000002 0.03536977491961415
1 0.338 0.06913183279742766 0.02 0.05466237942122187
1 0.362 0.11254019292604502 0.024 0.05144694533762058
1 0.301 0.2202572347266881 0.034 0.07395498392282958
1 0.321 0.13665594855305466 0.03 0.04180064308681672
1 0.41600000000000004 0.11414790996784566 0.028 0.04823151125401929
1 0.449 0.09485530546623794 0.022 0.04180064308681672
1 0.488 0.11254019292604502 0.024 0.04501607717041801
1 0.558 0.05466237942122187 0.024 0.03858520900321544
1 0.562 0.014469453376205787 0.024 0.022508038585209004
1 0.528 0.03376205787781351 0.02 0.04823151125401929
1 0.491 0.04823151125401929 0.022 0.03858520900321544
1 0.503 0.024115755627009645 0.018000000000000002 0.028938906752411574
1 0.481 0.017684887459807074 0.018000000000000002 0.028938906752411574
1 0.457 0.03697749196141479 0.022 0.04180064308681672
1 0.417 0.06913183279742766 0.018000000000000002 0.04180064308681672
1 0.40800000000000003 0.05627009646302251 0.016 0.03536977491961415
1 0.38 0.022508038585209004 0.02 0.03215434083601286
1 0.36 0.05305466237942122 0.016 0.03536977491961415
1 0.342 0.014469453376205787 0.02 0.022508038585209004
1 0.441 0.01929260450160772 0.022 0.03215434083601286
1 0.41000000000000003 0.1639871382636656 0.036000000000000004 0.05787781350482315
1 0.466 0.14630225080385853 0.024 0.04823151125401929
1 0.512 0.15594855305466238 0.028 0.04823151125401929
1 0.521 0.12861736334405144 0.034 0.04501607717041801
