1 0.43124368048533873 0.5335753176043557 0.05965621840242669 0.15607985480943737
1 0.5374115267947421 0.20235934664246824 0.023255813953488372 0.04900181488203267
1 0.5970677451971689 0.16243194192377494 0.019211324570273004 0.04174228675136116
1 0.6183013144590496 0.2041742286751361 0.019211324570273004 0.045372050816696916
1 0.6627906976744187 0.2558983666061706 0.02527805864509606 0.0544464609800363
1 0.6764408493427705 0.21143375680580762 0.020222446916076844 0.045372050816696916
1 0.6648129423660263 0.19237749546279492 0.015166835187057635 0.03629764065335753
1 0.6956521739130435 0.20689655172413793 0.016177957532861477 0.043557168784029036
1 0.7487360970677452 0.22504537205081668 0.019211324570273004 0.04718693284936479
1 0.7780586450960566 0.2468239564428312 0.02527805864509606 0.05807622504537205
1 0.7381193124368048 0.2867513611615245 0.0262891809908999 0.0617059891107078
1 0.7360970677451972 0.36388384754990927 0.032355915065722954 0.08166969147005444
1 0.8114256825075834 0.3911070780399274 0.033367037411526794 0.0852994555353902
1 0.8185035389282104 0.2540834845735027 0.021233569261880688 0.0544464609800363
1 0.9590495449949444 0.35480943738656984 0.03943377148634985 0.0852994555353902
