1 0.06612903225806452 0.24615384615384617 0.02043010752688172 0.04230769230769231
1 0.09838709677419355 0.2557692307692308 0.02258064516129032 0.04230769230769231
1 0.21129032258064517 0.2528846153846154 0.024731182795698924 0.051923076923076926
1 0.29301075268817206 0.22980769230769232 0.024731182795698924 0.05576923076923077
1 0.3118279569892473 0.22596153846153846 0.021505376344086023 0.04423076923076923
1 0.35161290322580646 0.18942307692307694 0.015053763440860214 0.032692307692307694
1 0.39838709677419354 0.21153846153846156 0.02903225806451613 0.057692307692307696
1 0.4161290322580645 0.19615384615384618 0.01935483870967742 0.05
1 0.4397849462365591 0.2557692307692308 0.025806451612903226 0.046153846153846156
1 0.4456989247311828 0.2230769230769231 0.02043010752688172 0.04230769230769231
1 0.4532258064516129 0.17500000000000002 0.01827956989247312 0.038461538461538464
1 0.46236559139784944 0.1355769230769231 0.017204301075268817 0.03653846153846154
1 0.489247311827957 0.16153846153846155 0.01935483870967742 0.038461538461538464
1 0.49032258064516127 0.21634615384615385 0.01935483870967742 0.04807692307692308
1 0.5591397849462365 0.1807692307692308 0.017204301075268817 0.03461538461538462
1 0.5467741935483871 0.16923076923076924 0.016129032258064516 0.03461538461538462
1 0.6317204301075269 0.11634615384615385 0.016129032258064516 0.032692307692307694
1 0.6290322580645161 0.21250000000000002 0.023655913978494623 0.051923076923076926
1 0.6193548387096774 0.25480769230769235 0.025806451612903226 0.051923076923076926
1 0.6381720430107527 0.3028846153846154 0.035483870967741936 0.07115384615384615
1 0.671505376344086 0.21826923076923077 0.02258064516129032 0.04807692307692308
1 0.6672043010752688 0.1826923076923077 0.02258064516129032 0.046153846153846156
1 0.7026881720430107 0.15673076923076923 0.02043010752688172 0.04038461538461539
1 0.7532258064516129 0.16153846153846155 0.02258064516129032 0.038461538461538464
1 0.7327956989247312 0.2153846153846154 0.02258064516129032 0.04230769230769231
1 0.671505376344086 0.2884615384615385 0.02258064516129032 0.05
1 0.6811827956989247 0.36250000000000004 0.03333333333333333 0.07500000000000001
1 0.8086021505376344 0.28750000000000003 0.02795698924731183 0.05961538461538462
1 0.8026881720430108 0.23653846153846156 0.02258064516129032 0.046153846153846156
1 0.8489247311827957 0.3096153846153846 0.02903225806451613 0.06153846153846154
1 0.8661290322580645 0.2826923076923077 0.024731182795698924 0.046153846153846156
1 0.9279569892473118 0.23173076923076924 0.025806451612903226 0.04423076923076923
1 0.9059139784946236 0.3548076923076923 0.024731182795698924 0.07500000000000001
1 0.9220430107526881 0.37980769230769235 0.02903225806451613 0.06346153846153846
