1 0.09833333333333333 0.43500000000000005 0.056666666666666664 0.08
1 0.23944444444444443 0.43083333333333335 0.04555555555555556 0.06166666666666667
1 0.26611111111111113 0.33083333333333337 0.04111111111111111 0.06833333333333334
1 0.25722222222222224 0.5333333333333333 0.10333333333333333 0.14666666666666667
1 0.405 0.51 0.06111111111111111 0.12000000000000001
1 0.3711111111111111 0.4241666666666667 0.042222222222222223 0.058333333333333334
1 0.20777777777777778 0.5025000000000001 0.057777777777777775 0.09166666666666667
1 0.5488888888888889 0.42750000000000005 0.051111111111111114 0.095
1 0.5661111111111111 0.4033333333333334 0.043333333333333335 0.06333333333333334
1 0.61 0.4066666666666667 0.04888888888888889 0.060000000000000005
1 0.6377777777777778 0.5458333333333334 0.08 0.14166666666666666
1 0.7205555555555555 0.4816666666666667 0.07 0.10333333333333335
1 0.7055555555555556 0.42333333333333334 0.051111111111111114 0.07333333333333333
1 0.8016666666666666 0.4266666666666667 0.04555555555555556 0.060000000000000005
1 0.9333333333333333 0.4466666666666667 0.06444444444444444 0.09333333333333334
