1 0.1335559265442404 0.5271428571428571 0.038397328881469114 0.07142857142857142
1 0.2295492487479132 0.34214285714285714 0.01669449081803005 0.041428571428571426
1 0.25125208681135225 0.38285714285714284 0.025041736227045076 0.037142857142857144
1 0.2808848080133556 0.385 0.02921535893155259 0.05
1 0.28213689482470783 0.31857142857142856 0.021702838063439065 0.037142857142857144
1 0.335559265442404 0.36 0.02671118530884808 0.045714285714285714
1 0.35434056761268784 0.3271428571428571 0.020868113522537562 0.03428571428571429
1 0.35517529215358934 0.29928571428571427 0.015859766277128547 0.03
1 0.39148580968280466 0.26285714285714284 0.01669449081803005 0.03142857142857143
1 0.41110183639399 0.27 0.015859766277128547 0.03428571428571429
1 0.42779632721202004 0.25642857142857145 0.017529215358931552 0.032857142857142856
1 0.4419866444073456 0.27785714285714286 0.015859766277128547 0.032857142857142856
1 0.41151919866444076 0.3364285714285714 0.025041736227045076 0.04428571428571428
1 0.40818030050083476 0.305 0.02671118530884808 0.032857142857142856
1 0.45116861435726213 0.3364285714285714 0.022537562604340568 0.041428571428571426
1 0.4699499165275459 0.31142857142857144 0.018363939899833055 0.03428571428571429
1 0.5020868113522537 0.3335714285714286 0.02587646076794658 0.041428571428571426
1 0.4749582637729549 0.26571428571428574 0.018363939899833055 0.03428571428571429
1 0.4707846410684474 0.24142857142857144 0.021702838063439065 0.037142857142857144
1 0.5125208681135226 0.2642857142857143 0.015025041736227046 0.03142857142857143
1 0.5283806343906511 0.2792857142857143 0.018363939899833055 0.03
1 0.5471619365609349 0.25142857142857145 0.015859766277128547 0.02857142857142857
1 0.5563439065108514 0.2814285714285714 0.020868113522537562 0.04
1 0.5813856427378965 0.26142857142857145 0.017529215358931552 0.03142857142857143
1 0.5605175292153589 0.22285714285714286 0.010851419031719533 0.02857142857142857
1 0.573873121869783 0.21928571428571428 0.014190317195325543 0.032857142857142856
1 0.6047579298831386 0.24857142857142858 0.014190317195325543 0.02857142857142857
1 0.6410684474123539 0.24928571428571428 0.01335559265442404 0.03
1 0.6335559265442404 0.22142857142857142 0.02003338898163606 0.03142857142857143
1 0.6168614357262103 0.2042857142857143 0.01669449081803005 0.03142857142857143
1 0.6773789649415694 0.20785714285714285 0.012520868113522538 0.03
1 0.6936560934891486 0.22071428571428572 0.015025041736227046 0.03571428571428571
1 0.6811352253756261 0.235 0.01335559265442404 0.03
1 0.6752921535893155 0.2742857142857143 0.018363939899833055 0.037142857142857144
1 0.6393989983305509 0.30214285714285716 0.025041736227045076 0.047142857142857146
1 0.6026711185308848 0.33 0.025041736227045076 0.037142857142857144
1 0.5400667779632722 0.3585714285714286 0.03005008347245409 0.054285714285714284
1 0.4845575959933222 0.4107142857142857 0.0325542570951586 0.06714285714285714
1 0.5279632721202003 0.44357142857142856 0.037562604340567615 0.07
1 0.5926544240400667 0.44857142857142857 0.0333889816360601 0.07142857142857142
1 0.6185308848080133 0.37214285714285716 0.02337228714524207 0.05857142857142857
1 0.651085141903172 0.34785714285714286 0.02003338898163606 0.04428571428571428
1 0.664440734557596 0.36714285714285716 0.02671118530884808 0.04857142857142857
1 0.6982470784641068 0.36428571428571427 0.024207011686143573 0.04857142857142857
1 0.6873956594323873 0.3171428571428571 0.019198664440734557 0.03428571428571429
1 0.7099332220367279 0.30142857142857143 0.022537562604340568 0.04285714285714286
1 0.7128547579298832 0.25285714285714284 0.02003338898163606 0.037142857142857144
1 0.7429048414023373 0.26 0.01669449081803005 0.03428571428571429
1 0.751669449081803 0.23714285714285716 0.014190317195325543 0.025714285714285714
1 0.7771285475792988 0.2664285714285714 0.015025041736227046 0.032857142857142856
1 0.7913188647746244 0.2842857142857143 0.015025041736227046 0.03428571428571429
1 0.7879799666110184 0.24 0.015025041736227046 0.03142857142857143
1 0.8167779632721203 0.24357142857142858 0.015859766277128547 0.03571428571428571
1 0.8242904841402338 0.29428571428571426 0.015859766277128547 0.037142857142857144
1 0.8297161936560935 0.26857142857142857 0.01669449081803005 0.03142857142857143
1 0.8234557595993323 0.3585714285714286 0.02587646076794658 0.04857142857142857
1 0.83889816360601 0.33214285714285713 0.018363939899833055 0.04428571428571428
1 0.7779632721202003 0.43285714285714283 0.0333889816360601 0.06285714285714286
1 0.7266277128547579 0.4042857142857143 0.0325542570951586 0.05714285714285714
1 0.7065943238731219 0.5485714285714286 0.037562604340567615 0.08285714285714285
1 0.6414858096828047 0.47214285714285714 0.04257095158597663 0.08142857142857143
1 0.8163606010016695 0.5871428571428572 0.041736227045075125 0.08571428571428572
1 0.8489148580968281 0.4685714285714286 0.03672787979966611 0.06
1 0.8668614357262103 0.385 0.027545909849749584 0.055714285714285716
1 0.9169449081803005 0.4521428571428571 0.027545909849749584 0.06142857142857143
1 0.8793823038397329 0.3435714285714286 0.019198664440734557 0.041428571428571426
1 0.8518363939899833 0.3264285714285714 0.017529215358931552 0.03857142857142857
1 0.8660267111853088 0.27785714285714286 0.017529215358931552 0.03571428571428571
1 0.8551752921535893 0.26357142857142857 0.017529215358931552 0.027142857142857142
1 0.8885642737896494 0.255 0.015859766277128547 0.03571428571428571
1 0.9056761268781303 0.30428571428571427 0.021702838063439065 0.037142857142857144
1 0.9407345575959933 0.31 0.018363939899833055 0.03142857142857143
1 0.9365609348914858 0.3492857142857143 0.02003338898163606 0.05
1 0.8944073455759599 0.32285714285714284 0.017529215358931552 0.037142857142857144
1 0.9490818030050083 0.2842857142857143 0.01335559265442404 0.02857142857142857
