0 0.9573333333333333 0.7952987267384917 0.034666666666666665 0.03525954946131244
0 0.9553333333333333 0.7257590597453477 0.03333333333333333 0.03330068560235064
0 0.8766666666666666 0.7864838393731636 0.036 0.031341821743388835
0 0.8773333333333333 0.7169441723800196 0.032 0.031341821743388835
0 0.8513333333333333 0.7071498530852106 0.030666666666666665 0.02742409402546523
0 0.8119999999999999 0.7144955925563173 0.032 0.03232125367286973
0 0.7993333333333333 0.7752203721841332 0.03333333333333333 0.03232125367286973
0 0.584 0.777179236043095 0.029333333333333333 0.030362389813907934
0 0.6566666666666666 0.7894221351616063 0.030666666666666665 0.03330068560235064
0 0.73 0.7713026444662097 0.036 0.034280117531831536
0 0.7546666666666666 0.7169441723800196 0.034666666666666665 0.031341821743388835
0 0.5006666666666667 0.7659157688540646 0.028 0.029382957884427033
0 0.44 0.7820763956904996 0.032 0.02644466209598433
0 0.612 0.7076395690499511 0.026666666666666665 0.02644466209598433
0 0.6266666666666666 0.683643486777669 0.029333333333333333 0.02742409402546523
0 0.6873333333333334 0.6831537708129285 0.028 0.02840352595494613
0 0.6966666666666667 0.713026444662096 0.028 0.02742409402546523
0 0.6466666666666666 0.7144955925563173 0.026666666666666665 0.030362389813907934
0 0.078 0.7668952007835456 0.036 0.03525954946131244
0 0.162 0.7561214495592556 0.036 0.03330068560235064
0 0.22999999999999998 0.7654260528893242 0.036 0.03232125367286973
0 0.286 0.7654260528893242 0.03333333333333333 0.03232125367286973
0 0.3426666666666667 0.7634671890303624 0.029333333333333333 0.03232125367286973
0 0.352 0.7125367286973555 0.032 0.030362389813907934
0 0.324 0.6865817825661117 0.029333333333333333 0.029382957884427033
0 0.236 0.7061704211557297 0.029333333333333333 0.029382957884427033
0 0.262 0.6939275220372184 0.025333333333333333 0.030362389813907934
0 0.296 0.6816846229187071 0.026666666666666665 0.02742409402546523
0 0.284 0.6625857002938296 0.024 0.02644466209598433
0 0.3993333333333333 0.7037218413320274 0.028 0.03232125367286973
0 0.42133333333333334 0.693437806072478 0.024 0.02742409402546523
0 0.4453333333333333 0.7105778648383938 0.026666666666666665 0.030362389813907934
0 0.4686666666666667 0.6900097943192949 0.028 0.02840352595494613
0 0.5013333333333333 0.6973555337904016 0.026666666666666665 0.029382957884427033
0 0.5579999999999999 0.7012732615083251 0.030666666666666665 0.029382957884427033
0 0.5493333333333333 0.6655239960822723 0.026666666666666665 0.024485798237022526
0 0.44666666666666666 0.67384916748286 0.024 0.023506366307541625
0 0.022 0.6929480901077375 0.030666666666666665 0.02840352595494613
0 0.028 0.6709108716944172 0.029333333333333333 0.019588638589618023
0 0.08466666666666667 0.6787463271302645 0.030666666666666665 0.031341821743388835
0 0.11733333333333333 0.672869735553379 0.029333333333333333 0.029382957884427033
0 0.15533333333333332 0.6807051909892262 0.028 0.029382957884427033
0 0.18533333333333332 0.6669931439764937 0.026666666666666665 0.025465230166503428
0 0.22266666666666665 0.6714005876591577 0.026666666666666665 0.02840352595494613
0 0.7353333333333333 0.7047012732615083 0.030666666666666665 0.030362389813907934
1 0.9319999999999999 0.7095984329089129 0.026666666666666665 0.02644466209598433
