1 0.2501411631846414 0.6224899598393574 0.03274985883681536 0.0682730923694779
1 0.31564088085827213 0.6049196787148594 0.03387916431394692 0.071285140562249
1 0.3901750423489554 0.6234939759036144 0.03387916431394692 0.07228915662650602
1 0.45313382269904007 0.6179718875502007 0.02766798418972332 0.061244979919678706
1 0.5141163184641445 0.628012048192771 0.029926595143986448 0.06325301204819277
1 0.5742518351214003 0.6229919678714859 0.038396386222473176 0.06927710843373493
1 0.6414455110107283 0.6410642570281124 0.0282326369282891 0.06927710843373493
1 0.6914172783738001 0.644578313253012 0.029926595143986448 0.07228915662650602
1 0.7515527950310559 0.6219879518072289 0.03162055335968379 0.06927710843373493
1 0.8060417843026538 0.6139558232931727 0.03783173348390739 0.06325301204819277
1 0.7453416149068323 0.5105421686746987 0.04178430265386787 0.0753012048192771
1 0.748729531338227 0.4257028112449799 0.0282326369282891 0.06224899598393574
1 0.668548842461886 0.5235943775100401 0.03387916431394692 0.061244979919678706
1 0.6245059288537549 0.5015060240963854 0.03274985883681536 0.06526104417670682
1 0.551948051948052 0.5090361445783133 0.035573122529644265 0.06626506024096385
1 0.4929418407679277 0.48845381526104414 0.03387916431394692 0.06526104417670682
1 0.4336533032185206 0.5085341365461847 0.03162055335968379 0.05923694779116465
1 0.3605307735742518 0.5120481927710843 0.03331451157538114 0.06024096385542168
1 0.3012422360248447 0.5245983935742972 0.029926595143986448 0.05522088353413654
1 0.24957651044607565 0.535140562248996 0.040654997176736304 0.06626506024096385
1 0.2919254658385093 0.43172690763052207 0.0282326369282891 0.06024096385542168
1 0.35093167701863354 0.4417670682730923 0.029926595143986448 0.05220883534136546
1 0.4020327498588368 0.4236947791164658 0.025974025974025972 0.05421686746987951
1 0.46273291925465837 0.429718875502008 0.022021456804065496 0.0642570281124498
1 0.5208921513269339 0.3965863453815261 0.026538678712591753 0.05421686746987951
1 0.5731225296442687 0.4357429718875502 0.03049124788255223 0.056224899598393566
1 0.6259175607001694 0.42821285140562243 0.026538678712591753 0.061244979919678706
1 0.6871823828345567 0.4161646586345381 0.03049124788255223 0.06927710843373493
