1 0.061 0.23866666666666667 0.034 0.056
1 0.14400000000000002 0.2533333333333333 0.052000000000000005 0.06933333333333333
1 0.186 0.21466666666666667 0.04 0.06133333333333333
1 0.28700000000000003 0.2573333333333333 0.034 0.050666666666666665
1 0.313 0.2613333333333333 0.046 0.06933333333333333
1 0.39 0.30933333333333335 0.052000000000000005 0.06933333333333333
1 0.465 0.33199999999999996 0.03 0.06133333333333333
1 0.51 0.33999999999999997 0.032 0.050666666666666665
1 0.526 0.2653333333333333 0.032 0.06666666666666667
1 0.556 0.32 0.032 0.058666666666666666
1 0.553 0.46266666666666667 0.042 0.06666666666666667
1 0.5710000000000001 0.264 0.034 0.048
1 0.631 0.23066666666666666 0.046 0.07733333333333334
1 0.711 0.20666666666666667 0.038 0.06666666666666667
1 0.7020000000000001 0.292 0.044 0.06133333333333333
1 0.767 0.22799999999999998 0.03 0.050666666666666665
1 0.804 0.204 0.032 0.06666666666666667
1 0.778 0.3253333333333333 0.036000000000000004 0.048
1 0.907 0.22799999999999998 0.042 0.07733333333333334
