1 0.2039289055191768 0.4400998336106489 0.044901777362020584 0.09816971713810316
1 0.23947614593077643 0.3627287853577371 0.037418147801683815 0.09317803660565724
1 0.2764265668849392 0.20382695507487522 0.019644527595884004 0.03826955074875208
1 0.3339569691300281 0.2878535773710483 0.018709073900841908 0.036605657237936774
1 0.35266604303086996 0.25873544093178036 0.013096351730589336 0.03494176372712147
1 0.4340505144995323 0.28452579034941766 0.022450888681010292 0.03993344425956739
1 0.3854069223573433 0.1930116472545757 0.013096351730589336 0.026622296173044926
1 0.4237605238540692 0.2254575707154742 0.014967259120673527 0.028286189683860232
1 0.4471468662301216 0.2296173044925125 0.014967259120673527 0.029950083194675542
1 0.45042095416276895 0.19217970049916805 0.01216089803554724 0.03161397670549085
1 0.47427502338634236 0.20465890183028287 0.014967259120673527 0.026622296173044926
1 0.5261927034611786 0.21214642262895175 0.01777362020579981 0.03494176372712147
1 0.4812909260991581 0.16638935108153077 0.015902712815715623 0.02329450915141431
1 0.4752104770813845 0.18136439267886856 0.013096351730589336 0.02329450915141431
1 0.4555659494855005 0.15557404326123128 0.013096351730589336 0.021630615640599003
1 0.47100093545369504 0.15474209650582363 0.01216089803554724 0.019966722129783693
1 0.4855004677268475 0.13560732113144758 0.009354536950420954 0.021630615640599003
1 0.5112254443405051 0.16472545757071547 0.01028999064546305 0.019966722129783693
1 0.5318054256314313 0.14309484193011648 0.015902712815715623 0.029950083194675542
1 0.5598690364826941 0.15391014975041598 0.01216089803554724 0.02495840266222962
1 0.5818521983161834 0.1638935108153078 0.011225444340505146 0.028286189683860232
1 0.5739008419083256 0.11397670549084858 0.01028999064546305 0.02495840266222962
1 0.6314312441534145 0.0723793677204659 0.011225444340505146 0.02495840266222962
1 0.4822263797942002 0.3277870216306156 0.025257249766136577 0.04658901830282862
1 0.6028999064546305 0.25540765391014975 0.019644527595884004 0.04159733777038269
1 0.6613657623947614 0.2504159733777038 0.022450888681010292 0.04492512479201331
1 0.7188961646398503 0.2878535773710483 0.021515434985968196 0.04658901830282862
1 0.7736202057998129 0.30948419301164726 0.022450888681010292 0.04658901830282862
1 0.6987839101964453 0.18302828618968386 0.01683816651075772 0.036605657237936774
1 0.6870907390084191 0.1605657237936772 0.01403180542563143 0.03826955074875208
1 0.6894293732460244 0.10149750415973378 0.013096351730589336 0.029950083194675542
1 0.7207670720299345 0.07321131447587355 0.01403180542563143 0.026622296173044926
1 0.7558465855940131 0.11231281198003328 0.013096351730589336 0.028286189683860232
1 0.7483629560336763 0.13311148086522462 0.014967259120673527 0.033277870216306155
1 0.7319925163704397 0.16722129783693843 0.01216089803554724 0.028286189683860232
1 0.715154349859682 0.15557404326123128 0.01403180542563143 0.028286189683860232
1 0.7572497661365762 0.17304492512479203 0.01403180542563143 0.026622296173044926
1 0.8002806361085126 0.18718801996672213 0.015902712815715623 0.03494176372712147
1 0.8143124415341441 0.13311148086522462 0.01028999064546305 0.029950083194675542
1 0.8517305893358279 0.2004991680532446 0.015902712815715623 0.03826955074875208
1 0.8746492048643593 0.2329450915141431 0.014967259120673527 0.04326123128119801
