1 0.13071570576540753 0.3591549295774648 0.036779324055666 0.08802816901408451
1 0.17992047713717693 0.3257042253521127 0.03379721669980119 0.08098591549295775
1 0.22813121272365802 0.3996478873239437 0.04075546719681908 0.045774647887323945
1 0.2972166998011928 0.21390845070422534 0.017892644135188866 0.03345070422535212
1 0.3409542743538767 0.21566901408450706 0.019880715705765405 0.03345070422535212
1 0.36829025844930413 0.2579225352112676 0.020874751491053677 0.04401408450704226
1 0.39264413518886676 0.1936619718309859 0.015904572564612324 0.03169014084507042
1 0.42047713717693835 0.16285211267605634 0.011928429423459244 0.02640845070422535
1 0.42544731610337966 0.26848591549295775 0.019880715705765405 0.03345070422535212
1 0.4458250497017892 0.21390845070422534 0.016898608349900594 0.040492957746478875
1 0.441351888667992 0.17517605633802819 0.013916500994035784 0.029929577464788734
1 0.422962226640159 0.14348591549295775 0.012922465208747513 0.019366197183098594
1 0.4666998011928429 0.13204225352112675 0.010934393638170973 0.024647887323943664
1 0.48608349900596415 0.13556338028169015 0.011928429423459244 0.024647887323943664
1 0.48011928429423456 0.17165492957746478 0.015904572564612324 0.03345070422535212
1 0.5029821073558648 0.20862676056338028 0.015904572564612324 0.03345070422535212
1 0.5154075546719682 0.18397887323943662 0.014910536779324053 0.03345070422535212
1 0.5382703777335983 0.19542253521126762 0.016898608349900594 0.035211267605633804
1 0.5323061630218687 0.15757042253521128 0.012922465208747513 0.02640845070422535
1 0.5159045725646123 0.12235915492957747 0.011928429423459244 0.019366197183098594
1 0.5233598409542743 0.12764084507042253 0.010934393638170973 0.022887323943661973
1 0.5422465208747514 0.13028169014084506 0.012922465208747513 0.024647887323943664
1 0.5820079522862822 0.12147887323943662 0.010934393638170973 0.028169014084507043
1 0.6133200795228627 0.15757042253521128 0.015904572564612324 0.02640845070422535
1 0.6048707753479124 0.12588028169014084 0.010934393638170973 0.022887323943661973
1 0.6172962226640158 0.13380281690140847 0.013916500994035784 0.028169014084507043
1 0.6103379721669979 0.11267605633802817 0.009940357852882702 0.017605633802816902
1 0.6257455268389661 0.11179577464788733 0.012922465208747513 0.022887323943661973
1 0.6386679920477136 0.09771126760563381 0.010934393638170973 0.022887323943661973
1 0.6600397614314114 0.10651408450704225 0.011928429423459244 0.022887323943661973
1 0.6829025844930416 0.10387323943661972 0.009940357852882702 0.017605633802816902
1 0.680417495029821 0.1153169014084507 0.010934393638170973 0.022887323943661973
1 0.5834990059642147 0.17517605633802819 0.017892644135188866 0.02640845070422535
1 0.5770377733598409 0.28257042253521125 0.024850894632206758 0.0545774647887324
1 0.5869781312127236 0.25 0.018886679920477135 0.03873239436619719
1 0.610834990059642 0.2579225352112676 0.022862823061630216 0.04753521126760563
1 0.6486083499005963 0.20774647887323944 0.016898608349900594 0.035211267605633804
1 0.6600397614314114 0.20158450704225353 0.015904572564612324 0.03345070422535212
1 0.687872763419483 0.25616197183098594 0.019880715705765405 0.040492957746478875
1 0.7112326043737573 0.19542253521126762 0.016898608349900594 0.035211267605633804
1 0.7017892644135189 0.16725352112676056 0.015904572564612324 0.03169014084507042
1 0.7311133200795228 0.1505281690140845 0.012922465208747513 0.02640845070422535
1 0.7549701789264412 0.1346830985915493 0.010934393638170973 0.02640845070422535
1 0.7808151093439363 0.07834507042253522 0.010934393638170973 0.022887323943661973
1 0.7972166998011928 0.1540492957746479 0.013916500994035784 0.029929577464788734
1 0.7450298210735585 0.1892605633802817 0.018886679920477135 0.029929577464788734
1 0.7514910536779323 0.19982394366197184 0.021868787276341946 0.03345070422535212
1 0.7847912524850894 0.2183098591549296 0.016898608349900594 0.03169014084507042
1 0.7514910536779323 0.26760563380281693 0.019880715705765405 0.056338028169014086
1 0.7654075546719681 0.2711267605633803 0.017892644135188866 0.035211267605633804
1 0.8021868787276342 0.28169014084507044 0.02385685884691849 0.045774647887323945
1 0.720675944333996 0.2323943661971831 0.017892644135188866 0.03169014084507042
1 0.8489065606361829 0.32130281690140844 0.021868787276341946 0.04753521126760563
1 0.9155069582504969 0.3477112676056338 0.021868787276341946 0.051056338028169015
1 0.9319085487077534 0.3125 0.022862823061630216 0.04753521126760563
1 0.8687872763419482 0.2869718309859155 0.021868787276341946 0.04929577464788733
1 0.9244532803180914 0.24911971830985916 0.015904572564612324 0.04401408450704226
1 0.9423459244532802 0.24031690140845072 0.013916500994035784 0.03345070422535212
1 0.9458250497017892 0.2147887323943662 0.014910536779324053 0.024647887323943664
1 0.9408548707753478 0.18661971830985916 0.014910536779324053 0.028169014084507043
1 0.9080516898608348 0.17341549295774647 0.014910536779324053 0.029929577464788734
1 0.8926441351888668 0.22975352112676056 0.017892644135188866 0.03345070422535212
1 0.8598409542743538 0.1971830985915493 0.015904572564612324 0.028169014084507043
1 0.8429423459244532 0.2359154929577465 0.017892644135188866 0.03873239436619719
1 0.8489065606361829 0.20862676056338028 0.015904572564612324 0.02640845070422535
1 0.8508946322067593 0.1505281690140845 0.013916500994035784 0.02640845070422535
