1 0.06426056338028169 0.5715962441314554 0.12323943661971831 0.19953051643192488
1 0.23855633802816903 0.5575117370892019 0.09859154929577466 0.14084507042253522
1 0.3067781690140845 0.4507042253521127 0.03433098591549296 0.04929577464788733
1 0.42869718309859156 0.5874413145539906 0.10387323943661972 0.1467136150234742
1 0.534330985915493 0.5927230046948357 0.058098591549295774 0.08685446009389672
1 0.5066021126760564 0.5745305164319249 0.04137323943661972 0.062206572769953054
1 0.6205985915492958 0.5622065727699531 0.035211267605633804 0.04929577464788733
1 0.6496478873239436 0.45539906103286387 0.024647887323943664 0.04460093896713615
1 0.7029049295774648 0.590962441314554 0.12235915492957747 0.15610328638497653
1 0.8798415492957746 0.5786384976525821 0.043133802816901406 0.07981220657276995
1 0.9154929577464789 0.5921361502347418 0.06514084507042253 0.08568075117370892
1 0.9828345070422535 0.5774647887323944 0.03433098591549296 0.09859154929577466
