1 0.05408653846153846 0.20982142857142858 0.013621794871794872 0.0375
1 0.04487179487179487 0.24285714285714285 0.014423076923076922 0.03571428571428571
1 0.05769230769230769 0.26071428571428573 0.016025641025641024 0.04285714285714286
1 0.09014423076923077 0.4348214285714286 0.023237179487179488 0.055357142857142855
1 0.07612179487179487 0.49910714285714286 0.024038461538461536 0.055357142857142855
1 0.10616987179487179 0.5660714285714286 0.026442307692307692 0.075
1 0.19911858974358973 0.4464285714285714 0.021634615384615384 0.060714285714285714
1 0.24118589743589744 0.3776785714285714 0.022435897435897436 0.055357142857142855
1 0.2568108974358974 0.30089285714285713 0.02003205128205128 0.044642857142857144
1 0.17708333333333331 0.28125 0.017628205128205128 0.044642857142857144
1 0.17588141025641024 0.24464285714285713 0.015224358974358974 0.03214285714285714
1 0.13741987179487178 0.25535714285714284 0.01842948717948718 0.039285714285714285
1 0.12219551282051282 0.23124999999999998 0.016826923076923076 0.0375
1 0.16025641025641024 0.16428571428571428 0.014423076923076922 0.039285714285714285
1 0.171875 0.1875 0.013621794871794872 0.03214285714285714
1 0.19791666666666666 0.19285714285714284 0.017628205128205128 0.04285714285714286
1 0.2107371794871795 0.13482142857142856 0.011217948717948718 0.030357142857142857
1 0.22275641025641024 0.13749999999999998 0.011217948717948718 0.03214285714285714
1 0.2548076923076923 0.12767857142857142 0.01282051282051282 0.030357142857142857
1 0.3048878205128205 0.14910714285714285 0.015224358974358974 0.033928571428571426
1 0.30128205128205127 0.1705357142857143 0.016025641025641024 0.0375
1 0.2952724358974359 0.20892857142857144 0.01842948717948718 0.039285714285714285
1 0.32532051282051283 0.23839285714285713 0.014423076923076922 0.04107142857142857
1 0.34935897435897434 0.21428571428571427 0.017628205128205128 0.03571428571428571
1 0.3802083333333333 0.18571428571428572 0.015224358974358974 0.04285714285714286
1 0.3645833333333333 0.0875 0.01282051282051282 0.03214285714285714
1 0.4114583333333333 0.09375 0.013621794871794872 0.030357142857142857
1 0.4338942307692307 0.0875 0.013621794871794872 0.03214285714285714
1 0.484775641025641 0.09375 0.01282051282051282 0.033928571428571426
1 0.4719551282051282 0.14017857142857143 0.014423076923076922 0.030357142857142857
1 0.47636217948717946 0.1705357142857143 0.015224358974358974 0.033928571428571426
1 0.501201923076923 0.17946428571428572 0.016826923076923076 0.0375
1 0.49318910256410253 0.2294642857142857 0.01842948717948718 0.044642857142857144
1 0.46594551282051283 0.28928571428571426 0.02003205128205128 0.04642857142857143
1 0.5677083333333333 0.17946428571428572 0.013621794871794872 0.033928571428571426
1 0.5769230769230769 0.20982142857142858 0.014423076923076922 0.0375
1 0.5817307692307692 0.15 0.014423076923076922 0.03214285714285714
1 0.6001602564102564 0.14285714285714285 0.016025641025641024 0.02857142857142857
1 0.5913461538461539 0.10714285714285714 0.011217948717948718 0.03214285714285714
1 0.6245993589743589 0.12142857142857143 0.016826923076923076 0.02857142857142857
1 0.5248397435897436 0.08125 0.01282051282051282 0.023214285714285715
1 0.5192307692307692 0.11160714285714285 0.014423076923076922 0.023214285714285715
1 0.5693108974358975 0.3214285714285714 0.024839743589743588 0.05357142857142857
1 0.5741185897435898 0.4758928571428571 0.023237179487179488 0.07321428571428572
1 0.6350160256410257 0.2544642857142857 0.016826923076923076 0.033928571428571426
1 0.6466346153846153 0.15892857142857142 0.01282051282051282 0.03214285714285714
1 0.7059294871794871 0.22589285714285715 0.01282051282051282 0.033928571428571426
1 0.7183493589743589 0.22232142857142856 0.015224358974358974 0.030357142857142857
1 0.7327724358974359 0.20803571428571427 0.015224358974358974 0.0375
1 0.7147435897435898 0.28035714285714286 0.019230769230769232 0.03571428571428571
1 0.6875 0.34017857142857144 0.024038461538461536 0.04821428571428571
1 0.7844551282051282 0.38125 0.022435897435897436 0.04821428571428571
1 0.780448717948718 0.21607142857142855 0.017628205128205128 0.03571428571428571
1 0.8181089743589743 0.2464285714285714 0.017628205128205128 0.02857142857142857
1 0.8589743589743589 0.2839285714285714 0.014423076923076922 0.039285714285714285
1 0.9254807692307692 0.36160714285714285 0.017628205128205128 0.0375
