1 0.12720070422535212 0.528169014084507 0.12588028169014084 0.19014084507042253
1 0.2262323943661972 0.6320422535211268 0.17781690140845072 0.22183098591549297
1 0.37588028169014087 0.7177230046948357 0.2323943661971831 0.32981220657276994
1 0.047975352112676055 0.4694835680751174 0.09419014084507042 0.17136150234741784
1 0.09727112676056338 0.41901408450704225 0.09066901408450705 0.11737089201877934
1 0.06734154929577466 0.3620892018779343 0.0625 0.08098591549295775
1 0.22887323943661972 0.36737089201877937 0.06866197183098592 0.0892018779342723
1 0.30545774647887325 0.3884976525821596 0.061619718309859156 0.10093896713615023
1 0.38600352112676056 0.4336854460093897 0.07658450704225352 0.1068075117370892
1 0.5272887323943662 0.4225352112676056 0.0721830985915493 0.12441314553990611
1 0.6650528169014085 0.4424882629107981 0.08890845070422536 0.12910798122065728
1 0.7561619718309859 0.4800469483568075 0.11267605633802817 0.15258215962441316
1 0.7830105633802817 0.8620892018779343 0.2737676056338028 0.2640845070422535
1 0.9727112676056339 0.5428403755868545 0.0545774647887324 0.16079812206572772
