1 0.08684654300168633 0.5803571428571428 0.10286677908937605 0.1607142857142857
1 0.17706576728499157 0.5863095238095237 0.06408094435075885 0.11309523809523808
1 0.2799325463743676 0.6071428571428571 0.08768971332209105 0.21428571428571427
1 0.37015177065767285 0.6711309523809523 0.14333895446880268 0.23511904761904762
1 0.46374367622259693 0.6086309523809523 0.07419898819561552 0.13988095238095238
1 0.5573355817875211 0.6428571428571428 0.10961214165261382 0.22023809523809523
1 0.31703204047217537 0.44345238095238093 0.026981450252951095 0.05357142857142857
1 0.4156829679595278 0.5446428571428571 0.0387858347386172 0.07738095238095238
1 0.596964586846543 0.5669642857142857 0.06070826306913996 0.11011904761904762
1 0.6492411467116357 0.5684523809523809 0.04047217537942664 0.09523809523809523
1 0.7065767284991568 0.37351190476190477 0.05396290050590219 0.11607142857142856
1 0.8018549747048903 0.6547619047619048 0.18381112984822934 0.33928571428571425
1 0.8819561551433389 0.6071428571428571 0.07419898819561552 0.21428571428571427
1 0.9485666104553119 0.6964285714285714 0.10286677908937605 0.26785714285714285
1 0.9536256323777402 0.5580357142857143 0.05227655986509275 0.11011904761904762
1 0.2251264755480607 0.5342261904761905 0.028667790893760536 0.0625
