1 0.27968750000000003 0.49097222222222225 0.10312500000000001 0.1875
1 0.262890625 0.3791666666666667 0.06171875 0.10277777777777779
1 0.24335937500000002 0.34097222222222223 0.05234375 0.0763888888888889
1 0.27968750000000003 0.31527777777777777 0.025 0.06944444444444445
1 0.1921875 0.2916666666666667 0.043750000000000004 0.07222222222222223
1 0.15781250000000002 0.33472222222222225 0.043750000000000004 0.06944444444444445
1 0.12460937500000001 0.35555555555555557 0.04609375 0.07777777777777778
1 0.084375 0.36388888888888893 0.065625 0.125
1 0.4 0.32430555555555557 0.026562500000000003 0.05694444444444444
1 0.43867187500000004 0.3590277777777778 0.032031250000000004 0.06805555555555556
1 0.46484375 0.36736111111111114 0.037500000000000006 0.059722222222222225
1 0.46992187500000004 0.325 0.02421875 0.05555555555555556
1 0.5242187500000001 0.23055555555555557 0.028125 0.0638888888888889
1 0.5222656250000001 0.3770833333333333 0.04453125 0.10416666666666667
1 0.572265625 0.37777777777777777 0.03515625 0.07777777777777778
1 0.585546875 0.32569444444444445 0.02890625 0.06527777777777778
1 0.63828125 0.5111111111111112 0.0734375 0.13055555555555556
1 0.685546875 0.45416666666666666 0.04609375 0.10277777777777779
1 0.6648437500000001 0.3805555555555556 0.037500000000000006 0.075
1 0.6492187500000001 0.35347222222222224 0.034375 0.06527777777777778
1 0.723828125 0.3888888888888889 0.02890625 0.05555555555555556
1 0.751953125 0.39166666666666666 0.030468750000000003 0.061111111111111116
1 0.7609375 0.4430555555555556 0.0578125 0.09722222222222222
1 0.8093750000000001 0.37986111111111115 0.035937500000000004 0.0763888888888889
1 0.8562500000000001 0.42083333333333334 0.0625 0.09722222222222222
1 0.964453125 0.53125 0.07109375 0.14583333333333334
1 0.958984375 0.4486111111111111 0.049218750000000006 0.09444444444444444
