1 0.017574692442882248 0.5661040787623066 0.03339191564147627 0.08860759493670886
1 0.061072056239015814 0.5766526019690577 0.06239015817223198 0.11251758087201125
1 0.13840070298769772 0.6125175808720112 0.07469244288224956 0.10267229254571027
1 0.17003514938488576 0.539381153305204 0.05536028119507908 0.08016877637130802
1 0.28427065026362036 0.5267229254571026 0.04130052724077329 0.07454289732770746
1 0.3268892794376098 0.5717299578059072 0.04393673110720562 0.09423347398030943
1 0.29042179261862916 0.6132208157524613 0.04657293497363796 0.07313642756680731
1 0.383128295254833 0.5379746835443038 0.03339191564147627 0.057665260196905765
1 0.42003514938488573 0.5112517580872011 0.03163444639718805 0.06610407876230662
1 0.44420035149384884 0.5541490857946554 0.037785588752196834 0.07032348804500703
1 0.468804920913884 0.670182841068917 0.08172231985940245 0.1420534458509142
1 0.4753954305799648 0.5112517580872011 0.03163444639718805 0.05485232067510549
1 0.5043936731107206 0.5386779184247539 0.02636203866432337 0.0450070323488045
1 0.5083479789103691 0.4936708860759494 0.02196836555360281 0.05907172995780591
1 0.5333919156414763 0.5210970464135021 0.029876977152899824 0.057665260196905765
1 0.5522847100175746 0.48874824191279886 0.01845342706502636 0.05485232067510549
1 0.5698594024604569 0.5007032348804501 0.02196836555360281 0.05907172995780591
1 0.5984182776801406 0.5028129395218003 0.028119507908611598 0.057665260196905765
1 0.6217047451669595 0.5077355836849508 0.03602811950790861 0.05907172995780591
1 0.6151142355008787 0.5288326300984529 0.02460456942003515 0.03938115330520394
1 0.6028119507908611 0.580168776371308 0.05799648506151142 0.09704641350210971
1 0.656414762741652 0.7088607594936709 0.09666080843585237 0.20815752461322082
1 0.6616871704745166 0.5682137834036568 0.04393673110720562 0.08157524613220817
1 0.6660808435852372 0.5133614627285513 0.02460456942003515 0.04219409282700422
1 0.6946397188049209 0.5 0.027240773286467485 0.05485232067510549
1 0.7170474516695957 0.5035161744022504 0.028119507908611598 0.06188466947960619
1 0.7609841827768014 0.6061884669479606 0.06502636203866433 0.11533052039381153
1 0.742091388400703 0.5407876230661041 0.03427065026362038 0.06610407876230662
1 0.7456063268892794 0.45288326300984527 0.02899824253075571 0.05625879043600562
1 0.7706502636203866 0.5218002812939522 0.03690685413005272 0.06469760900140648
1 0.8101933216168716 0.5267229254571026 0.028119507908611598 0.05485232067510549
1 0.8290861159929701 0.4978902953586498 0.020210896309314587 0.04219409282700422
1 0.8396309314586994 0.5555555555555556 0.037785588752196834 0.07876230661040788
1 0.8637961335676625 0.5569620253164557 0.03339191564147627 0.06469760900140648
1 0.8778558875219683 0.4929676511954993 0.028119507908611598 0.052039381153305204
1 0.9187170474516695 0.5084388185654009 0.02899824253075571 0.06047819971870605
1 0.930140597539543 0.6392405063291139 0.06590509666080843 0.11392405063291139
1 0.9257469244288224 0.8059071729957806 0.12214411247803163 0.23628691983122363
1 0.9749560632688927 0.510548523206751 0.030755711775043933 0.05063291139240506
1 0.961335676625659 0.5625879043600562 0.0421792618629174 0.07032348804500703
