1 0.8718428437792329 0.12166666666666667 0.011225444340505146 0.02666666666666667
1 0.90177736202058 0.1275 0.009354536950420954 0.025
1 0.930776426566885 0.14083333333333334 0.007483629560336763 0.021666666666666667
1 0.9289055191768008 0.155 0.011225444340505146 0.02666666666666667
1 0.9195509822263798 0.20333333333333334 0.014967259120673527 0.03666666666666667
1 0.9228250701590271 0.265 0.01777362020579981 0.05
1 0.8648269410664172 0.14916666666666667 0.01403180542563143 0.03166666666666667
1 0.8914873713751169 0.17833333333333334 0.013096351730589336 0.030000000000000002
1 0.8811973807296539 0.19583333333333336 0.014967259120673527 0.035
1 0.8690364826941066 0.21666666666666667 0.014967259120673527 0.043333333333333335
1 0.852198316183349 0.18666666666666668 0.013096351730589336 0.03666666666666667
1 0.8475210477081384 0.15000000000000002 0.014967259120673527 0.03666666666666667
1 0.8320860617399439 0.1366666666666667 0.01403180542563143 0.03333333333333333
1 0.7507015902712816 0.11 0.01028999064546305 0.02666666666666667
1 0.7329279700654817 0.11666666666666667 0.01216089803554724 0.02666666666666667
1 0.7394761459307765 0.1325 0.01403180542563143 0.035
1 0.7567820392890552 0.1366666666666667 0.011225444340505146 0.030000000000000002
1 0.793732460243218 0.11750000000000001 0.01028999064546305 0.028333333333333335
1 0.7862488306828812 0.13083333333333333 0.01216089803554724 0.03166666666666667
1 0.7993451824134705 0.17500000000000002 0.015902712815715623 0.03666666666666667
1 0.8147801683816651 0.17 0.013096351730589336 0.03666666666666667
1 0.7703461178671656 0.21916666666666668 0.01777362020579981 0.055
1 0.7787652011225444 0.2891666666666667 0.021515434985968196 0.058333333333333334
1 0.7347988774555659 0.18083333333333335 0.015902712815715623 0.04166666666666667
1 0.7039289055191769 0.12916666666666668 0.01403180542563143 0.03833333333333334
1 0.6889616463985033 0.09833333333333334 0.01216089803554724 0.030000000000000002
1 0.6641721234798877 0.12666666666666668 0.013096351730589336 0.030000000000000002
1 0.6833489242282507 0.14500000000000002 0.01403180542563143 0.03666666666666667
1 0.6828811973807296 0.18166666666666667 0.018709073900841908 0.04666666666666667
1 0.6983161833489242 0.22083333333333335 0.021515434985968196 0.04833333333333334
1 0.7072029934518241 0.28583333333333333 0.02432179607109448 0.05166666666666667
1 0.6585594013096352 0.24916666666666668 0.0205799812909261 0.045000000000000005
1 0.6608980355472405 0.20500000000000002 0.019644527595884004 0.043333333333333335
1 0.6440598690364827 0.17500000000000002 0.015902712815715623 0.04
1 0.6702525724976613 0.33083333333333337 0.028999064546304958 0.06166666666666667
1 0.6089803554724041 0.1975 0.018709073900841908 0.04166666666666667
1 0.5930776426566885 0.2516666666666667 0.0205799812909261 0.04666666666666667
1 0.568755846585594 0.24000000000000002 0.01683816651075772 0.043333333333333335
1 0.5603367633302152 0.29250000000000004 0.0205799812909261 0.055
1 0.608044901777362 0.325 0.02806361085126286 0.05666666666666667
1 0.6234798877455566 0.09583333333333334 0.01216089803554724 0.028333333333333335
1 0.6384471468662302 0.09916666666666667 0.01028999064546305 0.021666666666666667
1 0.6398503274087932 0.12250000000000001 0.009354536950420954 0.028333333333333335
1 0.6108512628624884 0.11583333333333334 0.011225444340505146 0.025
1 0.6206735266604303 0.1375 0.01403180542563143 0.035
1 0.5921421889616464 0.0975 0.011225444340505146 0.028333333333333335
1 0.5608044901777363 0.10500000000000001 0.01028999064546305 0.023333333333333334
1 0.5846585594013096 0.15416666666666667 0.014967259120673527 0.03166666666666667
1 0.5481758652946679 0.15083333333333335 0.013096351730589336 0.035
1 0.5252572497661366 0.1366666666666667 0.01403180542563143 0.030000000000000002
1 0.45088868101029 0.14083333333333334 0.009354536950420954 0.021666666666666667
1 0.45416276894293733 0.16416666666666668 0.01028999064546305 0.025
1 0.47895229186155286 0.16 0.011225444340505146 0.030000000000000002
1 0.4752104770813845 0.14333333333333334 0.009354536950420954 0.02
1 0.5126286248830683 0.16833333333333333 0.014967259120673527 0.02666666666666667
1 0.538821328344247 0.19166666666666668 0.014967259120673527 0.03666666666666667
1 0.4859681945743686 0.19583333333333336 0.01403180542563143 0.03166666666666667
1 0.46492048643592143 0.18916666666666668 0.013096351730589336 0.03166666666666667
1 0.4092609915809167 0.16 0.00841908325537886 0.02
1 0.4303086997193639 0.16666666666666669 0.011225444340505146 0.030000000000000002
1 0.38868101028999064 0.195 0.01216089803554724 0.02666666666666667
1 0.4186155285313377 0.21500000000000002 0.015902712815715623 0.03333333333333333
1 0.4485500467726848 0.21583333333333335 0.015902712815715623 0.04166666666666667
1 0.4354536950420954 0.2725 0.021515434985968196 0.05166666666666667
1 0.4695977549111319 0.24416666666666667 0.018709073900841908 0.045000000000000005
1 0.4840972871842844 0.29083333333333333 0.019644527595884004 0.05166666666666667
1 0.34190832553788586 0.21666666666666667 0.015902712815715623 0.03333333333333333
1 0.3545369504209542 0.22916666666666669 0.01683816651075772 0.025
1 0.3685687558465856 0.24583333333333335 0.018709073900841908 0.03166666666666667
1 0.3423760523854069 0.2791666666666667 0.014967259120673527 0.03833333333333334
1 0.3283442469597755 0.26416666666666666 0.01683816651075772 0.04166666666666667
1 0.3105706267539757 0.2391666666666667 0.013096351730589336 0.025
1 0.3030869971936389 0.2541666666666667 0.01683816651075772 0.03166666666666667
1 0.25724976613657624 0.2816666666666667 0.013096351730589336 0.023333333333333334
1 0.2792329279700655 0.2725 0.01403180542563143 0.025
1 0.05940130963517306 0.5116666666666667 0.04583723105706267 0.10666666666666667
1 0.8129092609915809 0.13333333333333333 0.009354536950420954 0.02
