1 0.04368471035137702 0.4116666666666667 0.032288698955365625 0.06333333333333334
1 0.258309591642925 0.29250000000000004 0.017094017094017096 0.028333333333333335
1 0.2905982905982906 0.27 0.015194681861348529 0.03333333333333333
1 0.30341880341880345 0.26416666666666666 0.01804368471035138 0.03833333333333334
1 0.30721747388414056 0.29583333333333334 0.02184235517568851 0.03166666666666667
1 0.3214624881291548 0.2275 0.014245014245014245 0.028333333333333335
1 0.3442545109211776 0.2225 0.016144349477682812 0.03166666666666667
1 0.34093067426400764 0.29750000000000004 0.018993352326685663 0.03833333333333334
1 0.3660968660968661 0.22416666666666668 0.016144349477682812 0.035
1 0.3812915479582146 0.23583333333333334 0.016144349477682812 0.028333333333333335
1 0.4002849002849003 0.30833333333333335 0.023741690408357077 0.04666666666666667
1 0.4173789173789174 0.22833333333333336 0.016144349477682812 0.03666666666666667
1 0.43019943019943024 0.24750000000000003 0.017094017094017096 0.03833333333333334
1 0.39078822412155745 0.2041666666666667 0.014245014245014245 0.028333333333333335
1 0.4017094017094017 0.21166666666666667 0.013295346628679962 0.02666666666666667
1 0.409306742640076 0.18250000000000002 0.015194681861348529 0.028333333333333335
1 0.42592592592592593 0.19333333333333336 0.014245014245014245 0.03333333333333333
1 0.44112060778727447 0.20500000000000002 0.01804368471035138 0.03333333333333333
1 0.4658119658119658 0.21000000000000002 0.01804368471035138 0.03333333333333333
1 0.45109211775878444 0.15166666666666667 0.011396011396011397 0.02666666666666667
1 0.4577397910731244 0.1675 0.013295346628679962 0.03166666666666667
1 0.47768281101614435 0.17416666666666666 0.013295346628679962 0.03166666666666667
1 0.47483380816714155 0.16083333333333336 0.011396011396011397 0.03166666666666667
1 0.48433048433048437 0.23833333333333334 0.018993352326685663 0.04
1 0.48433048433048437 0.21000000000000002 0.013295346628679962 0.030000000000000002
1 0.4938271604938272 0.29583333333333334 0.02469135802469136 0.058333333333333334
1 0.5370370370370371 0.14416666666666667 0.01234567901234568 0.025
1 0.5745489078822412 0.11666666666666667 0.011396011396011397 0.023333333333333334
1 0.5783475783475783 0.1675 0.015194681861348529 0.03166666666666667
1 0.5550807217473884 0.16416666666666668 0.016144349477682812 0.035
1 0.5408357075023742 0.20500000000000002 0.01804368471035138 0.030000000000000002
1 0.4862298195631529 0.14583333333333334 0.009496676163342831 0.021666666666666667
1 0.51994301994302 0.16083333333333336 0.01234567901234568 0.025
1 0.5660018993352327 0.2516666666666667 0.020892687559354226 0.043333333333333335
1 0.5631528964862298 0.30250000000000005 0.022792022792022793 0.055
1 0.6068376068376069 0.25583333333333336 0.017094017094017096 0.04166666666666667
1 0.6149097815764483 0.22 0.01804368471035138 0.04
1 0.594017094017094 0.15083333333333335 0.01234567901234568 0.03166666666666667
1 0.6058879392212726 0.17083333333333334 0.017094017094017096 0.03833333333333334
1 0.5982905982905983 0.10750000000000001 0.013295346628679962 0.028333333333333335
1 0.6210826210826211 0.10750000000000001 0.011396011396011397 0.021666666666666667
1 0.617283950617284 0.12333333333333334 0.011396011396011397 0.02666666666666667
1 0.6429249762583096 0.11166666666666668 0.013295346628679962 0.02666666666666667
1 0.6386514719848053 0.13166666666666668 0.01234567901234568 0.02666666666666667
1 0.6481481481481481 0.18500000000000003 0.01804368471035138 0.03666666666666667
1 0.6756885090218424 0.12666666666666668 0.010446343779677113 0.02666666666666667
1 0.7003798670465338 0.10416666666666667 0.01234567901234568 0.03166666666666667
1 0.7160493827160495 0.14666666666666667 0.013295346628679962 0.03333333333333333
1 0.7521367521367521 0.10666666666666667 0.011396011396011397 0.02666666666666667
1 0.7464387464387465 0.12333333333333334 0.011396011396011397 0.030000000000000002
1 0.7355175688509022 0.16666666666666669 0.014245014245014245 0.03666666666666667
1 0.7901234567901235 0.12000000000000001 0.009496676163342831 0.02666666666666667
1 0.8053181386514721 0.1391666666666667 0.009496676163342831 0.028333333333333335
1 0.8798670465337133 0.13583333333333333 0.010446343779677113 0.025
1 0.9069325735992403 0.1325 0.009496676163342831 0.025
1 0.9387464387464388 0.155 0.01234567901234568 0.030000000000000002
1 0.875593542260209 0.15416666666666667 0.013295346628679962 0.03166666666666667
1 0.8665716999050332 0.16083333333333336 0.016144349477682812 0.03166666666666667
1 0.8371320037986705 0.15416666666666667 0.016144349477682812 0.03166666666666667
1 0.828584995251662 0.16666666666666669 0.01234567901234568 0.03333333333333333
1 0.9012345679012346 0.18833333333333335 0.013295346628679962 0.03333333333333333
1 0.8869895536562203 0.20833333333333334 0.015194681861348529 0.03333333333333333
1 0.8774928774928775 0.2366666666666667 0.017094017094017096 0.04
1 0.8513770180436847 0.19583333333333336 0.016144349477682812 0.04166666666666667
1 0.9320987654320988 0.2725 0.01804368471035138 0.04833333333333334
1 0.7777777777777778 0.2833333333333333 0.02469135802469136 0.04666666666666667
1 0.8005698005698006 0.1925 0.015194681861348529 0.03833333333333334
1 0.768281101614435 0.2325 0.020892687559354226 0.045000000000000005
1 0.7730294396961064 0.14416666666666667 0.013295346628679962 0.025
1 0.7659069325735993 0.17083333333333334 0.01804368471035138 0.03166666666666667
1 0.7488129154795822 0.18916666666666668 0.01804368471035138 0.03833333333333334
1 0.6828110161443495 0.24750000000000003 0.018993352326685663 0.04166666666666667
1 0.6737891737891738 0.21083333333333334 0.016144349477682812 0.035
1 0.704653371320038 0.22666666666666668 0.020892687559354226 0.04666666666666667
1 0.7160493827160495 0.29000000000000004 0.02469135802469136 0.05
1 0.6904083570750238 0.165 0.017094017094017096 0.030000000000000002
1 0.6011396011396012 0.3766666666666667 0.02849002849002849 0.04666666666666667
1 0.6714150047483382 0.3566666666666667 0.030389363722697058 0.07
1 0.8214624881291548 0.12833333333333335 0.011396011396011397 0.02666666666666667
