1 0.134375 0.4066666666666667 0.04625 0.07
1 0.458125 0.5241666666666667 0.03875 0.058333333333333334
1 0.476875 0.545 0.03625 0.060000000000000005
1 0.4975 0.5583333333333333 0.04 0.07
1 0.556875 0.5241666666666667 0.03125 0.05166666666666667
1 0.573125 0.5625 0.03625 0.06833333333333334
1 0.586875 0.515 0.02375 0.05
1 0.6075 0.515 0.025 0.05333333333333334
1 0.626875 0.5175000000000001 0.02375 0.04833333333333334
1 0.64875 0.5783333333333334 0.04 0.07666666666666667
1 0.675625 0.5725 0.043750000000000004 0.08833333333333333
1 0.723125 0.545 0.03625 0.07
1 0.7731250000000001 0.55 0.04625 0.07666666666666667
1 0.844375 0.5491666666666667 0.06875 0.095
1 0.92 0.5075000000000001 0.0575 0.07833333333333334
1 0.9712500000000001 0.535 0.05 0.10333333333333335
1 0.92125 0.45583333333333337 0.03 0.04166666666666667
1 0.95625 0.4291666666666667 0.0325 0.045000000000000005
1 0.98 0.44 0.0275 0.05
1 0.8612500000000001 0.44583333333333336 0.0275 0.045000000000000005
1 0.851875 0.48333333333333334 0.02875 0.04666666666666667
1 0.8025 0.5 0.0375 0.05333333333333334
1 0.77875 0.5066666666666667 0.0275 0.04666666666666667
1 0.7425 0.48333333333333334 0.03 0.04666666666666667
1 0.72375 0.49333333333333335 0.0375 0.05666666666666667
1 0.69875 0.5 0.0275 0.05
1 0.668125 0.5108333333333334 0.03375 0.05166666666666667
1 0.650625 0.5141666666666667 0.02375 0.058333333333333334
