1 0.06896551724137931 0.41778523489932884 0.04100652376514445 0.08053691275167785
1 0.2595526561043802 0.2810402684563758 0.021435228331780055 0.04530201342281879
1 0.28285181733457593 0.26929530201342283 0.021435228331780055 0.03859060402684564
1 0.29916123019571295 0.25922818791946306 0.022367194780987885 0.03859060402684564
1 0.3196644920782852 0.2197986577181208 0.020503261882572225 0.03691275167785235
1 0.34389561975768873 0.21392617449664428 0.016775396085740912 0.03859060402684564
1 0.33923578751164957 0.2810402684563758 0.01863932898415657 0.03523489932885906
1 0.34808946877912395 0.25167785234899326 0.015843429636533086 0.03355704697986577
1 0.37092264678471576 0.22818791946308725 0.024231127679403542 0.040268456375838924
1 0.3825722273998136 0.20134228187919462 0.0195712954333644 0.03691275167785235
1 0.41845293569431496 0.2197986577181208 0.01863932898415657 0.03691275167785235
1 0.4426840633737185 0.22315436241610737 0.022367194780987885 0.0436241610738255
1 0.434762348555452 0.26929530201342283 0.02516309412861137 0.04865771812080537
1 0.4878844361602982 0.2953020134228188 0.027027027027027025 0.060402684563758385
1 0.4972041006523765 0.2273489932885906 0.023299161230195712 0.04530201342281879
1 0.4091332712022367 0.1686241610738255 0.0130475302889096 0.03523489932885906
1 0.42637465051258155 0.18036912751677853 0.015843429636533086 0.03859060402684564
1 0.4645852749301025 0.19966442953020133 0.023299161230195712 0.03691275167785235
1 0.4515377446411929 0.17197986577181207 0.015843429636533086 0.028523489932885907
1 0.45293569431500463 0.1442953020134228 0.01863932898415657 0.030201342281879193
1 0.472506989748369 0.1442953020134228 0.014911463187325256 0.030201342281879193
1 0.47809878844361603 0.16442953020134227 0.016775396085740912 0.03355704697986577
1 0.5041938490214352 0.1686241610738255 0.016775396085740912 0.04194630872483222
1 0.516309412861137 0.18708053691275167 0.01863932898415657 0.03523489932885906
1 0.5465983224603914 0.1912751677852349 0.021435228331780055 0.040268456375838924
1 0.5465983224603914 0.15771812080536912 0.017707362534948742 0.03355704697986577
1 0.5526561043802423 0.13590604026845637 0.01863932898415657 0.03691275167785235
1 0.5265610438024231 0.13003355704697986 0.01863932898415657 0.03859060402684564
1 0.4897483690587139 0.13087248322147652 0.015843429636533086 0.030201342281879193
1 0.5843429636533085 0.15436241610738255 0.020503261882572225 0.03691275167785235
1 0.5717614165890028 0.10570469798657718 0.012115563839701771 0.026845637583892617
1 0.6216216216216216 0.1401006711409396 0.016775396085740912 0.031879194630872486
1 0.630009319664492 0.12416107382550336 0.0130475302889096 0.02348993288590604
1 0.6402609506057781 0.1023489932885906 0.014911463187325256 0.030201342281879193
1 0.6155638397017708 0.09815436241610738 0.012115563839701771 0.025167785234899327
1 0.5945945945945946 0.11241610738255034 0.0130475302889096 0.030201342281879193
1 0.6891891891891891 0.09563758389261745 0.017707362534948742 0.030201342281879193
1 0.6705498602050326 0.11996644295302013 0.017707362534948742 0.031879194630872486
1 0.7059645852749301 0.13087248322147652 0.017707362534948742 0.03355704697986577
1 0.6873252562907735 0.1342281879194631 0.013979496738117428 0.03355704697986577
1 0.6505125815470643 0.17281879194630873 0.020503261882572225 0.0436241610738255
1 0.6090400745573159 0.2181208053691275 0.021435228331780055 0.05704697986577181
1 0.6043802423112767 0.2726510067114094 0.03075489282385834 0.05536912751677852
1 0.5577819198508853 0.2919463087248322 0.02889095992544268 0.060402684563758385
1 0.5619757688723206 0.25419463087248323 0.03168685927306617 0.06208053691275168
1 0.6001863932898416 0.3397651006711409 0.02982292637465051 0.06543624161073826
1 0.6677539608574091 0.34312080536912754 0.034482758620689655 0.07550335570469799
1 0.6766076421248834 0.23825503355704697 0.0260950605778192 0.05704697986577181
1 0.6500465983224604 0.22399328859060402 0.02889095992544268 0.05536912751677852
1 0.6891891891891891 0.1761744966442953 0.0195712954333644 0.03691275167785235
1 0.700838769804287 0.21140939597315436 0.027958993476234855 0.053691275167785234
1 0.7078285181733457 0.287751677852349 0.02516309412861137 0.0587248322147651
1 0.7791239515377446 0.28439597315436244 0.033550792171481825 0.06543624161073826
1 0.7493010251630942 0.23741610738255034 0.022367194780987885 0.05201342281879195
1 0.7437092264678471 0.18540268456375839 0.01863932898415657 0.04865771812080537
1 0.7320596458527493 0.1568791946308725 0.023299161230195712 0.04865771812080537
1 0.7469711090400746 0.1401006711409396 0.017707362534948742 0.03523489932885906
1 0.7614165890027959 0.16526845637583892 0.01863932898415657 0.04530201342281879
1 0.7357875116495806 0.10906040268456375 0.017707362534948742 0.040268456375838924
1 0.7567567567567567 0.12332214765100671 0.0130475302889096 0.028523489932885907
1 0.7572227399813607 0.1023489932885906 0.017707362534948742 0.03355704697986577
1 0.7884436160298229 0.11828859060402684 0.014911463187325256 0.03859060402684564
1 0.7954333643988816 0.13087248322147652 0.013979496738117428 0.03691275167785235
1 0.809878844361603 0.1535234899328859 0.016775396085740912 0.031879194630872486
1 0.8094128611369991 0.12248322147651007 0.012115563839701771 0.03355704697986577
1 0.8247903075489282 0.1342281879194631 0.014911463187325256 0.0436241610738255
1 0.7977632805219012 0.1820469798657718 0.020503261882572225 0.04530201342281879
1 0.8462255358807083 0.19546979865771813 0.01863932898415657 0.05536912751677852
1 0.84762348555452 0.1493288590604027 0.015843429636533086 0.03355704697986577
1 0.863932898415657 0.1459731543624161 0.016775396085740912 0.040268456375838924
1 0.8643988816402609 0.11996644295302013 0.013979496738117428 0.03523489932885906
1 0.8667287977632805 0.21644295302013422 0.022367194780987885 0.0436241610738255
1 0.8732525629077353 0.19798657718120805 0.020503261882572225 0.0436241610738255
1 0.8900279589934762 0.17197986577181207 0.014911463187325256 0.03523489932885906
1 0.8928238583410997 0.12164429530201341 0.016775396085740912 0.03859060402684564
1 0.929170549860205 0.16442953020134227 0.01863932898415657 0.040268456375838924
1 0.9268406337371854 0.27348993288590606 0.02889095992544268 0.060402684563758385
