1 0.108 0.6246246246246246 0.048 0.07207207207207207
1 0.061 0.5765765765765766 0.038 0.04804804804804805
1 0.113 0.575075075075075 0.034 0.04504504504504504
1 0.181 0.5555555555555556 0.03 0.04204204204204204
1 0.198 0.6291291291291291 0.044 0.07507507507507508
1 0.17500000000000002 0.8153153153153153 0.082 0.12912912912912913
1 0.249 0.5915915915915916 0.038 0.06606606606606606
1 0.226 0.56006006006006 0.028 0.03903903903903904
1 0.256 0.545045045045045 0.024 0.04504504504504504
1 0.304 0.5555555555555556 0.028 0.04204204204204204
1 0.328 0.6171171171171171 0.036000000000000004 0.06906906906906907
1 0.373 0.5780780780780781 0.034 0.05105105105105105
1 0.433 0.6846846846846847 0.062 0.10810810810810811
1 0.439 0.5855855855855856 0.034 0.05405405405405406
1 0.454 0.5540540540540541 0.028 0.04504504504504504
1 0.522 0.5645645645645646 0.028 0.036036036036036036
1 0.462 0.44294294294294295 0.028 0.04504504504504504
1 0.548 0.6936936936936937 0.064 0.12012012012012012
1 0.582 0.6276276276276276 0.048 0.08408408408408408
1 0.7020000000000001 0.6351351351351351 0.052000000000000005 0.08108108108108109
1 0.6980000000000001 0.5930930930930931 0.04 0.05105105105105105
1 0.722 0.5705705705705706 0.028 0.05405405405405406
1 0.767 0.6006006006006006 0.042 0.06606606606606606
1 0.81 0.575075075075075 0.032 0.057057057057057055
