1 0.3101114649681529 0.25702247191011235 0.016719745222929936 0.03651685393258427
1 0.3351910828025478 0.22191011235955055 0.012738853503184714 0.028089887640449437
1 0.3463375796178344 0.22331460674157302 0.01592356687898089 0.033707865168539325
1 0.35071656050955413 0.27247191011235955 0.016719745222929936 0.033707865168539325
1 0.3781847133757962 0.20154494382022473 0.014331210191082803 0.03230337078651685
1 0.3921178343949045 0.199438202247191 0.016719745222929936 0.033707865168539325
1 0.41361464968152867 0.2247191011235955 0.019904458598726117 0.03651685393258427
1 0.4048566878980892 0.2907303370786517 0.021496815286624206 0.03651685393258427
1 0.4840764331210191 0.2169943820224719 0.02070063694267516 0.04073033707865169
1 0.46098726114649685 0.16362359550561797 0.01592356687898089 0.02949438202247191
1 0.5127388535031847 0.15168539325842695 0.012738853503184714 0.025280898876404494
1 0.5378184713375797 0.16362359550561797 0.016719745222929936 0.02949438202247191
1 0.5187101910828026 0.19382022471910113 0.016719745222929936 0.033707865168539325
1 0.49800955414012743 0.29002808988764045 0.021496815286624206 0.04073033707865169
1 0.5621019108280255 0.30407303370786515 0.027070063694267517 0.05196629213483146
1 0.5740445859872612 0.2268258426966292 0.02070063694267516 0.043539325842696625
1 0.6003184713375797 0.2443820224719101 0.02229299363057325 0.042134831460674156
1 0.5704617834394905 0.16643258426966293 0.015127388535031847 0.026685393258426966
1 0.5820063694267517 0.1544943820224719 0.014331210191082803 0.025280898876404494
1 0.5636942675159236 0.1425561797752809 0.014331210191082803 0.02949438202247191
1 0.6062898089171975 0.10323033707865169 0.013535031847133758 0.026685393258426966
1 0.6449044585987261 0.17556179775280897 0.019108280254777073 0.03932584269662921
1 0.6783439490445861 0.1544943820224719 0.01592356687898089 0.03089887640449438
1 0.6556528662420382 0.21348314606741572 0.018312101910828025 0.03651685393258427
1 0.6457006369426752 0.2654494382022472 0.02229299363057325 0.05056179775280899
1 0.6488853503184714 0.3532303370786517 0.030254777070063694 0.06320224719101124
1 0.7093949044585988 0.26825842696629215 0.02388535031847134 0.05056179775280899
1 0.7563694267515924 0.3658707865168539 0.025477707006369428 0.0547752808988764
1 0.8463375796178344 0.2872191011235955 0.02388535031847134 0.046348314606741575
1 0.7734872611464969 0.29845505617977525 0.021496815286624206 0.046348314606741575
1 0.8077229299363058 0.23735955056179775 0.019904458598726117 0.047752808988764044
1 0.7496019108280255 0.2226123595505618 0.019904458598726117 0.03792134831460674
1 0.7046178343949044 0.2226123595505618 0.01751592356687898 0.03792134831460674
1 0.7241242038216561 0.1896067415730337 0.018312101910828025 0.033707865168539325
1 0.7579617834394905 0.1818820224719101 0.014331210191082803 0.03230337078651685
1 0.7679140127388535 0.20294943820224717 0.019904458598726117 0.043539325842696625
1 0.7695063694267517 0.13132022471910113 0.013535031847133758 0.02949438202247191
1 0.8017515923566879 0.13202247191011235 0.014331210191082803 0.03089887640449438
1 0.8535031847133758 0.15098314606741572 0.014331210191082803 0.03792134831460674
1 0.839968152866242 0.1896067415730337 0.01751592356687898 0.03932584269662921
1 0.8849522292993631 0.19241573033707865 0.015127388535031847 0.042134831460674156
1 0.9096337579617835 0.2598314606741573 0.021496815286624206 0.05337078651685393
1 0.8539012738853503 0.2521067415730337 0.019904458598726117 0.03792134831460674
1 0.8690286624203822 0.24367977528089887 0.015127388535031847 0.026685393258426966
1 0.819267515923567 0.22401685393258428 0.01751592356687898 0.0351123595505618
1 0.8160828025477708 0.18820224719101122 0.01751592356687898 0.03089887640449438
1 0.045382165605095545 0.3026685393258427 0.007961783439490446 0.018258426966292134
