1 0.10476190476190476 0.31527093596059114 0.022857142857142857 0.03940886699507389
1 0.2038095238095238 0.4006568144499179 0.03619047619047619 0.06896551724137931
1 0.2761904761904762 0.24220032840722494 0.015238095238095238 0.027914614121510674
1 0.31523809523809526 0.23563218390804597 0.017142857142857144 0.034482758620689655
1 0.3 0.2520525451559934 0.02095238095238095 0.047619047619047616
1 0.3466666666666667 0.21839080459770113 0.015238095238095238 0.026272577996715927
1 0.36666666666666664 0.2019704433497537 0.01904761904761905 0.03284072249589491
1 0.38571428571428573 0.2077175697865353 0.01904761904761905 0.034482758620689655
1 0.3676190476190476 0.2619047619047619 0.02095238095238095 0.03776683087027914
1 0.38761904761904764 0.2627257799671593 0.01904761904761905 0.0361247947454844
1 0.4142857142857143 0.19376026272577995 0.01904761904761905 0.03284072249589491
1 0.4604761904761905 0.17323481116584563 0.02 0.034482758620689655
1 0.45285714285714285 0.19129720853858784 0.018095238095238095 0.027914614121510674
1 0.439047619047619 0.24220032840722494 0.01904761904761905 0.034482758620689655
1 0.4738095238095238 0.2405582922824302 0.023809523809523808 0.041050903119868636
1 0.5104761904761905 0.1954022988505747 0.02095238095238095 0.04269293924466338
1 0.5733333333333334 0.12889983579638753 0.013333333333333332 0.027914614121510674
1 0.5447619047619048 0.1683087027914614 0.02095238095238095 0.034482758620689655
1 0.5366666666666666 0.2134646962233169 0.02 0.0361247947454844
1 0.6033333333333334 0.12725779967159276 0.01619047619047619 0.02463054187192118
1 0.4990476190476191 0.3111658456486043 0.022857142857142857 0.05090311986863711
1 0.5504761904761905 0.32101806239737274 0.02857142857142857 0.0541871921182266
1 0.6223809523809524 0.3333333333333333 0.02761904761904762 0.04926108374384236
1 0.6014285714285714 0.17487684729064037 0.025714285714285714 0.04433497536945813
1 0.5904761904761905 0.22495894909688013 0.02095238095238095 0.04597701149425287
1 0.6166666666666667 0.2717569786535304 0.025714285714285714 0.05747126436781609
1 0.6247619047619047 0.22413793103448276 0.02095238095238095 0.04433497536945813
1 0.6533333333333333 0.12725779967159276 0.015238095238095238 0.027914614121510674
1 0.6204761904761905 0.12807881773399013 0.02 0.029556650246305417
1 0.6309523809523809 0.16338259441707717 0.02 0.041050903119868636
1 0.6971428571428572 0.1535303776683087 0.02095238095238095 0.034482758620689655
1 0.7033333333333334 0.1978653530377668 0.023809523809523808 0.047619047619047616
1 0.6780952380952381 0.22495894909688013 0.024761904761904763 0.04597701149425287
1 0.68 0.26354679802955666 0.024761904761904763 0.04433497536945813
1 0.6814285714285714 0.19458128078817732 0.021904761904761906 0.03776683087027914
1 0.7223809523809523 0.15106732348111657 0.02 0.0361247947454844
1 0.7314285714285714 0.180623973727422 0.02095238095238095 0.04269293924466338
1 0.7847619047619048 0.13628899835796388 0.015238095238095238 0.03940886699507389
1 0.7485714285714286 0.14367816091954022 0.017142857142857144 0.041050903119868636
1 0.7523809523809524 0.19950738916256158 0.01904761904761905 0.034482758620689655
1 0.7771428571428571 0.1781609195402299 0.01904761904761905 0.034482758620689655
1 0.7242857142857143 0.2881773399014778 0.025714285714285714 0.0541871921182266
1 0.7185714285714285 0.2315270935960591 0.025714285714285714 0.04269293924466338
1 0.7776190476190477 0.25862068965517243 0.023809523809523808 0.04433497536945813
1 0.8476190476190476 0.3448275862068965 0.024761904761904763 0.05582922824302135
1 0.7828571428571428 0.22824302134646962 0.022857142857142857 0.0361247947454844
1 0.7961904761904762 0.20607553366174056 0.02095238095238095 0.04433497536945813
1 0.8 0.1625615763546798 0.01904761904761905 0.04597701149425287
1 0.8366666666666667 0.14039408866995073 0.01619047619047619 0.034482758620689655
1 0.8157142857142857 0.1863711001642036 0.01619047619047619 0.031198686371100164
1 0.8723809523809524 0.17323481116584563 0.01904761904761905 0.027914614121510674
1 0.8495238095238096 0.20361247947454844 0.02095238095238095 0.0361247947454844
1 0.8728571428571429 0.26108374384236455 0.021904761904761906 0.04926108374384236
1 0.91 0.15517241379310345 0.014285714285714285 0.027914614121510674
1 0.9 0.20361247947454844 0.011428571428571429 0.03284072249589491
1 0.9042857142857142 0.1781609195402299 0.018095238095238095 0.02134646962233169
1 0.9376190476190476 0.2372742200328407 0.01619047619047619 0.04433497536945813
1 0.9323809523809524 0.2857142857142857 0.01904761904761905 0.03940886699507389
1 0.5671428571428572 0.16091954022988506 0.018095238095238095 0.0361247947454844
1 0.5895238095238096 0.15845648604269294 0.02857142857142857 0.031198686371100164
1 0.5042857142857143 0.16174055829228243 0.021904761904761906 0.034482758620689655
1 0.4785714285714286 0.19950738916256158 0.025714285714285714 0.03776683087027914
