1 0.07115869017632241 0.47101449275362317 0.07682619647355164 0.14492753623188406
1 0.06423173803526448 0.7850241545893719 0.12594458438287154 0.36231884057971014
1 0.014483627204030226 0.2632850241545894 0.02392947103274559 0.10144927536231883
1 0.1026448362720403 0.36714975845410625 0.06423173803526448 0.13043478260869565
1 0.1530226700251889 0.36231884057971014 0.0491183879093199 0.13526570048309178
1 0.2518891687657431 0.30314009661835745 0.030226700251889168 0.09420289855072464
1 0.3608312342569269 0.24879227053140096 0.02896725440806045 0.05797101449275362
1 0.3646095717884131 0.3695652173913043 0.04659949622166247 0.0966183574879227
1 0.6316120906801007 0.33091787439613524 0.04408060453400504 0.07246376811594203
1 0.6958438287153652 0.3973429951690821 0.06171284634760705 0.11835748792270531
1 0.7877833753148614 0.3357487922705314 0.04408060453400504 0.10144927536231883
1 0.9540302267002518 0.358695652173913 0.06423173803526448 0.11835748792270531
1 0.6397984886649873 0.6557971014492753 0.1158690176322418 0.22946859903381642
