1 0.032 0.5243506493506493 0.044 0.10714285714285715
1 0.045 0.4837662337662338 0.046 0.09090909090909091
1 0.121 0.4983766233766234 0.05 0.08766233766233766
1 0.152 0.5308441558441559 0.07200000000000001 0.10714285714285715
1 0.23 0.48863636363636365 0.04 0.07467532467532469
1 0.28800000000000003 0.5 0.044 0.07792207792207792
1 0.337 0.45941558441558444 0.05 0.07467532467532469
1 0.425 0.3733766233766234 0.042 0.09090909090909091
1 0.738 0.5503246753246753 0.06 0.12662337662337664
1 0.799 0.6055194805194806 0.10200000000000001 0.1590909090909091
1 0.873 0.801948051948052 0.19 0.3181818181818182
1 0.967 0.5762987012987013 0.066 0.12012987012987014
1 0.9470000000000001 0.5146103896103896 0.054 0.09415584415584416
1 0.853 0.512987012987013 0.05 0.08441558441558442
1 0.875 0.48701298701298706 0.054 0.09740259740259741
1 0.757 0.47889610389610393 0.054 0.08116883116883117
