1 0.19551282051282054 0.44751908396946566 0.04487179487179488 0.08206106870229007
1 0.05715811965811966 0.24427480916030533 0.018162393162393164 0.03435114503816794
1 0.04807692307692308 0.2643129770992366 0.017094017094017096 0.03244274809160305
1 0.09241452991452992 0.22996183206106868 0.016025641025641028 0.03244274809160305
1 0.10096153846153848 0.24427480916030533 0.016025641025641028 0.04198473282442748
1 0.2954059829059829 0.22614503816793893 0.02243589743589744 0.03244274809160305
1 0.6127136752136753 0.10591603053435114 0.01388888888888889 0.03244274809160305
1 0.5817307692307693 0.11068702290076335 0.016025641025641028 0.030534351145038167
1 0.5726495726495727 0.125 0.021367521367521368 0.03244274809160305
1 0.6522435897435898 0.1049618320610687 0.01388888888888889 0.022900763358778626
1 0.6810897435897436 0.10973282442748092 0.01388888888888889 0.02480916030534351
1 0.4348290598290599 0.17461832061068702 0.019230769230769232 0.02862595419847328
1 0.47222222222222227 0.15553435114503816 0.017094017094017096 0.04007633587786259
1 0.3285256410256411 0.18893129770992365 0.018162393162393164 0.03435114503816794
1 0.3547008547008547 0.19751908396946563 0.019230769230769232 0.03244274809160305
1 0.3792735042735043 0.19942748091603052 0.021367521367521368 0.04389312977099236
1 0.40651709401709407 0.19083969465648853 0.02243589743589744 0.03816793893129771
1 0.49091880341880345 0.13931297709923662 0.0202991452991453 0.04198473282442748
1 0.5219017094017094 0.07347328244274809 0.018162393162393164 0.02480916030534351
1 0.3317307692307693 0.24141221374045801 0.028846153846153848 0.03625954198473282
1 0.3616452991452992 0.24045801526717556 0.0202991452991453 0.030534351145038167
1 0.5117521367521368 0.15171755725190839 0.017094017094017096 0.04389312977099236
1 0.5256410256410257 0.13263358778625953 0.019230769230769232 0.04007633587786259
1 0.38354700854700857 0.24904580152671754 0.019230769230769232 0.03244274809160305
1 0.4246794871794872 0.25190839694656486 0.02670940170940171 0.03816793893129771
1 0.48557692307692313 0.20229007633587787 0.0202991452991453 0.04198473282442748
1 0.5486111111111112 0.14694656488549618 0.018162393162393164 0.03816793893129771
1 0.4919871794871795 0.25 0.024572649572649576 0.04961832061068702
1 0.5363247863247864 0.20229007633587787 0.023504273504273508 0.04198473282442748
1 0.5822649572649573 0.17080152671755724 0.01495726495726496 0.03625954198473282
1 0.6330128205128206 0.14885496183206107 0.016025641025641028 0.03816793893129771
1 0.5721153846153847 0.26717557251908397 0.02243589743589744 0.04580152671755725
1 0.7040598290598291 0.10973282442748092 0.01495726495726496 0.04007633587786259
1 0.6698717948717949 0.18034351145038166 0.019230769230769232 0.03625954198473282
1 0.6196581196581197 0.21087786259541985 0.023504273504273508 0.04007633587786259
1 0.6159188034188035 0.2881679389312977 0.02670940170940171 0.05725190839694656
1 0.6485042735042735 0.3368320610687023 0.03418803418803419 0.06297709923664122
1 0.6746794871794872 0.2814885496183206 0.02243589743589744 0.047709923664122134
1 0.5993589743589745 0.23377862595419846 0.023504273504273508 0.047709923664122134
1 0.701388888888889 0.19561068702290074 0.024572649572649576 0.04389312977099236
1 0.7088675213675214 0.15935114503816794 0.016025641025641028 0.03625954198473282
1 0.7569444444444445 0.13454198473282442 0.0202991452991453 0.03625954198473282
1 0.7900641025641026 0.1383587786259542 0.01388888888888889 0.04007633587786259
1 0.8066239316239318 0.15171755725190839 0.01495726495726496 0.03625954198473282
1 0.7516025641025642 0.20229007633587787 0.0202991452991453 0.03435114503816794
1 0.7131410256410257 0.24713740458015265 0.02670940170940171 0.047709923664122134
1 0.764957264957265 0.25 0.023504273504273508 0.04198473282442748
1 0.8012820512820513 0.21946564885496184 0.021367521367521368 0.03816793893129771
1 0.8130341880341881 0.26526717557251905 0.019230769230769232 0.03816793893129771
1 0.7564102564102565 0.3101145038167939 0.02991452991452992 0.055343511450381674
1 0.748397435897436 0.3883587786259542 0.028846153846153848 0.059160305343511445
1 0.8231837606837608 0.3969465648854962 0.02670940170940171 0.06870229007633588
1 0.9107905982905984 0.10782442748091603 0.018162393162393164 0.04389312977099236
1 0.935897435897436 0.2280534351145038 0.01495726495726496 0.047709923664122134
1 0.8835470085470086 0.24045801526717556 0.017094017094017096 0.04198473282442748
1 0.8643162393162394 0.28053435114503816 0.023504273504273508 0.04961832061068702
1 0.9273504273504275 0.3062977099236641 0.019230769230769232 0.051526717557251904
1 0.8360042735042736 0.3110687022900763 0.024572649572649576 0.05343511450381679
1 0.9113247863247864 0.34923664122137404 0.023504273504273508 0.05343511450381679
1 0.8974358974358976 0.4131679389312977 0.032051282051282055 0.0782442748091603
1 0.30982905982905984 0.23473282442748092 0.017094017094017096 0.030534351145038167
1 0.4492521367521368 0.15076335877862596 0.016025641025641028 0.03435114503816794
1 0.7441239316239316 0.17366412213740456 0.018162393162393164 0.030534351145038167
1 0.6570512820512822 0.1383587786259542 0.012820512820512822 0.02480916030534351
1 0.6917735042735044 0.11736641221374046 0.01388888888888889 0.02862595419847328
1 0.4289529914529915 0.1479007633587786 0.016025641025641028 0.02480916030534351
1 0.5961538461538463 0.14217557251908397 0.021367521367521368 0.04389312977099236
1 0.45299145299145305 0.22519083969465647 0.023504273504273508 0.04580152671755725
