1 0.3887755102040817 0.5036166365280289 0.0653061224489796 0.12839059674502712
1 0.2535714285714286 0.3960216998191682 0.056122448979591844 0.11211573236889692
1 0.2295918367346939 0.162748643761302 0.014285714285714287 0.028933092224231464
1 0.40510204081632656 0.20343580470162748 0.0163265306122449 0.034358047016274866
1 0.4357142857142858 0.20524412296564196 0.014285714285714287 0.03074141048824593
1 0.45051020408163267 0.22965641952983723 0.017346938775510204 0.0433996383363472
1 0.4352040816326531 0.2504520795660036 0.01938775510204082 0.0379746835443038
1 0.5719387755102041 0.11301989150090415 0.01326530612244898 0.027124773960216998
1 0.601530612244898 0.10759493670886075 0.01326530612244898 0.023508137432188065
1 0.6336734693877552 0.11844484629294756 0.012244897959183675 0.019891500904159132
1 0.6520408163265307 0.1256781193490054 0.010204081632653062 0.0162748643761302
1 0.6311224489795919 0.23056057866184448 0.02142857142857143 0.05605786618444846
1 0.5801020408163265 0.2513562386980108 0.023469387755102045 0.0433996383363472
