1 0.09183673469387756 0.654639175257732 0.04761904761904762 0.06529209621993128
1 0.2018140589569161 0.6460481099656358 0.036281179138321996 0.061855670103092786
1 0.2675736961451247 0.6494845360824743 0.045351473922902494 0.054982817869415807
1 0.36621315192743764 0.6374570446735395 0.03854875283446712 0.05154639175257732
1 0.445578231292517 0.634020618556701 0.02947845804988662 0.05154639175257732
1 0.526077097505669 0.6305841924398625 0.031746031746031744 0.058419243986254296
1 0.6235827664399093 0.6288659793814433 0.036281179138321996 0.061855670103092786
1 0.7052154195011338 0.6374570446735395 0.036281179138321996 0.07216494845360824
1 0.8095238095238095 0.6357388316151202 0.031746031746031744 0.061855670103092786
1 0.8786848072562359 0.6134020618556701 0.02947845804988662 0.06529209621993128
1 0.17913832199546487 0.8900343642611683 0.08616780045351474 0.10996563573883161
1 0.25170068027210885 0.8298969072164948 0.045351473922902494 0.07903780068728522
1 0.2891156462585034 0.8642611683848798 0.05215419501133787 0.12027491408934708
1 0.3877551020408163 0.9398625429553265 0.09523809523809525 0.12027491408934708
1 0.4308390022675737 0.8298969072164948 0.06349206349206349 0.0859106529209622
1 0.3775510204081633 0.8041237113402062 0.04761904761904762 0.07560137457044673
1 0.35941043083900226 0.865979381443299 0.06575963718820863 0.08247422680412371
1 0.1054421768707483 0.8127147766323024 0.05668934240362812 0.06529209621993128
1 0.12585034013605442 0.8831615120274914 0.05668934240362812 0.10309278350515463
1 0.5158730158730159 0.8642611683848798 0.05668934240362812 0.10652920962199312
1 0.5839002267573696 0.8986254295532646 0.07482993197278912 0.07216494845360824
1 0.6564625850340137 0.7938144329896907 0.04308390022675737 0.07560137457044673
1 0.7233560090702948 0.8213058419243986 0.049886621315192746 0.06872852233676977
1 0.7086167800453514 0.8745704467353952 0.06575963718820863 0.0859106529209622
1 0.790249433106576 0.8900343642611683 0.06575963718820863 0.10996563573883161
1 0.7959183673469388 0.8041237113402062 0.049886621315192746 0.07560137457044673
1 0.8605442176870749 0.8883161512027491 0.06575963718820863 0.12714776632302405
1 0.844671201814059 0.8109965635738832 0.04308390022675737 0.07560137457044673
1 0.9319727891156463 0.8487972508591065 0.049886621315192746 0.08247422680412371
1 0.9160997732426304 0.788659793814433 0.049886621315192746 0.07903780068728522
1 0.9784580498866213 0.8264604810996563 0.034013605442176874 0.12027491408934708
