1 0.22638036809815953 0.3712962962962963 0.11165644171779142 0.1537037037037037
1 0.36625766871165644 0.14537037037037037 0.03803680981595092 0.05740740740740741
1 0.43190184049079755 0.22314814814814815 0.026993865030674847 0.03518518518518519
1 0.43619631901840494 0.20185185185185187 0.018404907975460124 0.037037037037037035
1 0.4251533742331289 0.3314814814814815 0.06257668711656442 0.0962962962962963
1 0.49570552147239266 0.20370370370370372 0.0196319018404908 0.04814814814814815
1 0.5134969325153375 0.20555555555555557 0.02822085889570552 0.044444444444444446
1 0.5828220858895706 0.1962962962962963 0.0294478527607362 0.05555555555555556
1 0.6257668711656442 0.21203703703703705 0.03680981595092025 0.053703703703703705
1 0.6196319018404909 0.287962962962963 0.044171779141104296 0.06851851851851852
1 0.5552147239263804 0.27685185185185185 0.05030674846625767 0.07962962962962963
1 0.7423312883435583 0.375 0.09325153374233129 0.13148148148148148
1 0.6785276073619633 0.7435185185185186 0.19877300613496934 0.35370370370370374
1 0.8177914110429448 0.5722222222222223 0.14601226993865032 0.23333333333333334
1 0.8969325153374234 0.2851851851851852 0.0588957055214724 0.08148148148148149
