1 0.10583333333333333 0.555625 0.04833333333333334 0.08125
1 0.23375 0.56375 0.05583333333333334 0.09
1 0.28708333333333336 0.546875 0.0575 0.09625
1 0.26625000000000004 0.47500000000000003 0.04416666666666667 0.0625
1 0.3566666666666667 0.310625 0.065 0.12125
1 0.48250000000000004 0.385625 0.05166666666666667 0.08875
1 0.4691666666666667 0.501875 0.07500000000000001 0.11875000000000001
1 0.3691666666666667 0.5225 0.060000000000000005 0.09
1 0.44625000000000004 0.528125 0.03916666666666667 0.08375
1 0.58625 0.49375 0.04416666666666667 0.085
1 0.5708333333333334 0.52875 0.04166666666666667 0.0625
1 0.6483333333333334 0.531875 0.07833333333333334 0.13625
1 0.6737500000000001 0.470625 0.04916666666666667 0.09875
1 0.6983333333333334 0.49125 0.030000000000000002 0.065
1 0.8358333333333334 0.483125 0.03166666666666667 0.07375
1 0.8583333333333334 0.4675 0.043333333333333335 0.09
1 0.8845833333333334 0.48625 0.0575 0.1125
1 0.9608333333333334 0.426875 0.07833333333333334 0.16125
