1 0.13725490196078433 0.6606606606606606 0.13333333333333333 0.21021021021021022
1 0.12254901960784313 0.48348348348348347 0.052941176470588235 0.08408408408408408
1 0.2323529411764706 0.44294294294294295 0.03333333333333333 0.057057057057057055
1 0.2754901960784314 0.5180180180180181 0.07254901960784313 0.11711711711711711
1 0.2696078431372549 0.43543543543543545 0.025490196078431372 0.04804804804804805
1 0.30686274509803924 0.43993993993993996 0.029411764705882353 0.05105105105105105
1 0.3235294117647059 0.4144144144144144 0.03137254901960784 0.06006006006006006
1 0.3607843137254902 0.47897897897897895 0.047058823529411764 0.08708708708708708
1 0.3892156862745098 0.45945945945945943 0.029411764705882353 0.06006006006006006
1 0.41274509803921566 0.4369369369369369 0.025490196078431372 0.04504504504504504
1 0.3931372549019608 0.4189189189189189 0.01764705882352941 0.03903903903903904
1 0.4 0.38738738738738737 0.01568627450980392 0.03003003003003003
1 0.4568627450980392 0.38288288288288286 0.0196078431372549 0.02702702702702703
1 0.5274509803921569 0.38288288288288286 0.0196078431372549 0.02702702702702703
1 0.5901960784313726 0.3843843843843844 0.01568627450980392 0.024024024024024024
1 0.55 0.43543543543543545 0.01764705882352941 0.03003003003003003
1 0.5696078431372549 0.4369369369369369 0.025490196078431372 0.03903903903903904
1 0.6078431372549019 0.4369369369369369 0.027450980392156862 0.05105105105105105
1 0.5931372549019608 0.4114114114114114 0.01764705882352941 0.036036036036036036
1 0.6392156862745098 0.42792792792792794 0.0196078431372549 0.03903903903903904
1 0.6745098039215687 0.5135135135135135 0.07058823529411765 0.0960960960960961
1 0.7107843137254902 0.45795795795795796 0.025490196078431372 0.057057057057057055
1 0.6813725490196079 0.4264264264264264 0.01764705882352941 0.04204204204204204
1 0.6686274509803921 0.45045045045045046 0.0196078431372549 0.036036036036036036
1 0.7274509803921568 0.43093093093093093 0.0196078431372549 0.03303303303303303
1 0.7 0.42792792792792794 0.023529411764705882 0.03303303303303303
1 0.7794117647058824 0.509009009009009 0.052941176470588235 0.08108108108108109
1 0.8245098039215686 0.4519519519519519 0.03333333333333333 0.05105105105105105
1 0.8852941176470588 0.7102102102102102 0.14313725490196078 0.2732732732732733
1 0.8911764705882352 0.53003003003003 0.06862745098039216 0.1111111111111111
1 0.9745098039215686 0.45945945945945943 0.027450980392156862 0.05405405405405406
