1 0.0897560975609756 0.31367521367521367 0.023414634146341463 0.042735042735042736
1 0.1546341463414634 0.3854700854700855 0.04390243902439024 0.08034188034188035
1 0.2634146341463415 0.26495726495726496 0.0175609756097561 0.03076923076923077
1 0.27902439024390246 0.26495726495726496 0.0175609756097561 0.037606837606837605
1 0.3517073170731707 0.2512820512820513 0.02048780487804878 0.041025641025641026
1 0.39170731707317075 0.26666666666666666 0.02048780487804878 0.041025641025641026
1 0.37073170731707317 0.19572649572649573 0.015609756097560976 0.03247863247863248
1 0.3980487804878049 0.22735042735042735 0.0175609756097561 0.03418803418803419
1 0.39951219512195124 0.19316239316239317 0.01073170731707317 0.02735042735042735
1 0.4092682926829268 0.20341880341880342 0.012682926829268294 0.02393162393162393
1 0.4092682926829268 0.17863247863247864 0.012682926829268294 0.02564102564102564
1 0.43853658536585366 0.2282051282051282 0.018536585365853658 0.039316239316239315
1 0.4375609756097561 0.20512820512820512 0.018536585365853658 0.03418803418803419
1 0.45170731707317074 0.15555555555555556 0.015609756097560976 0.02735042735042735
1 0.47073170731707314 0.1683760683760684 0.016585365853658537 0.039316239316239315
1 0.4926829268292683 0.19743589743589743 0.0175609756097561 0.035897435897435895
1 0.48341463414634145 0.18376068376068377 0.014634146341463414 0.02905982905982906
1 0.5039024390243902 0.1581196581196581 0.012682926829268294 0.02564102564102564
1 0.5234146341463415 0.1683760683760684 0.016585365853658537 0.02905982905982906
1 0.5273170731707317 0.19658119658119658 0.018536585365853658 0.041025641025641026
1 0.52 0.13504273504273503 0.013658536585365854 0.02735042735042735
1 0.5326829268292683 0.14017094017094017 0.015609756097560976 0.03418803418803419
1 0.5502439024390244 0.1683760683760684 0.0175609756097561 0.03247863247863248
1 0.5673170731707317 0.13931623931623932 0.014634146341463414 0.02905982905982906
1 0.5604878048780488 0.11196581196581197 0.012682926829268294 0.02905982905982906
1 0.5531707317073171 0.07948717948717948 0.015609756097560976 0.022222222222222223
1 0.5946341463414634 0.07435897435897436 0.01073170731707317 0.022222222222222223
1 0.5858536585365853 0.1675213675213675 0.016585365853658537 0.03418803418803419
1 0.584390243902439 0.14188034188034188 0.013658536585365854 0.02393162393162393
1 0.5897560975609756 0.12307692307692308 0.01073170731707317 0.020512820512820513
1 0.5995121951219512 0.1111111111111111 0.01073170731707317 0.02393162393162393
1 0.6209756097560976 0.10512820512820513 0.01073170731707317 0.02564102564102564
1 0.6473170731707317 0.10512820512820513 0.01073170731707317 0.02564102564102564
1 0.6497560975609756 0.13333333333333333 0.013658536585365854 0.02735042735042735
1 0.6560975609756098 0.12136752136752137 0.012682926829268294 0.03076923076923077
1 0.666829268292683 0.11025641025641025 0.01073170731707317 0.02564102564102564
1 0.7058536585365853 0.10598290598290598 0.014634146341463414 0.02735042735042735
1 0.615609756097561 0.152991452991453 0.0175609756097561 0.039316239316239315
1 0.5039024390243902 0.30085470085470084 0.024390243902439025 0.06153846153846154
1 0.5180487804878049 0.3282051282051282 0.025365853658536587 0.0547008547008547
1 0.5590243902439025 0.26495726495726496 0.025365853658536587 0.04786324786324786
1 0.6082926829268293 0.21794871794871795 0.02048780487804878 0.039316239316239315
1 0.6102439024390244 0.2709401709401709 0.0224390243902439 0.05299145299145299
1 0.6219512195121951 0.29572649572649573 0.02829268292682927 0.05128205128205128
1 0.675609756097561 0.3153846153846154 0.03609756097560975 0.07008547008547009
1 0.6609756097560976 0.21965811965811965 0.02048780487804878 0.042735042735042736
1 0.6926829268292682 0.18803418803418803 0.02146341463414634 0.041025641025641026
1 0.7536585365853659 0.33589743589743587 0.03609756097560975 0.07692307692307693
1 0.7965853658536586 0.4111111111111111 0.04 0.08034188034188035
1 0.7492682926829268 0.23162393162393163 0.02146341463414634 0.04957264957264957
1 0.748780487804878 0.18547008547008548 0.02048780487804878 0.046153846153846156
1 0.7814634146341464 0.19829059829059828 0.02146341463414634 0.041025641025641026
1 0.7839024390243903 0.16153846153846155 0.018536585365853658 0.035897435897435895
1 0.8058536585365854 0.13504273504273503 0.015609756097560976 0.037606837606837605
1 0.8253658536585365 0.14786324786324787 0.015609756097560976 0.03247863247863248
1 0.8341463414634146 0.14017094017094017 0.015609756097560976 0.03076923076923077
1 0.8473170731707317 0.13931623931623932 0.014634146341463414 0.039316239316239315
1 0.8692682926829268 0.1358974358974359 0.015609756097560976 0.03247863247863248
1 0.86 0.15982905982905982 0.016585365853658537 0.035897435897435895
1 0.8717073170731707 0.19743589743589743 0.018536585365853658 0.039316239316239315
1 0.8858536585365854 0.1905982905982906 0.01951219512195122 0.046153846153846156
1 0.828780487804878 0.20683760683760682 0.024390243902439025 0.044444444444444446
1 0.7985365853658537 0.2905982905982906 0.024390243902439025 0.0547008547008547
1 0.7692682926829268 0.2811965811965812 0.024390243902439025 0.05641025641025641
1 0.8326829268292683 0.31965811965811963 0.02829268292682927 0.06153846153846154
1 0.811219512195122 0.26837606837606837 0.024390243902439025 0.04786324786324786
1 0.92 0.42735042735042733 0.03902439024390244 0.07863247863247863
1 0.9048780487804878 0.3213675213675214 0.03219512195121951 0.06837606837606838
1 0.8697560975609756 0.2726495726495726 0.02048780487804878 0.042735042735042736
1 0.922439024390244 0.28034188034188035 0.02048780487804878 0.04786324786324786
1 0.9282926829268293 0.24358974358974358 0.0224390243902439 0.039316239316239315
1 0.9278048780487805 0.2 0.02146341463414634 0.044444444444444446
1 0.9307317073170732 0.1623931623931624 0.0175609756097561 0.03418803418803419
1 0.9053658536585366 0.14957264957264957 0.013658536585365854 0.02564102564102564
1 0.9609756097560975 0.12307692307692308 0.011707317073170732 0.03076923076923077
