1 0.07890961262553803 0.5641975308641975 0.08608321377331421 0.12098765432098765
1 0.0624103299856528 0.7061728395061728 0.11047345767575323 0.2617283950617284
1 0.06527977044476327 0.5 0.06456241032998565 0.09135802469135802
1 0.061692969870875185 0.437037037037037 0.054519368723098996 0.07901234567901234
1 0.148493543758967 0.5469135802469136 0.07604017216642756 0.15061728395061727
1 0.17216642754662842 0.4876543209876543 0.06599713055954089 0.10617283950617283
1 0.13127690100430417 0.4567901234567901 0.05308464849354376 0.09382716049382715
1 0.22381635581061693 0.45555555555555555 0.04017216642754663 0.08148148148148147
1 0.2611190817790531 0.49506172839506174 0.05738880918220947 0.08641975308641975
1 0.2962697274031564 0.5925925925925926 0.08464849354375897 0.14814814814814814
1 0.28766140602582496 0.4703703703703704 0.038737446197991396 0.07654320987654321
1 0.3170731707317073 0.4345679012345679 0.03443328550932569 0.0691358024691358
1 0.3400286944045911 0.445679012345679 0.043041606886657105 0.07160493827160494
1 0.36944045911047346 0.5135802469135803 0.05882352941176471 0.1037037037037037
1 0.3751793400286944 0.43333333333333335 0.038737446197991396 0.06666666666666667
1 0.421090387374462 0.4703703703703704 0.04447632711621234 0.09135802469135802
1 0.4519368723098996 0.4444444444444444 0.03156384505021521 0.05925925925925926
1 0.4318507890961263 0.43209876543209874 0.03156384505021521 0.05925925925925926
1 0.48637015781922527 0.42839506172839503 0.043041606886657105 0.08148148148148147
1 0.4992826398852224 0.4888888888888889 0.04591104734576758 0.07407407407407407
1 0.5050215208034433 0.537037037037037 0.06025824964131995 0.10617283950617283
1 0.4533715925394548 0.6209876543209877 0.08321377331420374 0.17037037037037037
1 0.32137733142037306 0.8111111111111111 0.1520803443328551 0.28888888888888886
1 0.6829268292682927 0.8555555555555555 0.19799139167862267 0.2641975308641975
1 0.6406025824964132 0.6691358024691358 0.09899569583931134 0.16296296296296295
1 0.6061692969870875 0.5765432098765432 0.0817790530846485 0.13580246913580246
1 0.6083213773314204 0.5012345679012346 0.05164992826398852 0.08395061728395062
1 0.5774748923959828 0.4876543209876543 0.03586800573888092 0.08148148148148147
1 0.5760401721664276 0.4419753086419753 0.03299856527977044 0.06419753086419754
1 0.6456241032998565 0.42962962962962964 0.043041606886657105 0.06419753086419754
1 0.6951219512195123 0.4888888888888889 0.05882352941176471 0.10864197530864197
1 0.6764705882352942 0.47901234567901235 0.04160688665710187 0.08395061728395062
1 0.7245337159253946 0.45185185185185184 0.03730272596843616 0.07407407407407407
1 0.7704447632711622 0.5506172839506173 0.06886657101865137 0.1382716049382716
1 0.7647058823529412 0.47160493827160493 0.04017216642754663 0.07901234567901234
1 0.8012912482065998 0.46543209876543207 0.04160688665710187 0.07160493827160494
1 0.8443328550932568 0.5234567901234568 0.061692969870875185 0.11851851851851852
1 0.9124820659971306 0.4839506172839506 0.05164992826398852 0.11851851851851852
1 0.8314203730272597 0.3358024691358025 0.03586800573888092 0.05432098765432099
