1 0.3776223776223776 0.1750524109014675 0.016317016317016316 0.02725366876310273
1 0.4114219114219114 0.1740041928721174 0.016317016317016316 0.033542976939203356
1 0.418997668997669 0.1530398322851153 0.01282051282051282 0.029350104821802937
1 0.4376456876456876 0.16771488469601678 0.015151515151515152 0.029350104821802937
1 0.4522144522144522 0.16876310272536688 0.013986013986013986 0.031446540880503145
1 0.4592074592074592 0.14465408805031446 0.013986013986013986 0.025157232704402517
1 0.47377622377622375 0.15408805031446543 0.01282051282051282 0.031446540880503145
1 0.4819347319347319 0.18134171907756813 0.017482517482517484 0.03563941299790357
1 0.4836829836829837 0.1488469601677149 0.013986013986013986 0.033542976939203356
1 0.4970862470862471 0.12473794549266248 0.01282051282051282 0.02725366876310273
1 0.5075757575757576 0.14046121593291405 0.015151515151515152 0.025157232704402517
1 0.5209790209790209 0.1268343815513627 0.011655011655011656 0.02725366876310273
1 0.5052447552447552 0.18134171907756813 0.017482517482517484 0.03563941299790357
1 0.541958041958042 0.14779874213836477 0.013986013986013986 0.031446540880503145
1 0.5576923076923077 0.11530398322851154 0.01282051282051282 0.025157232704402517
1 0.5699300699300699 0.14150943396226415 0.016317016317016316 0.031446540880503145
1 0.5804195804195804 0.11215932914046123 0.011655011655011656 0.031446540880503145
1 0.5967365967365967 0.12368972746331237 0.016317016317016316 0.033542976939203356
1 0.5979020979020979 0.15618448637316562 0.013986013986013986 0.031446540880503145
1 0.6118881118881119 0.09958071278825996 0.011655011655011656 0.023060796645702306
1 0.6276223776223776 0.13626834381551364 0.015151515151515152 0.033542976939203356
1 0.6532634032634033 0.10377358490566038 0.01048951048951049 0.02725366876310273
1 0.6561771561771562 0.12264150943396226 0.011655011655011656 0.023060796645702306
1 0.6707459207459208 0.11320754716981132 0.015151515151515152 0.029350104821802937
1 0.6206293706293706 0.22117400419287214 0.022144522144522144 0.04402515723270441
1 0.6835664335664335 0.3144654088050315 0.04079254079254079 0.09224318658280922
1 0.6724941724941725 0.22327044025157233 0.02097902097902098 0.04402515723270441
1 0.6789044289044289 0.1928721174004193 0.015151515151515152 0.041928721174004195
1 0.6928904428904429 0.1750524109014675 0.019813519813519812 0.04402515723270441
1 0.7097902097902098 0.1949685534591195 0.023310023310023312 0.05450733752620546
1 0.6987179487179487 0.2379454926624738 0.026806526806526808 0.060796645702306085
1 0.7319347319347319 0.17610062893081763 0.013986013986013986 0.033542976939203356
1 0.7278554778554779 0.14570230607966458 0.017482517482517484 0.02725366876310273
1 0.7266899766899767 0.0849056603773585 0.01282051282051282 0.03563941299790357
1 0.7062937062937062 0.12264150943396226 0.013986013986013986 0.02725366876310273
1 0.7523310023310024 0.12997903563941302 0.015151515151515152 0.03773584905660378
1 0.7663170163170163 0.1310272536687631 0.01282051282051282 0.031446540880503145
1 0.7698135198135199 0.18343815513626835 0.015151515151515152 0.03563941299790357
1 0.7762237762237763 0.15618448637316562 0.013986013986013986 0.031446540880503145
1 0.7966200466200466 0.16247379454926625 0.015151515151515152 0.03563941299790357
1 0.8071095571095571 0.1519916142557652 0.017482517482517484 0.031446540880503145
1 0.8205128205128205 0.13731656184486374 0.013986013986013986 0.031446540880503145
1 0.8269230769230769 0.18448637316561844 0.015151515151515152 0.03773584905660378
1 0.796037296037296 0.20335429769392036 0.02097902097902098 0.03773584905660378
1 0.8741258741258742 0.2672955974842767 0.018648018648018648 0.052410901467505246
1 0.8986013986013986 0.20649895178197067 0.016317016317016316 0.03563941299790357
1 0.9114219114219114 0.17819706498951782 0.018648018648018648 0.041928721174004195
1 0.9271561771561772 0.23270440251572327 0.019813519813519812 0.03773584905660378
1 0.932983682983683 0.21174004192872117 0.017482517482517484 0.029350104821802937
1 0.9324009324009324 0.18448637316561844 0.011655011655011656 0.029350104821802937
1 0.9592074592074592 0.1278825995807128 0.016317016317016316 0.033542976939203356
