1 0.1987366375121477 0.4860383944153578 0.04178814382896015 0.08551483420593368
1 0.30563654033041787 0.24171029668411867 0.0184645286686103 0.03664921465968587
1 0.3177842565597667 0.20157068062827224 0.01749271137026239 0.03664921465968587
1 0.347424684159378 0.1544502617801047 0.012633624878522837 0.029668411867364748
1 0.3629737609329446 0.19284467713787085 0.014577259475218658 0.02617801047120419
1 0.4110787172011662 0.17015706806282724 0.013605442176870748 0.029668411867364748
1 0.4227405247813411 0.17539267015706805 0.015549076773566569 0.029668411867364748
1 0.4062196307094266 0.22600349040139617 0.019436345966958212 0.03664921465968587
1 0.4402332361516035 0.21204188481675393 0.021379980563654033 0.04363001745200698
1 0.44412050534499514 0.16230366492146597 0.015549076773566569 0.031413612565445025
1 0.456268221574344 0.17102966841186737 0.012633624878522837 0.031413612565445025
1 0.4727891156462585 0.17888307155322863 0.01652089407191448 0.029668411867364748
1 0.46355685131195334 0.14223385689354276 0.013605442176870748 0.019197207678883072
1 0.4723032069970845 0.15095986038394416 0.015549076773566569 0.022687609075043632
1 0.4970845481049562 0.14048865619546247 0.012633624878522837 0.019197207678883072
1 0.4970845481049562 0.16143106457242584 0.01652089407191448 0.029668411867364748
1 0.5174927113702623 0.1457242582897033 0.012633624878522837 0.022687609075043632
1 0.5301263362487852 0.12914485165794068 0.010689990281827016 0.017452006980802792
1 0.5383867832847424 0.14136125654450263 0.015549076773566569 0.027923211169284468
1 0.5466472303206997 0.18150087260034906 0.0184645286686103 0.034904013961605584
1 0.5495626822157434 0.16666666666666666 0.012633624878522837 0.022687609075043632
1 0.5621963070942663 0.1544502617801047 0.012633624878522837 0.03315881326352531
1 0.5869776482021379 0.15008726003490402 0.013605442176870748 0.02443280977312391
1 0.5889212827988338 0.12303664921465969 0.011661807580174927 0.019197207678883072
1 0.598153547133139 0.12478184991273997 0.012633624878522837 0.022687609075043632
1 0.5806608357628765 0.18411867364746945 0.01652089407191448 0.03664921465968587
1 0.6273080660835763 0.1431064572425829 0.014577259475218658 0.027923211169284468
1 0.6321671525753159 0.1273996509598604 0.012633624878522837 0.02443280977312391
1 0.6491739552964042 0.14485165794066318 0.013605442176870748 0.027923211169284468
1 0.6603498542274052 0.1343804537521815 0.012633624878522837 0.027923211169284468
1 0.6637512147716229 0.11082024432809773 0.011661807580174927 0.019197207678883072
1 0.6827016520894071 0.13089005235602094 0.012633624878522837 0.020942408376963352
1 0.6967930029154519 0.1273996509598604 0.015549076773566569 0.027923211169284468
1 0.6282798833819242 0.1823734729493892 0.014577259475218658 0.022687609075043632
1 0.6287657920310982 0.21029668411867364 0.019436345966958212 0.04013961605584642
1 0.5860058309037901 0.25828970331588136 0.01749271137026239 0.045375218150087264
1 0.6642371234207969 0.19109947643979058 0.01652089407191448 0.03664921465968587
1 0.6763848396501457 0.2198952879581152 0.015549076773566569 0.034904013961605584
1 0.6384839650145773 0.26439790575916233 0.021379980563654033 0.04363001745200698
1 0.6608357628765792 0.3167539267015707 0.01749271137026239 0.03315881326352531
1 0.6802721088435374 0.3551483420593368 0.03304178814382896 0.07504363001745201
1 0.6093294460641399 0.31151832460732987 0.027210884353741496 0.06108202443280977
1 0.5602526724975704 0.32024432809773123 0.024295432458697763 0.05410122164048866
1 0.4868804664723032 0.3411867364746946 0.023323615160349854 0.04013961605584642
1 0.7230320699708455 0.24083769633507854 0.01749271137026239 0.045375218150087264
1 0.705539358600583 0.18150087260034906 0.015549076773566569 0.031413612565445025
1 0.7332361516034985 0.19022687609075045 0.014577259475218658 0.034904013961605584
1 0.7648202137998056 0.193717277486911 0.015549076773566569 0.034904013961605584
1 0.7517006802721088 0.1649214659685864 0.014577259475218658 0.03315881326352531
1 0.7395529640427599 0.15794066317626526 0.011661807580174927 0.019197207678883072
1 0.7677356656948493 0.13176265270506107 0.013605442176870748 0.02617801047120419
1 0.7745383867832847 0.16666666666666666 0.011661807580174927 0.022687609075043632
1 0.7905733722060252 0.18848167539267016 0.014577259475218658 0.027923211169284468
1 0.8221574344023324 0.18760907504363003 0.013605442176870748 0.02617801047120419
1 0.8226433430515063 0.20593368237347295 0.012633624878522837 0.031413612565445025
1 0.8459669582118561 0.19982547993019198 0.014577259475218658 0.03664921465968587
1 0.8610301263362488 0.17277486910994766 0.013605442176870748 0.031413612565445025
1 0.8751214771622935 0.16055846422338568 0.012633624878522837 0.02443280977312391
1 0.8770651117589893 0.1849912739965096 0.014577259475218658 0.02443280977312391
1 0.8877551020408163 0.20331588132635253 0.014577259475218658 0.029668411867364748
1 0.9159378036929057 0.1762652705061082 0.012633624878522837 0.027923211169284468
1 0.9353741496598639 0.1980802792321117 0.014577259475218658 0.03315881326352531
1 0.9353741496598639 0.23647469458987785 0.01652089407191448 0.04013961605584642
1 0.9149659863945577 0.2670157068062827 0.0184645286686103 0.041884816753926704
1 0.8848396501457726 0.24083769633507854 0.01652089407191448 0.045375218150087264
1 0.8313896987366375 0.2486910994764398 0.01652089407191448 0.03315881326352531
1 0.7993197278911565 0.2356020942408377 0.0184645286686103 0.038394415357766144
1 0.8100097181729834 0.2591623036649215 0.0184645286686103 0.03315881326352531
1 0.7774538386783284 0.3010471204188482 0.025267249757045675 0.0506108202443281
1 0.8056365403304179 0.3691099476439791 0.029154518950437316 0.05410122164048866
1 0.847424684159378 0.37783595113438045 0.023323615160349854 0.04013961605584642
1 0.8712342079689018 0.40226876090750435 0.030126336248785225 0.07504363001745201
1 0.8926141885325558 0.31239092495637 0.02235179786200194 0.05235602094240838
1 0.8673469387755102 0.28970331588132636 0.0184645286686103 0.055846422338568937
