1 0.10875 0.2951127819548872 0.0725 0.10902255639097744
1 0.28750000000000003 0.3308270676691729 0.085 0.10526315789473684
1 0.3125 0.24436090225563908 0.055 0.09022556390977443
1 0.365 0.21052631578947367 0.03 0.06015037593984962
1 0.40625 0.14097744360902253 0.0275 0.041353383458646614
1 0.4825 0.3026315789473684 0.07 0.11654135338345864
1 0.6062500000000001 0.33458646616541354 0.08750000000000001 0.14285714285714285
1 0.56 0.18796992481203006 0.04 0.06015037593984962
1 0.75375 0.24436090225563908 0.0525 0.09022556390977443
1 0.86375 0.35526315789473684 0.0975 0.16917293233082706
1 0.93 0.5864661654135338 0.14 0.2706766917293233
