1 0.8172386272944933 0.38920056100981765 0.030327214684756586 0.08835904628330996
1 0.8762968874700718 0.09607293127629733 0.014365522745411015 0.029453015427769985
1 0.9118116520351157 0.14235624123422158 0.015163607342378293 0.03506311360448808
1 0.5674381484437351 0.1185133239831697 0.012769353551476457 0.023842917251051893
1 0.5722266560255387 0.17391304347826086 0.019154030327214685 0.033660589060308554
1 0.49361532322426177 0.15568022440392706 0.011971268954509178 0.019635343618513323
1 0.5043894652833201 0.20126227208976155 0.017557861133280128 0.037868162692847124
1 0.3320031923383879 0.21107994389901824 0.01596169193934557 0.03225806451612903
1 0.35913806863527536 0.21248246844319774 0.01596169193934557 0.03506311360448808
1 0.3858739026336792 0.30154277699859744 0.02154828411811652 0.047685834502103785
