1 0.134 0.6801801801801802 0.084 0.15315315315315314
1 0.035 0.6021021021021021 0.066 0.1111111111111111
1 0.03 0.5075075075075075 0.036000000000000004 0.07207207207207207
1 0.032 0.46396396396396394 0.032 0.057057057057057055
1 0.089 0.4624624624624625 0.034 0.05405405405405406
1 0.115 0.512012012012012 0.046 0.08108108108108109
1 0.125 0.46846846846846846 0.034 0.06606606606606606
1 0.258 0.509009009009009 0.048 0.07507507507507508
1 0.20800000000000002 0.46846846846846846 0.032 0.06606606606606606
1 0.25 0.45795795795795796 0.036000000000000004 0.05105105105105105
1 0.3 0.5645645645645646 0.056 0.0960960960960961
1 0.298 0.484984984984985 0.032 0.06306306306306306
1 0.31 0.44894894894894893 0.028 0.05105105105105105
1 0.338 0.4444444444444444 0.024 0.05405405405405406
1 0.354 0.47897897897897895 0.036000000000000004 0.057057057057057055
1 0.376 0.46546546546546547 0.032 0.06606606606606606
1 0.39 0.45645645645645644 0.024 0.05405405405405406
1 0.47300000000000003 0.3708708708708709 0.098 0.14714714714714713
1 0.331 0.8888888888888888 0.15 0.2222222222222222
1 0.54 0.7747747747747747 0.12 0.2222222222222222
1 0.581 0.5900900900900901 0.058 0.10510510510510511
1 0.588 0.4984984984984985 0.04 0.06606606606606606
1 0.624 0.47597597597597596 0.04 0.07507507507507508
1 0.668 0.46546546546546547 0.032 0.07207207207207207
1 0.656 0.5585585585585585 0.052000000000000005 0.09009009009009009
1 0.734 0.5165165165165165 0.04 0.08408408408408408
1 0.761 0.5180180180180181 0.034 0.06906906906906907
1 0.781 0.47897897897897895 0.034 0.07507507507507508
1 0.8230000000000001 0.6126126126126126 0.08600000000000001 0.14414414414414414
1 0.861 0.581081081081081 0.066 0.11711711711711711
1 0.886 0.5480480480480481 0.044 0.10510510510510511
1 0.9540000000000001 0.5570570570570571 0.056 0.08708708708708708
1 0.984 0.5375375375375375 0.032 0.07807807807807808
