1 0.18 0.41683778234086244 0.07384615384615384 0.09856262833675565
1 0.2323076923076923 0.5184804928131417 0.11384615384615385 0.17864476386036962
1 0.3261538461538461 0.4127310061601643 0.06153846153846154 0.08213552361396304
1 0.4153846153846154 0.38398357289527724 0.04 0.06981519507186859
1 0.5084615384615384 0.5472279260780287 0.09076923076923077 0.15811088295687886
1 0.5753846153846154 0.4425051334702259 0.08 0.14168377823408626
1 0.5207692307692308 0.3880903490759754 0.05076923076923077 0.08624229979466119
1 0.5707692307692308 0.35215605749486656 0.03692307692307692 0.055441478439425054
1 0.7192307692307692 0.33572895277207393 0.03230769230769231 0.059548254620123205
1 0.74 0.41786447638603696 0.06769230769230769 0.11704312114989733
1 0.8269230769230769 0.4188911704312115 0.06307692307692307 0.10266940451745381
1 0.8161538461538461 0.37679671457905545 0.05076923076923077 0.08418891170431211
1 0.9223076923076923 0.3829568788501027 0.05384615384615385 0.09240246406570843
