1 0.4583333333333333 0.5473856209150327 0.010416666666666666 0.013071895424836602
1 0.6787683823529411 0.5841503267973857 0.022365196078431373 0.028594771241830068
1 0.9120710784313726 0.5551470588235294 0.0196078431372549 0.02696078431372549
1 0.9606311274509803 0.6409313725490197 0.02971813725490196 0.03676470588235294
1 0.9217218137254902 0.7105800653594772 0.04932598039215686 0.05269607843137255
1 0.9082414215686274 0.6613562091503268 0.035845588235294115 0.049836601307189546
1 0.9119178921568627 0.6190767973856209 0.022365196078431373 0.034722222222222224
1 0.8897058823529411 0.633578431372549 0.02389705882352941 0.03594771241830066
1 0.8293504901960784 0.6783088235294118 0.04105392156862745 0.05351307189542484
1 0.8462009803921569 0.6415441176470589 0.02389705882352941 0.037990196078431376
1 0.8566176470588235 0.625 0.020833333333333332 0.028594771241830068
1 0.8207720588235294 0.6348039215686274 0.02389705882352941 0.04084967320261438
1 0.7817095588235294 0.6413398692810458 0.021752450980392156 0.03022875816993464
1 0.7647058823529411 0.6274509803921569 0.02696078431372549 0.040032679738562095
1 0.7282475490196079 0.6125408496732027 0.020833333333333332 0.0298202614379085
1 0.6479779411764706 0.7232434640522876 0.05759803921568627 0.06576797385620915
1 0.6208639705882353 0.6711601307189543 0.03216911764705882 0.05392156862745098
1 0.6449142156862745 0.6582924836601307 0.03799019607843137 0.04370915032679739
1 0.6262254901960784 0.6284722222222222 0.02144607843137255 0.0298202614379085
1 0.5585171568627451 0.6149918300653595 0.02696078431372549 0.02900326797385621
1 0.5286458333333334 0.6540032679738562 0.03155637254901961 0.04084967320261438
1 0.5275735294117647 0.6280637254901961 0.02022058823529412 0.024918300653594773
1 0.48391544117647056 0.6450163398692811 0.02542892156862745 0.03104575163398693
1 0.4528186274509804 0.693218954248366 0.03982843137254902 0.05555555555555556
1 0.38786764705882354 0.7285539215686275 0.0545343137254902 0.07475490196078431
1 0.3710171568627451 0.6734068627450981 0.04044117647058824 0.04370915032679739
1 0.41237745098039214 0.625 0.027573529411764705 0.04084967320261438
1 0.43152573529411764 0.6156045751633987 0.022365196078431373 0.03594771241830066
1 0.4613970588235294 0.6156045751633987 0.0196078431372549 0.02777777777777778
1 0.47441789215686275 0.6090686274509804 0.015625 0.022875816993464054
1 0.3529411764705882 0.6174428104575164 0.02389705882352941 0.0298202614379085
1 0.3684129901960784 0.6051879084967321 0.018688725490196078 0.024918300653594773
1 0.31081495098039214 0.613562091503268 0.024816176470588234 0.031862745098039214
1 0.2817095588235294 0.6350081699346405 0.026041666666666668 0.02900326797385621
1 0.22196691176470587 0.7250816993464052 0.060355392156862746 0.06944444444444445
1 0.21629901960784315 0.6683006535947713 0.037377450980392156 0.04411764705882353
1 0.24096200980392157 0.6233660130718954 0.022365196078431373 0.02777777777777778
1 0.23544730392156862 0.6051879084967321 0.018688725490196078 0.024918300653594773
1 0.20618872549019607 0.6090686274509804 0.02022058823529412 0.02696078431372549
1 0.18933823529411764 0.6215277777777778 0.02389705882352941 0.0298202614379085
1 0.14231004901960784 0.6339869281045751 0.03278186274509804 0.032679738562091505
1 0.11626838235294118 0.6779003267973857 0.0389093137254902 0.046977124183006536
1 0.1326593137254902 0.6080473856209151 0.017769607843137254 0.023284313725490197
1 0.08716299019607843 0.6354166666666667 0.02542892156862745 0.0298202614379085
1 0.06387867647058823 0.6519607843137255 0.035845588235294115 0.03676470588235294
1 0.03354779411764706 0.6779003267973857 0.03952205882352941 0.046977124183006536
1 0.03400735294117647 0.6274509803921569 0.020833333333333332 0.026143790849673203
1 0.026501225490196078 0.6119281045751634 0.016237745098039217 0.022875816993464054
1 0.07919730392156862 0.6094771241830066 0.018688725490196078 0.02777777777777778
1 0.10416666666666667 0.6070261437908497 0.016544117647058824 0.02696078431372549
