1 0.9641666666666667 0.53625 0.035 0.0575
1 0.9016666666666667 0.49125 0.02666666666666667 0.0425
1 0.9483333333333334 0.4225 0.023333333333333334 0.045
1 0.9441666666666667 0.38875 0.018333333333333333 0.0325
1 0.8716666666666667 0.395 0.016666666666666666 0.035
1 0.8591666666666667 0.43375 0.018333333333333333 0.0325
1 0.8166666666666668 0.46875 0.023333333333333334 0.0375
1 0.8208333333333334 0.52875 0.021666666666666667 0.0475
1 0.7525000000000001 0.51 0.025 0.05
1 0.7483333333333334 0.47750000000000004 0.02 0.035
1 0.7366666666666667 0.4375 0.013333333333333334 0.03
1 0.7516666666666667 0.40750000000000003 0.016666666666666666 0.025
1 0.7925000000000001 0.4275 0.018333333333333333 0.03
1 0.8016666666666667 0.4 0.016666666666666666 0.03
1 0.7075 0.41250000000000003 0.015000000000000001 0.03
1 0.6658333333333334 0.43875000000000003 0.015000000000000001 0.0275
1 0.6883333333333334 0.47875 0.016666666666666666 0.0325
1 0.6691666666666667 0.51875 0.028333333333333335 0.0475
1 0.6208333333333333 0.4325 0.028333333333333335 0.045
1 0.6416666666666667 0.40750000000000003 0.016666666666666666 0.025
1 0.5925 0.41250000000000003 0.011666666666666667 0.025
1 0.5683333333333334 0.47500000000000003 0.016666666666666666 0.025
1 0.5650000000000001 0.45125 0.016666666666666666 0.0275
1 0.5533333333333333 0.41000000000000003 0.013333333333333334 0.03
1 0.4575 0.41875 0.015000000000000001 0.0225
1 0.4608333333333334 0.45 0.015000000000000001 0.03
1 0.46166666666666667 0.4825 0.02 0.025
1 0.4491666666666667 0.505 0.021666666666666667 0.035
1 0.39416666666666667 0.52375 0.025 0.0375
1 0.39083333333333337 0.49125 0.015000000000000001 0.0275
1 0.4066666666666667 0.4475 0.013333333333333334 0.025
1 0.4133333333333334 0.4325 0.013333333333333334 0.02
1 0.3716666666666667 0.48 0.02 0.03
1 0.35750000000000004 0.4325 0.011666666666666667 0.025
1 0.3275 0.52375 0.021666666666666667 0.0375
1 0.325 0.49125 0.013333333333333334 0.0175
1 0.3191666666666667 0.47375 0.015000000000000001 0.0225
1 0.3166666666666667 0.43625 0.013333333333333334 0.0275
1 0.3166666666666667 0.54625 0.030000000000000002 0.0575
1 0.3016666666666667 0.58375 0.03666666666666667 0.0525
1 0.325 0.61375 0.04 0.0625
1 0.2775 0.5 0.021666666666666667 0.035
1 0.26083333333333336 0.4275 0.015000000000000001 0.03
1 0.23333333333333334 0.5125 0.023333333333333334 0.04
1 0.22333333333333336 0.465 0.02 0.035
1 0.2 0.45125 0.016666666666666666 0.0325
1 0.165 0.47000000000000003 0.016666666666666666 0.025
1 0.14166666666666666 0.44125000000000003 0.016666666666666666 0.0325
1 0.11 0.47250000000000003 0.023333333333333334 0.03
1 0.08833333333333333 0.4425 0.02 0.035
1 0.010833333333333334 0.4325 0.018333333333333333 0.03
1 0.015833333333333335 0.50375 0.028333333333333335 0.0475
1 0.1 0.56125 0.043333333333333335 0.0575
1 0.12583333333333335 0.55375 0.03166666666666667 0.0625
1 0.1125 0.6425 0.07166666666666667 0.105
1 0.16083333333333336 0.65375 0.07166666666666667 0.1225
1 0.26833333333333337 0.70375 0.08 0.1475
1 0.2966666666666667 0.88625 0.13333333333333333 0.2175
1 0.47250000000000003 0.6012500000000001 0.045000000000000005 0.08750000000000001
1 0.5891666666666667 0.6575 0.058333333333333334 0.105
1 0.7308333333333333 0.70375 0.08166666666666667 0.1475
