1 0.15666666666666668 0.8195488721804511 0.11 0.15538847117794485
1 0.3433333333333334 0.5927318295739348 0.07 0.11278195488721804
1 0.3591666666666667 0.49373433583959897 0.04833333333333334 0.07017543859649122
1 0.36750000000000005 0.43609022556390975 0.04166666666666667 0.06015037593984962
1 0.2816666666666667 0.4699248120300752 0.05 0.06766917293233082
1 0.25583333333333336 0.5112781954887218 0.055 0.08020050125313283
1 0.20833333333333334 0.45739348370927313 0.07 0.10776942355889724
1 0.10833333333333334 0.5225563909774436 0.07666666666666667 0.11278195488721804
1 0.08416666666666667 0.449874686716792 0.06833333333333334 0.07769423558897243
1 0.25583333333333336 0.4223057644110275 0.03833333333333334 0.05263157894736842
1 0.27083333333333337 0.38345864661654133 0.035 0.05513784461152882
1 0.3441666666666667 0.37969924812030076 0.028333333333333335 0.05764411027568922
1 0.43333333333333335 0.40350877192982454 0.03666666666666667 0.05513784461152882
1 0.4108333333333334 0.39097744360902253 0.025 0.05012531328320802
1 0.6050000000000001 0.40476190476190477 0.03333333333333333 0.047619047619047616
1 0.6391666666666667 0.4122807017543859 0.035 0.06265664160401002
1 0.66 0.449874686716792 0.04666666666666667 0.06766917293233082
1 0.6541666666666667 0.38095238095238093 0.03166666666666667 0.05513784461152882
1 0.6916666666666668 0.40476190476190477 0.03666666666666667 0.06265664160401002
1 0.7300000000000001 0.424812030075188 0.043333333333333335 0.06265664160401002
1 0.7333333333333334 0.37969924812030076 0.03333333333333333 0.05263157894736842
1 0.7566666666666667 0.4022556390977443 0.03666666666666667 0.06265664160401002
1 0.7241666666666667 0.5137844611528821 0.065 0.10526315789473684
1 0.7866666666666667 0.6115288220551378 0.06666666666666667 0.11027568922305764
1 0.8091666666666667 0.48746867167919794 0.065 0.08771929824561403
1 0.8133333333333334 0.41102756892230574 0.060000000000000005 0.09022556390977443
1 0.8983333333333334 0.4799498746867168 0.06333333333333334 0.09273182957393483
1 0.9633333333333334 0.5789473684210527 0.07333333333333333 0.11528822055137844
1 0.9533333333333334 0.8270676691729323 0.09000000000000001 0.17042606516290726
1 0.5233333333333333 0.21177944862155387 0.04 0.06265664160401002
