1 0.13674321503131523 0.4934579439252337 0.050104384133611686 0.09345794392523366
1 0.7072025052192066 0.3233644859813084 0.04697286012526095 0.09719626168224299
1 0.6252609603340291 0.25327102803738316 0.022964509394572022 0.04672897196261683
1 0.597599164926931 0.22710280373831776 0.021920668058455113 0.05046728971962617
1 0.8037578288100208 0.2121495327102804 0.020876826722338204 0.03925233644859813
1 0.8439457202505218 0.25233644859813087 0.024008350730688934 0.041121495327102804
1 0.887787056367432 0.1766355140186916 0.015657620041753653 0.04299065420560748
1 0.9253653444676408 0.2401869158878505 0.019832985386221292 0.03925233644859813
1 0.40814196242171186 0.1560747663551402 0.014613778705636741 0.028037383177570093
1 0.38048016701461373 0.1869158878504673 0.015657620041753653 0.03364485981308411
1 0.4196242171189979 0.2121495327102804 0.018789144050104383 0.03177570093457944
1 0.4493736951983298 0.23084112149532712 0.019832985386221292 0.03177570093457944
1 0.46868475991649267 0.14953271028037385 0.012526096033402922 0.03364485981308411
1 0.5135699373695198 0.197196261682243 0.022964509394572022 0.03177570093457944
1 0.5506263048016701 0.1841121495327103 0.01774530271398747 0.03925233644859813
1 0.5772442588726513 0.12242990654205609 0.014613778705636741 0.028037383177570093
1 0.39300626304801667 0.2102803738317757 0.019832985386221292 0.03925233644859813
