1 0.13802083333333334 0.6034722222222223 0.078125 0.1125
1 0.08072916666666667 0.5513888888888889 0.05520833333333333 0.07777777777777778
1 0.2421875 0.732638888888889 0.08020833333333333 0.12916666666666668
1 0.23802083333333332 0.6798611111111111 0.06145833333333333 0.07361111111111111
1 0.26927083333333335 0.5909722222222222 0.05520833333333333 0.08472222222222223
1 0.37135416666666665 0.6729166666666667 0.04479166666666667 0.08472222222222223
1 0.35 0.6333333333333333 0.03125 0.0638888888888889
1 0.4046875 0.6194444444444445 0.03229166666666666 0.058333333333333334
1 0.5510416666666667 0.7944444444444445 0.08958333333333333 0.10833333333333334
1 0.5395833333333333 0.7305555555555556 0.05625 0.08055555555555556
1 0.5322916666666666 0.6777777777777778 0.041666666666666664 0.061111111111111116
1 0.5369791666666667 0.6097222222222223 0.03854166666666667 0.0638888888888889
1 0.6177083333333333 0.6118055555555556 0.03125 0.059722222222222225
1 0.6734375 0.6055555555555556 0.036458333333333336 0.05555555555555556
1 0.7557291666666667 0.6104166666666667 0.03854166666666667 0.04861111111111111
1 0.7791666666666667 0.6243055555555556 0.025 0.04583333333333334
1 0.8286458333333333 0.5972222222222222 0.034375 0.05
1 0.8458333333333333 0.6347222222222223 0.0375 0.061111111111111116
1 0.8921875 0.6055555555555556 0.040625 0.05
1 0.8307291666666666 0.7229166666666667 0.071875 0.09861111111111112
1 0.9192708333333334 0.6819444444444445 0.06145833333333333 0.07222222222222223
1 0.703125 0.7173611111111111 0.05 0.09583333333333334
1 0.6859375 0.8395833333333333 0.084375 0.1125
