1 0.10636363636363637 0.626027397260274 0.05272727272727273 0.08493150684931507
1 0.14909090909090908 0.6561643835616439 0.05454545454545454 0.0958904109589041
1 0.1918181818181818 0.715068493150685 0.1 0.136986301369863
1 0.30727272727272725 0.8 0.10181818181818182 0.15342465753424658
1 0.24636363636363637 0.5835616438356165 0.045454545454545456 0.06027397260273973
1 0.3463636363636364 0.5739726027397261 0.034545454545454546 0.04657534246575343
1 0.4 0.5575342465753425 0.025454545454545455 0.04657534246575343
1 0.4354545454545454 0.5547945205479452 0.02727272727272727 0.04657534246575343
1 0.4636363636363636 0.6712328767123288 0.04727272727272727 0.07671232876712329
1 0.4709090909090909 0.6054794520547945 0.03272727272727273 0.049315068493150684
1 0.52 0.6027397260273972 0.03272727272727273 0.0547945205479452
1 0.5136363636363637 0.5712328767123288 0.02727272727272727 0.04657534246575343
1 0.5490909090909091 0.5082191780821917 0.02181818181818182 0.0410958904109589
1 0.5645454545454546 0.5835616438356165 0.03090909090909091 0.0547945205479452
1 0.5972727272727273 0.5794520547945206 0.03090909090909091 0.0410958904109589
1 0.6472727272727272 0.6616438356164384 0.05090909090909091 0.07945205479452055
1 0.7 0.8438356164383561 0.13818181818181818 0.24657534246575344
1 0.8272727272727273 0.6835616438356165 0.08363636363636363 0.12876712328767123
1 0.6945454545454546 0.6109589041095891 0.03636363636363636 0.07123287671232877
1 0.7318181818181818 0.5821917808219178 0.03090909090909091 0.04657534246575343
