1 0.8130952380952381 0.34572230014025246 0.02619047619047619 0.06872370266479663
1 0.834920634920635 0.3246844319775596 0.023809523809523808 0.06872370266479663
1 0.8992063492063492 0.42917251051893407 0.026984126984126985 0.06732117812061711
1 0.9107142857142857 0.3380084151472651 0.02142857142857143 0.05890603085553997
1 0.8785714285714286 0.25315568022440393 0.01904761904761905 0.043478260869565216
1 0.8686507936507937 0.1367461430575035 0.010317460317460317 0.023842917251051893
1 0.8650793650793651 0.15568022440392706 0.012698412698412698 0.030855539971949508
1 0.9003968253968254 0.1584852734922861 0.011904761904761904 0.033660589060308554
1 0.9142857142857143 0.14656381486676018 0.011111111111111112 0.029453015427769985
1 0.9253968253968254 0.15918653576437586 0.011111111111111112 0.03225806451612903
1 0.890079365079365 0.19004207573632537 0.01507936507936508 0.037868162692847124
1 0.905952380952381 0.22370266479663392 0.01507936507936508 0.037868162692847124
1 0.9226190476190477 0.20546984572230015 0.011904761904761904 0.03225806451612903
1 0.8761904761904762 0.22019635343618513 0.020634920634920634 0.04207573632538569
1 0.9396825396825397 0.2678821879382889 0.022222222222222223 0.047685834502103785
1 0.8527777777777777 0.17040673211781204 0.011904761904761904 0.029453015427769985
1 0.8285714285714286 0.1255259467040673 0.011111111111111112 0.023842917251051893
1 0.8313492063492064 0.14165497896213183 0.011904761904761904 0.028050490883590462
1 0.803968253968254 0.12833099579242635 0.011111111111111112 0.023842917251051893
1 0.8146825396825397 0.1563814866760168 0.013492063492063493 0.03225806451612903
1 0.8281746031746031 0.20476858345021037 0.016666666666666666 0.0364656381486676
1 0.8234126984126984 0.24193548387096775 0.01984126984126984 0.043478260869565216
1 0.7797619047619048 0.14936886395511922 0.013492063492063493 0.03506311360448808
1 0.8027777777777778 0.18583450210378682 0.018253968253968255 0.03506311360448808
1 0.7722222222222223 0.21528751753155678 0.015873015873015872 0.04067321178120617
1 0.7448412698412699 0.2503506311360449 0.018253968253968255 0.043478260869565216
1 0.7619047619047619 0.2938288920056101 0.022222222222222223 0.0546984572230014
1 0.7309523809523809 0.135343618513324 0.011111111111111112 0.029453015427769985
1 0.7420634920634921 0.15427769985974754 0.015873015873015872 0.030855539971949508
1 0.7575396825396825 0.18092566619915848 0.016666666666666666 0.03927068723702665
1 0.7178571428571429 0.2131837307152875 0.01984126984126984 0.04488078541374474
1 0.6619047619047619 0.24193548387096775 0.020634920634920634 0.0546984572230014
1 0.6841269841269841 0.18653576437587657 0.015873015873015872 0.0364656381486676
1 0.6833333333333333 0.2187938288920056 0.01904761904761905 0.03927068723702665
1 0.6928571428571428 0.10659186535764376 0.009523809523809525 0.019635343618513323
1 0.6456349206349207 0.0967741935483871 0.007142857142857143 0.02244039270687237
1 0.6591269841269841 0.10659186535764376 0.010317460317460317 0.02244039270687237
1 0.6626984126984127 0.1367461430575035 0.011111111111111112 0.021037868162692847
1 0.6198412698412699 0.10098176718092566 0.009523809523809525 0.019635343618513323
1 0.6305555555555555 0.1332398316970547 0.00873015873015873 0.019635343618513323
1 0.6388888888888888 0.13253856942496495 0.012698412698412698 0.02664796633941094
1 0.6123015873015873 0.14726507713884993 0.010317460317460317 0.028050490883590462
1 0.5611111111111111 0.12201963534361851 0.011111111111111112 0.02244039270687237
1 0.5821428571428572 0.11640953716690042 0.00873015873015873 0.019635343618513323
1 0.5932539682539683 0.11079943899018233 0.00873015873015873 0.019635343618513323
1 0.5861111111111111 0.13955119214586253 0.010317460317460317 0.029453015427769985
1 0.5726190476190476 0.18513323983169705 0.016666666666666666 0.030855539971949508
1 0.5210317460317461 0.13183730715287517 0.00873015873015873 0.02244039270687237
1 0.5321428571428571 0.13814866760168304 0.00873015873015873 0.023842917251051893
1 0.5325396825396825 0.15007012622720897 0.009523809523809525 0.025245441795231416
1 0.5416666666666666 0.16549789621318373 0.01507936507936508 0.030855539971949508
1 0.5571428571428572 0.1458625525946704 0.011111111111111112 0.028050490883590462
1 0.4845238095238095 0.14235624123422158 0.010317460317460317 0.023842917251051893
1 0.4638888888888889 0.14866760168302945 0.010317460317460317 0.02244039270687237
1 0.5083333333333333 0.1879382889200561 0.013492063492063493 0.0364656381486676
1 0.4793650793650794 0.22370266479663392 0.01746031746031746 0.04067321178120617
1 0.44087301587301586 0.17251051893408134 0.011904761904761904 0.030855539971949508
1 0.4503968253968254 0.1928471248246844 0.013492063492063493 0.029453015427769985
1 0.45476190476190476 0.17391304347826086 0.009523809523809525 0.025245441795231416
1 0.4242063492063492 0.19775596072931276 0.013492063492063493 0.033660589060308554
1 0.43134920634920637 0.22230014025245443 0.016666666666666666 0.03225806451612903
1 0.40753968253968254 0.2314165497896213 0.01507936507936508 0.033660589060308554
1 0.36706349206349204 0.2187938288920056 0.01507936507936508 0.030855539971949508
1 0.37777777777777777 0.2300140252454418 0.015873015873015872 0.03927068723702665
1 0.3638888888888889 0.2608695652173913 0.016666666666666666 0.0364656381486676
1 0.3900793650793651 0.2826086956521739 0.016666666666666666 0.043478260869565216
1 0.3976190476190476 0.26297335203366057 0.015873015873015872 0.04067321178120617
1 0.31507936507936507 0.229312762973352 0.012698412698412698 0.02664796633941094
1 0.2857142857142857 0.28471248246844316 0.014285714285714285 0.030855539971949508
1 0.33650793650793653 0.25245441795231416 0.01746031746031746 0.04207573632538569
1 0.5432539682539682 0.2601683029453015 0.02142857142857143 0.043478260869565216
1 0.5408730158730158 0.2980364656381487 0.02619047619047619 0.06030855539971949
1 0.6015873015873016 0.3155680224403927 0.025396825396825397 0.05890603085553997
1 0.6067460317460317 0.2601683029453015 0.02142857142857143 0.051893408134642355
1 0.6115079365079366 0.211781206171108 0.01984126984126984 0.033660589060308554
1 0.03214285714285714 0.4067321178120617 0.016666666666666666 0.05049088359046283
1 0.9444444444444444 0.167601683029453 0.012698412698412698 0.03225806451612903
1 0.7178571428571429 0.1767180925666199 0.01507936507936508 0.028050490883590462
1 0.7345238095238095 0.1935483870967742 0.01507936507936508 0.028050490883590462
