1 0.20567092651757188 0.4193548387096774 0.04073482428115016 0.0785413744740533
1 0.2955271565495208 0.2510518934081346 0.01437699680511182 0.030855539971949508
1 0.2899361022364217 0.24754558204768584 0.012779552715654952 0.02664796633941094
1 0.3126996805111821 0.22019635343618513 0.011980830670926517 0.02244039270687237
1 0.3270766773162939 0.27910238429172507 0.016773162939297124 0.033660589060308554
1 0.3506389776357827 0.21458625525946703 0.01437699680511182 0.030855539971949508
1 0.38498402555910544 0.2517531556802244 0.01597444089456869 0.03225806451612903
1 0.4029552715654952 0.229312762973352 0.015175718849840255 0.03506311360448808
1 0.42531948881789133 0.2664796633941094 0.019968051118210862 0.04207573632538569
1 0.4460862619808307 0.2138849929873773 0.019968051118210862 0.037868162692847124
1 0.42731629392971243 0.18373071528751753 0.012779552715654952 0.028050490883590462
1 0.40215654952076674 0.18653576437587657 0.011980830670926517 0.025245441795231416
1 0.4772364217252396 0.21669004207573633 0.016773162939297124 0.04067321178120617
1 0.4281150159744409 0.1640953716690042 0.01437699680511182 0.02244039270687237
1 0.40814696485623003 0.17391304347826086 0.012779552715654952 0.019635343618513323
1 0.4520766773162939 0.1563814866760168 0.009584664536741214 0.023842917251051893
1 0.468849840255591 0.1605890603085554 0.012779552715654952 0.021037868162692847
1 0.5019968051118211 0.19004207573632537 0.011980830670926517 0.029453015427769985
1 0.5503194888178914 0.19144460028050492 0.01437699680511182 0.02664796633941094
1 0.5463258785942492 0.16339410939691446 0.011182108626198083 0.023842917251051893
1 0.5547124600638977 0.14446002805049088 0.011980830670926517 0.025245441795231416
1 0.5251597444089456 0.14446002805049088 0.013578274760383386 0.025245441795231416
1 0.5099840255591054 0.14516129032258063 0.013578274760383386 0.023842917251051893
1 0.4952076677316294 0.13043478260869565 0.009584664536741214 0.019635343618513323
1 0.5738817891373802 0.1605890603085554 0.013578274760383386 0.029453015427769985
1 0.5750798722044728 0.13464235624123422 0.011182108626198083 0.02244039270687237
1 0.5858626198083067 0.14305750350631136 0.011980830670926517 0.025245441795231416
1 0.6098242811501597 0.1458625525946704 0.011980830670926517 0.028050490883590462
1 0.6273961661341853 0.1311360448807854 0.010383386581469648 0.02664796633941094
1 0.6142172523961661 0.10308555399719495 0.012779552715654952 0.02664796633941094
1 0.6573482428115016 0.11921458625525946 0.012779552715654952 0.028050490883590462
1 0.6681309904153354 0.12201963534361851 0.011980830670926517 0.028050490883590462
1 0.5011980830670927 0.29453015427769985 0.0231629392971246 0.04488078541374474
1 0.5439297124600638 0.3064516129032258 0.025559105431309903 0.04628330995792426
1 0.5806709265175719 0.24123422159887797 0.01757188498402556 0.03927068723702665
1 0.6106230031948882 0.20476858345021037 0.016773162939297124 0.03927068723702665
1 0.6273961661341853 0.2349228611500701 0.0231629392971246 0.04628330995792426
1 0.6553514376996805 0.2650771388499299 0.018370607028753993 0.03927068723702665
1 0.6641373801916932 0.2131837307152875 0.016773162939297124 0.03927068723702665
1 0.6541533546325878 0.17251051893408134 0.01757188498402556 0.030855539971949508
1 0.6960862619808307 0.18934081346423562 0.015175718849840255 0.033660589060308554
1 0.6940894568690096 0.1514726507713885 0.01597444089456869 0.0364656381486676
1 0.7256389776357827 0.15007012622720897 0.013578274760383386 0.030855539971949508
1 0.7212460063897763 0.21809256661991583 0.01757188498402556 0.043478260869565216
1 0.7144568690095846 0.28330995792426367 0.0231629392971246 0.047685834502103785
1 0.6849041533546325 0.31065918653576435 0.02476038338658147 0.0546984572230014
1 0.7683706070287539 0.33099579242636745 0.027156549520766772 0.05890603085553997
1 0.8007188498402555 0.2980364656381487 0.019968051118210862 0.04628330995792426
1 0.8466453674121406 0.31626928471248245 0.019169329073482427 0.04908835904628331
1 0.7571884984025559 0.22159887798036465 0.019169329073482427 0.0364656381486676
1 0.7448083067092651 0.19214586255259467 0.015175718849840255 0.033660589060308554
1 0.7464057507987221 0.16129032258064516 0.015175718849840255 0.030855539971949508
1 0.7671725239616614 0.1311360448807854 0.015175718849840255 0.02664796633941094
1 0.7655750798722044 0.18092566619915848 0.013578274760383386 0.028050490883590462
1 0.7875399361022364 0.15778401122019636 0.011182108626198083 0.02664796633941094
1 0.8023162939297124 0.14446002805049088 0.011980830670926517 0.02244039270687237
1 0.8075079872204473 0.17812061711079943 0.012779552715654952 0.0364656381486676
1 0.7847444089456869 0.21037868162692847 0.015175718849840255 0.033660589060308554
1 0.8170926517571885 0.22580645161290322 0.01757188498402556 0.04488078541374474
1 0.8362619808306709 0.2244039270687237 0.01437699680511182 0.028050490883590462
1 0.8310702875399361 0.16269284712482468 0.013578274760383386 0.028050490883590462
1 0.8362619808306709 0.13955119214586253 0.012779552715654952 0.029453015427769985
1 0.871405750798722 0.1458625525946704 0.012779552715654952 0.030855539971949508
1 0.8893769968051117 0.19424964936886396 0.015175718849840255 0.029453015427769985
1 0.8626198083067093 0.23632538569424966 0.01757188498402556 0.04628330995792426
1 0.8857827476038338 0.22580645161290322 0.01437699680511182 0.03927068723702665
1 0.9093450479233226 0.2461430575035063 0.019968051118210862 0.04628330995792426
