1 0.2275 0.68 0.035 0.060000000000000005
1 0.13625 0.6183333333333334 0.0275 0.043333333333333335
1 0.26125 0.65 0.0525 0.06666666666666667
1 0.33625 0.6916666666666668 0.0225 0.03666666666666667
1 0.3525 0.7050000000000001 0.025 0.03666666666666667
1 0.38625 0.6950000000000001 0.0225 0.043333333333333335
1 0.41125 0.6783333333333333 0.0325 0.05
1 0.4625 0.6566666666666667 0.04 0.05333333333333334
1 0.44 0.6783333333333333 0.03 0.05
1 0.51 0.6883333333333334 0.025 0.03666666666666667
1 0.5387500000000001 0.6866666666666668 0.0275 0.05333333333333334
1 0.59375 0.6816666666666668 0.0325 0.05
1 0.65125 0.66 0.0425 0.060000000000000005
1 0.7075 0.6900000000000001 0.04 0.060000000000000005
1 0.77625 0.6816666666666668 0.0375 0.05666666666666667
1 0.84125 0.6950000000000001 0.0325 0.05666666666666667
1 0.91 0.6916666666666668 0.04 0.06333333333333334
1 0.46125 0.91 0.1225 0.11333333333333334
1 0.84 0.9216666666666667 0.095 0.12333333333333334
