1 0.12760633861551293 0.5638606676342526 0.045037531276063386 0.08272859216255443
1 0.225604670558799 0.33599419448476053 0.01751459549624687 0.03918722786647315
1 0.25479566305254375 0.34615384615384615 0.020850708924103418 0.0420899854862119
1 0.27773144286905754 0.37082728592162556 0.025020850708924104 0.0420899854862119
1 0.2827356130108424 0.31059506531204645 0.020016680567139282 0.03773584905660377
1 0.32610508757297746 0.37010159651669083 0.02335279399499583 0.04644412191582003
1 0.34862385321100914 0.32220609579100146 0.01834862385321101 0.04354136429608128
1 0.35070892410341953 0.29390420899854863 0.0158465387823186 0.027576197387518143
1 0.384070058381985 0.33381712626995647 0.019182652210175146 0.03773584905660377
1 0.4070058381984987 0.3352685050798258 0.021684737281067554 0.040638606676342524
1 0.4061718098415346 0.29825834542815677 0.01834862385321101 0.033381712626995644
1 0.39616346955796494 0.2597968069666183 0.015012510425354461 0.03193033381712627
1 0.4286905754795663 0.2728592162554427 0.015012510425354461 0.03193033381712627
1 0.43160967472894074 0.30551523947750364 0.019182652210175146 0.0420899854862119
1 0.4482902418682235 0.33381712626995647 0.022518765638031693 0.04354136429608128
1 0.4708090075062552 0.3047895500725689 0.019182652210175146 0.03193033381712627
1 0.5058381984987489 0.31567489114658925 0.022518765638031693 0.04499274310595065
1 0.4762301918265221 0.2641509433962264 0.016680567139282735 0.03483309143686502
1 0.45829858215179314 0.2467343976777939 0.01751459549624687 0.02902757619738752
1 0.46747289407839865 0.2358490566037736 0.01751459549624687 0.030478955007256895
1 0.494161801501251 0.2656023222060958 0.019182652210175146 0.03773584905660377
1 0.5054211843202668 0.25689404934687954 0.016680567139282735 0.03193033381712627
1 0.5187656380316931 0.24238026124818576 0.016680567139282735 0.03483309143686502
1 0.5225187656380317 0.27358490566037735 0.01751459549624687 0.036284470246734396
1 0.5417014178482068 0.25036284470246734 0.01751459549624687 0.033381712626995644
1 0.554628857381151 0.2793904208998549 0.01834862385321101 0.036284470246734396
1 0.5763135946622185 0.25689404934687954 0.016680567139282735 0.03483309143686502
1 0.5721434528773978 0.22786647314949202 0.011676396997497914 0.026124818577648767
1 0.5663052543786489 0.2169811320754717 0.010008340283569641 0.02177068214804064
1 0.585904920767306 0.2358490566037736 0.014178482068390324 0.030478955007256895
1 0.603836530442035 0.2220609579100145 0.013344453711426188 0.02902757619738752
1 0.6080066722268557 0.204644412191582 0.015012510425354461 0.026124818577648767
1 0.5988323603002502 0.2467343976777939 0.015012510425354461 0.03193033381712627
1 0.628023352793995 0.21262699564586357 0.016680567139282735 0.030478955007256895
1 0.6409507923269391 0.2227866473149492 0.012510425354462052 0.030478955007256895
1 0.6447039199332777 0.24310595065312046 0.01834862385321101 0.036284470246734396
1 0.6655546288573811 0.204644412191582 0.015012510425354461 0.02902757619738752
1 0.6759799833194329 0.22641509433962265 0.014178482068390324 0.02902757619738752
1 0.6868223519599667 0.22423802612481858 0.010842368640533777 0.02467343976777939
1 0.4908256880733945 0.38824383164005805 0.03252710592160133 0.06531204644412192
1 0.548790658882402 0.4042089985486212 0.03502919099249374 0.05370101596516691
1 0.5417014178482068 0.3505079825834543 0.02585487906588824 0.04499274310595065
1 0.5909090909090909 0.37155297532656023 0.024186822351959965 0.04934687953555878
1 0.5996663886572143 0.32946298984034833 0.021684737281067554 0.04354136429608128
1 0.5879899916597164 0.4448476052249637 0.03669724770642202 0.06821480406386067
1 0.640116763969975 0.46734397677793904 0.03586321934945788 0.07547169811320754
1 0.640116763969975 0.30261248185776485 0.020850708924103418 0.0420899854862119
1 0.6718098415346121 0.2779390420899855 0.019182652210175146 0.04499274310595065
1 0.6972477064220183 0.29825834542815677 0.020016680567139282 0.0420899854862119
1 0.6492910758965804 0.34760522496371554 0.022518765638031693 0.04499274310595065
1 0.6651376146788991 0.38098693759071117 0.027522935779816512 0.05370101596516691
1 0.6909924937447873 0.3621190130624093 0.022518765638031693 0.05079825834542816
1 0.7293577981651376 0.4042089985486212 0.029190992493744787 0.05370101596516691
1 0.7026688907422852 0.5500725689404935 0.042535446205170975 0.0783744557329463
1 0.8336113427856546 0.5065312046444121 0.0408673894912427 0.0841799709724238
1 0.8502919099249374 0.4477503628447025 0.029190992493744787 0.06821480406386067
1 0.7898248540450375 0.4274310595065312 0.0316930775646372 0.06531204644412192
1 0.7105921601334445 0.2997097242380261 0.020016680567139282 0.0420899854862119
1 0.7085070892410341 0.24528301886792453 0.01751459549624687 0.03483309143686502
1 0.7310258548790659 0.25036284470246734 0.019182652210175146 0.033381712626995644
1 0.7372810675562969 0.23657474600870826 0.015012510425354461 0.03483309143686502
1 0.7510425354462051 0.22714078374455732 0.014178482068390324 0.027576197387518143
1 0.7756463719766472 0.2714078374455733 0.016680567139282735 0.03483309143686502
1 0.7831526271893244 0.23875181422351233 0.015012510425354461 0.030478955007256895
1 0.8140116763969975 0.24383164005805516 0.016680567139282735 0.03773584905660377
1 0.8190158465387822 0.2692307692307692 0.015012510425354461 0.030478955007256895
1 0.8160967472894078 0.29825834542815677 0.01751459549624687 0.033381712626995644
1 0.8135946622185154 0.35921625544267055 0.024186822351959965 0.05079825834542816
1 0.9274395329441201 0.465166908563135 0.030025020850708923 0.062409288824383166
1 0.9186822351959967 0.3940493468795356 0.020850708924103418 0.047895500725689405
1 0.8623853211009174 0.37445573294629897 0.025020850708924104 0.05224963715529753
1 0.848206839032527 0.3076923076923077 0.016680567139282735 0.04354136429608128
1 0.859883236030025 0.2728592162554427 0.01834862385321101 0.03773584905660377
1 0.8465387823185988 0.25834542815674894 0.016680567139282735 0.03773584905660377
1 0.8790658882402002 0.2532656023222061 0.015012510425354461 0.033381712626995644
1 0.8936613844870726 0.3178519593613933 0.01751459549624687 0.040638606676342524
1 0.871976647206005 0.33599419448476053 0.019182652210175146 0.04499274310595065
1 0.9366138448707255 0.35413642960812775 0.01834862385321101 0.040638606676342524
1 0.9345287739783152 0.3113207547169811 0.014178482068390324 0.0420899854862119
1 0.9165971643035863 0.29898403483309144 0.016680567139282735 0.040638606676342524
1 0.8982485404503753 0.26995645863570394 0.015012510425354461 0.040638606676342524
1 0.9432860717264386 0.26995645863570394 0.01834862385321101 0.04354136429608128
