1 0.03226837060702876 0.4659154929577465 0.042172523961661344 0.08338028169014085
1 0.12332268370607029 0.6169014084507043 0.08817891373801917 0.167887323943662
1 0.218370607028754 0.5484507042253521 0.06038338658146965 0.1019718309859155
1 0.24440894568690097 0.5067605633802817 0.04281150159744409 0.07492957746478873
1 0.27971246006389777 0.45521126760563385 0.034824281150159744 0.05521126760563381
1 0.4094249201277955 0.2526760563380282 0.029712460063897765 0.05915492957746479
1 0.4742811501597444 0.46816901408450706 0.040575079872204475 0.06873239436619719
1 0.5035143769968051 0.512112676056338 0.04153354632587859 0.08338028169014085
1 0.4718849840255591 0.6194366197183099 0.07156549520766774 0.09633802816901409
1 0.49249201277955273 0.731830985915493 0.09169329073482428 0.18253521126760563
1 0.6343450479233227 0.4377464788732395 0.029712460063897765 0.07098591549295775
1 0.6591054313099042 0.43690140845070424 0.03194888178913738 0.0647887323943662
1 0.720926517571885 0.5016901408450705 0.05015974440894569 0.09408450704225353
1 0.8242811501597445 0.5459154929577466 0.07092651757188499 0.13070422535211268
1 0.7993610223642172 0.4140845070422535 0.03769968051118211 0.07098591549295775
1 0.8680511182108627 0.44422535211267605 0.03769968051118211 0.0771830985915493
1 0.8916932907348243 0.4019718309859155 0.0402555910543131 0.07380281690140846
1 0.9503194888178914 0.47323943661971835 0.06038338658146965 0.10028169014084508
1 0.9805111821086262 0.4374647887323944 0.038977635782747606 0.09746478873239438
