1 0.20381836945304435 0.3271375464684015 0.05056759545923632 0.0966542750929368
1 0.3034055727554179 0.16356877323420074 0.02063983488132095 0.03345724907063197
1 0.3467492260061919 0.19609665427509293 0.016511867905056758 0.031598513011152414
1 0.542827657378741 0.1328996282527881 0.02270381836945304 0.04275092936802974
1 0.6228070175438596 0.18401486988847582 0.01547987616099071 0.040892193308550186
1 0.6171310629514963 0.2379182156133829 0.02063983488132095 0.03717472118959107
1 0.6408668730650154 0.2369888475836431 0.03095975232198142 0.05390334572490706
1 0.6831785345717234 0.2053903345724907 0.02063983488132095 0.04275092936802974
1 0.6811145510835913 0.17100371747211895 0.02063983488132095 0.03717472118959107
1 0.7156862745098038 0.19423791821561337 0.01547987616099071 0.03531598513011152
1 0.696078431372549 0.25185873605947956 0.02373581011351909 0.05390334572490706
1 0.7352941176470588 0.2778810408921933 0.021671826625386994 0.05390334572490706
1 0.8369453044375644 0.24070631970260223 0.02270381836945304 0.04275092936802974
1 0.8802889576883384 0.2574349442379182 0.018575851393188854 0.03903345724907063
1 0.9308565531475748 0.43494423791821557 0.04747162022703818 0.1003717472118959
