1 0.04916666666666667 0.614713216957606 0.055 0.08728179551122195
1 0.08916666666666667 0.557356608478803 0.035 0.05236907730673317
1 0.11 0.5947630922693267 0.04 0.057356608478802994
1 0.02 0.6034912718204488 0.03666666666666667 0.06483790523690773
1 0.14833333333333334 0.7618453865336658 0.09666666666666668 0.15211970074812967
1 0.1675 0.841645885286783 0.11166666666666668 0.15710723192019949
1 0.2841666666666667 0.8528678304239401 0.125 0.2344139650872818
1 0.3141666666666667 0.697007481296758 0.06833333333333334 0.10224438902743142
1 0.26333333333333336 0.7007481296758105 0.06333333333333334 0.08478802992518703
1 0.265 0.64214463840399 0.05 0.0773067331670823
1 0.1575 0.6346633416458852 0.055 0.08229426433915212
1 0.18083333333333335 0.6047381546134664 0.045000000000000005 0.06733167082294264
1 0.3016666666666667 0.6084788029925187 0.04 0.059850374064837904
1 0.38 0.6521197007481296 0.05666666666666667 0.09226932668329177
1 0.5225000000000001 0.4476309226932668 0.125 0.22693266832917705
1 0.6533333333333333 0.7880299251870324 0.08666666666666667 0.18453865336658354
1 0.7133333333333334 0.64214463840399 0.05 0.09725685785536159
1 0.7666666666666667 0.6384039900249376 0.05666666666666667 0.10972568578553615
1 0.8266666666666668 0.6309226932668329 0.060000000000000005 0.09975062344139651
1 0.8183333333333334 0.7955112219451371 0.08 0.13466334164588528
1 0.9208333333333334 0.8316708229426434 0.115 0.1770573566084788
1 0.9208333333333334 0.7044887780548629 0.055 0.09226932668329177
1 0.9116666666666667 0.6184538653366584 0.05 0.0798004987531172
1 0.9725 0.6346633416458852 0.05166666666666667 0.0773067331670823
1 0.9766666666666667 0.7668329177057357 0.04666666666666667 0.1371571072319202
