1 0.1726078799249531 0.49916107382550334 0.03377110694183865 0.0721476510067114
1 0.275328330206379 0.23741610738255034 0.012195121951219513 0.031879194630872486
1 0.2973733583489681 0.2550335570469799 0.0150093808630394 0.026845637583892617
1 0.30909943714821764 0.21392617449664428 0.012195121951219513 0.028523489932885907
1 0.31613508442776733 0.23657718120805368 0.0150093808630394 0.03355704697986577
1 0.3395872420262664 0.2483221476510067 0.016885553470919325 0.040268456375838924
1 0.3447467166979362 0.2105704697986577 0.012195121951219513 0.031879194630872486
1 0.3527204502814259 0.22651006711409397 0.0150093808630394 0.03691275167785235
1 0.36350844277673544 0.23993288590604026 0.014071294559099437 0.040268456375838924
1 0.37664165103189495 0.18540268456375839 0.014071294559099437 0.031879194630872486
1 0.39118198874296434 0.18540268456375839 0.0150093808630394 0.03523489932885906
1 0.3878986866791745 0.2156040268456376 0.01594746716697936 0.03859060402684564
1 0.39305816135084426 0.26174496644295303 0.016885553470919325 0.03355704697986577
1 0.4272983114446529 0.25419463087248323 0.017823639774859287 0.03859060402684564
1 0.4160412757973734 0.1837248322147651 0.014071294559099437 0.031879194630872486
1 0.4469981238273921 0.17953020134228187 0.014071294559099437 0.03691275167785235
1 0.4606003752345216 0.22315436241610737 0.0150093808630394 0.040268456375838924
1 0.474202626641651 0.2256711409395973 0.01594746716697936 0.03859060402684564
1 0.45637898686679174 0.14681208053691275 0.010318949343339587 0.02181208053691275
1 0.4695121951219512 0.15436241610738255 0.012195121951219513 0.016778523489932886
1 0.47607879924953095 0.16526845637583892 0.010318949343339587 0.018456375838926176
1 0.48358348968105064 0.13758389261744966 0.012195121951219513 0.026845637583892617
1 0.49577861163227016 0.1442953020134228 0.012195121951219513 0.020134228187919462
1 0.4798311444652908 0.18791946308724833 0.01594746716697936 0.026845637583892617
1 0.5028142589118199 0.18624161073825504 0.0150093808630394 0.026845637583892617
1 0.5201688555347092 0.16191275167785235 0.014071294559099437 0.028523489932885907
1 0.5234521575984991 0.18708053691275167 0.0150093808630394 0.031879194630872486
1 0.551125703564728 0.15604026845637584 0.012195121951219513 0.026845637583892617
1 0.5628517823639775 0.14848993288590603 0.01125703564727955 0.02181208053691275
1 0.5609756097560976 0.11828859060402684 0.013133208255159474 0.028523489932885907
1 0.5834896810506567 0.12080536912751677 0.01125703564727955 0.026845637583892617
1 0.5905253283302064 0.13926174496644295 0.012195121951219513 0.026845637583892617
1 0.5820825515947468 0.16023489932885907 0.014071294559099437 0.03523489932885906
1 0.6088180112570356 0.11912751677852348 0.01125703564727955 0.026845637583892617
1 0.6149155722326454 0.14261744966442952 0.012195121951219513 0.02348993288590604
1 0.6322701688555347 0.13338926174496643 0.013133208255159474 0.025167785234899327
1 0.6378986866791745 0.11073825503355704 0.01125703564727955 0.02348993288590604
1 0.625234521575985 0.19798657718120805 0.01594746716697936 0.03355704697986577
1 0.6529080675422139 0.17365771812080535 0.0150093808630394 0.031879194630872486
1 0.6815196998123827 0.11996644295302013 0.012195121951219513 0.025167785234899327
1 0.5666041275797373 0.2835570469798658 0.0225140712945591 0.0436241610738255
1 0.5187617260787992 0.29697986577181207 0.020637898686679174 0.03355704697986577
1 0.550187617260788 0.24496644295302014 0.017823639774859287 0.026845637583892617
1 0.6196060037523452 0.24664429530201343 0.019699812382739212 0.040268456375838924
1 0.6421200750469043 0.313758389261745 0.025328330206378986 0.050335570469798654
1 0.6712007504690432 0.2156040268456376 0.019699812382739212 0.031879194630872486
1 0.6810506566604128 0.25083892617449666 0.016885553470919325 0.05201342281879195
1 0.7049718574108818 0.27684563758389263 0.021575984990619138 0.053691275167785234
1 0.7650093808630394 0.27348993288590606 0.02345215759849906 0.053691275167785234
1 0.7537523452157598 0.23573825503355705 0.019699812382739212 0.04530201342281879
1 0.7082551594746717 0.21308724832214765 0.0225140712945591 0.03355704697986577
1 0.6955909943714822 0.1820469798657718 0.017823639774859287 0.03859060402684564
1 0.6899624765478424 0.14848993288590603 0.014071294559099437 0.028523489932885907
1 0.7143527204502814 0.13087248322147652 0.012195121951219513 0.030201342281879193
1 0.7209193245778611 0.15855704697986578 0.014071294559099437 0.028523489932885907
1 0.7312382739212008 0.13338926174496643 0.014071294559099437 0.02181208053691275
1 0.7476547842401501 0.13338926174496643 0.013133208255159474 0.031879194630872486
1 0.7626641651031895 0.12332214765100671 0.013133208255159474 0.025167785234899327
1 0.7363977485928705 0.18791946308724833 0.016885553470919325 0.03355704697986577
1 0.7654784240150094 0.1568791946308725 0.016885553470919325 0.031879194630872486
1 0.7842401500938087 0.14681208053691275 0.013133208255159474 0.028523489932885907
1 0.799718574108818 0.15268456375838926 0.014071294559099437 0.026845637583892617
1 0.775797373358349 0.20134228187919462 0.020637898686679174 0.050335570469798654
1 0.8264540337711069 0.15016778523489932 0.01125703564727955 0.02181208053691275
1 0.8452157598499062 0.15604026845637584 0.013133208255159474 0.02348993288590604
1 0.8461538461538461 0.174496644295302 0.0150093808630394 0.030201342281879193
1 0.8372420262664165 0.19379194630872482 0.014071294559099437 0.03859060402684564
1 0.8621013133208255 0.23070469798657717 0.01876172607879925 0.04530201342281879
1 0.8395872420262664 0.29446308724832215 0.0225140712945591 0.04865771812080537
1 0.8949343339587242 0.19546979865771813 0.0150093808630394 0.03523489932885906
1 0.8846153846153846 0.17030201342281878 0.013133208255159474 0.028523489932885907
1 0.8902439024390244 0.15520134228187918 0.013133208255159474 0.025167785234899327
1 0.9291744840525328 0.24412751677852348 0.017823639774859287 0.03523489932885906
1 0.9305816135084428 0.2634228187919463 0.0225140712945591 0.040268456375838924
