1 0.32598425196850395 0.21711456859971712 0.01732283464566929 0.026874115983026876
1 0.3531496062992126 0.21994342291371996 0.01653543307086614 0.029702970297029705
1 0.3850393700787402 0.3097595473833098 0.026771653543307086 0.04809052333804809
1 0.48464566929133857 0.20297029702970298 0.01811023622047244 0.03536067892503536
1 0.5661417322834645 0.17114568599717114 0.01889763779527559 0.033946251768033946
1 0.5594488188976378 0.1173974540311174 0.01653543307086614 0.02545968882602546
1 0.49881889763779524 0.1548797736916549 0.011811023622047244 0.024045261669024046
1 0.8062992125984252 0.4024045261669024 0.03307086614173228 0.0777934936350778
1 0.8673228346456693 0.10042432814710042 0.01653543307086614 0.02828854314002829
1 0.8996062992125984 0.1463932107496464 0.011811023622047244 0.029702970297029705
