1 0.13256606990622335 0.5097902097902098 0.04859335038363171 0.08531468531468532
1 0.22549019607843138 0.3321678321678322 0.021312872975277068 0.03776223776223776
1 0.2566069906223359 0.334965034965035 0.02216538789428815 0.04055944055944056
1 0.2830349531116795 0.35454545454545455 0.02216538789428815 0.03776223776223776
1 0.28431372549019607 0.3006993006993007 0.0196078431372549 0.03636363636363636
1 0.33034953111679455 0.36363636363636365 0.023017902813299233 0.050349650349650346
1 0.3512361466325661 0.3195804195804196 0.01875532821824382 0.032167832167832165
1 0.35421994884910485 0.2846153846153846 0.0196078431372549 0.03496503496503497
1 0.38917306052855927 0.32447552447552447 0.0196078431372549 0.03636363636363636
1 0.4100596760443308 0.32237762237762235 0.023870417732310314 0.03776223776223776
1 0.4083546462063086 0.2923076923076923 0.01875532821824382 0.03076923076923077
1 0.3976982097186701 0.25314685314685315 0.017902813299232736 0.03076923076923077
1 0.427536231884058 0.25244755244755246 0.01619778346121057 0.026573426573426574
1 0.4462915601023018 0.25524475524475526 0.014492753623188406 0.026573426573426574
1 0.4356351236146633 0.3 0.020460358056265983 0.03776223776223776
1 0.4595055413469736 0.33076923076923076 0.02216538789428815 0.043356643356643354
1 0.47698209718670076 0.3020979020979021 0.0196078431372549 0.03636363636363636
1 0.46248934356351235 0.23986013986013985 0.01619778346121057 0.03496503496503497
1 0.47570332480818417 0.2545454545454545 0.013640238704177323 0.03076923076923077
1 0.47357203751065646 0.2230769230769231 0.014492753623188406 0.026573426573426574
1 0.49872122762148335 0.25524475524475526 0.013640238704177323 0.026573426573426574
1 0.5106564364876386 0.2517482517482518 0.011935208866155157 0.025174825174825173
1 0.5213128729752771 0.23566433566433567 0.014492753623188406 0.026573426573426574
1 0.526001705029838 0.27062937062937065 0.017050298380221655 0.03496503496503497
1 0.5473145780051151 0.24965034965034966 0.017050298380221655 0.03496503496503497
1 0.5639386189258312 0.26783216783216784 0.017902813299232736 0.04055944055944056
1 0.5076726342710998 0.3132867132867133 0.021312872975277068 0.044755244755244755
1 0.5831202046035806 0.24965034965034966 0.013640238704177323 0.032167832167832165
1 0.5733162830349531 0.213986013986014 0.01278772378516624 0.027972027972027972
1 0.5942028985507246 0.22657342657342658 0.013640238704177323 0.025174825174825173
1 0.6104006820119352 0.23916083916083916 0.015345268542199489 0.03636363636363636
1 0.6142369991474851 0.21328671328671328 0.011082693947144074 0.023776223776223775
1 0.618073316283035 0.1986013986013986 0.011935208866155157 0.027972027972027972
1 0.6436487638533674 0.24195804195804196 0.015345268542199489 0.033566433566433566
1 0.6427962489343564 0.2125874125874126 0.015345268542199489 0.027972027972027972
1 0.6777493606138107 0.2020979020979021 0.015345268542199489 0.026573426573426574
1 0.685848252344416 0.22237762237762237 0.011082693947144074 0.027972027972027972
1 0.6990622335890878 0.2153846153846154 0.017050298380221655 0.03636363636363636
1 0.6794543904518329 0.2699300699300699 0.020460358056265983 0.04195804195804196
1 0.6398124467178176 0.2944055944055944 0.021312872975277068 0.04055944055944056
1 0.6057118499573743 0.320979020979021 0.023017902813299233 0.043356643356643354
1 0.6023017902813299 0.36013986013986016 0.028132992327365727 0.05454545454545454
1 0.5541346973572038 0.3965034965034965 0.030690537084398978 0.05174825174825175
1 0.5434782608695652 0.35454545454545455 0.026427962489343565 0.05174825174825175
1 0.5098039215686274 0.3678321678321678 0.040920716112531966 0.05314685314685315
1 0.6206308610400681 0.4188811188811189 0.03239556692242114 0.06293706293706294
1 0.6500426257459505 0.45384615384615384 0.03836317135549872 0.06293706293706294
1 0.6743393009377664 0.37272727272727274 0.030690537084398978 0.06293706293706294
1 0.6560102301790282 0.32867132867132864 0.0247229326513214 0.044755244755244755
1 0.6977834612105712 0.28251748251748254 0.017902813299232736 0.039160839160839164
1 0.7225063938618925 0.2944055944055944 0.0196078431372549 0.043356643356643354
1 0.7169650468883205 0.24335664335664337 0.015345268542199489 0.03076923076923077
1 0.7536231884057971 0.24685314685314685 0.015345268542199489 0.032167832167832165
1 0.7476555839727195 0.23426573426573427 0.013640238704177323 0.026573426573426574
1 0.7617220801364024 0.22377622377622378 0.014492753623188406 0.033566433566433566
1 0.7041773231031543 0.34685314685314683 0.027280477408354646 0.05314685314685315
1 0.7391304347826086 0.393006993006993 0.028985507246376812 0.05314685314685315
1 0.7097186700767263 0.527972027972028 0.043478260869565216 0.07412587412587412
1 0.7996589940323956 0.41188811188811186 0.03239556692242114 0.057342657342657345
1 0.829070758738278 0.35104895104895106 0.023017902813299233 0.050349650349650346
1 0.8307757885763001 0.2895104895104895 0.017902813299232736 0.03076923076923077
1 0.7796248934356351 0.2762237762237762 0.01619778346121057 0.043356643356643354
1 0.7928388746803069 0.2601398601398601 0.017050298380221655 0.03076923076923077
1 0.7975277067348678 0.23216783216783216 0.01619778346121057 0.033566433566433566
1 0.8260869565217391 0.23846153846153847 0.015345268542199489 0.032167832167832165
1 0.8333333333333334 0.26083916083916087 0.017902813299232736 0.032167832167832165
1 0.860613810741688 0.25244755244755246 0.014492753623188406 0.02937062937062937
1 0.8682864450127877 0.26503496503496504 0.014492753623188406 0.032167832167832165
1 0.8627450980392157 0.3090909090909091 0.01875532821824382 0.04755244755244755
1 0.8780903665814151 0.3678321678321678 0.02216538789428815 0.05314685314685315
1 0.86615515771526 0.4342657342657343 0.030690537084398978 0.06293706293706294
1 0.8482523444160273 0.5020979020979021 0.0392156862745098 0.06713286713286713
1 0.9424552429667519 0.4552447552447552 0.03324808184143223 0.06013986013986014
1 0.9360613810741688 0.3825174825174825 0.027280477408354646 0.05174825174825175
1 0.9505541346973572 0.3531468531468531 0.023870417732310314 0.046153846153846156
1 0.928388746803069 0.32237762237762235 0.01875532821824382 0.046153846153846156
1 0.8857630008525149 0.32797202797202796 0.020460358056265983 0.03776223776223776
1 0.8925831202046036 0.24825174825174826 0.017050298380221655 0.032167832167832165
1 0.9143222506393862 0.27132867132867133 0.0196078431372549 0.04195804195804196
1 0.9526854219948849 0.2993006993006993 0.017902813299232736 0.033566433566433566
1 0.954390451832907 0.2636363636363636 0.014492753623188406 0.032167832167832165
1 0.9335038363171355 0.2993006993006993 0.015345268542199489 0.03076923076923077
