1 0.031821797931583136 0.4208211143695015 0.023866348448687354 0.05571847507331378
1 0.23269689737470167 0.34310850439882695 0.01988862370723946 0.04105571847507331
1 0.2581543357199682 0.35703812316715544 0.023070803500397773 0.051319648093841645
1 0.2856006364359586 0.37609970674486803 0.020684168655529037 0.04838709677419355
1 0.28202068416865556 0.3159824046920821 0.01988862370723946 0.036656891495601175
1 0.33333333333333337 0.36730205278592376 0.028639618138424822 0.06304985337243402
1 0.3743038981702466 0.35777126099706746 0.01988862370723946 0.03519061583577712
1 0.36674622116149563 0.3313782991202346 0.017501988862370726 0.03225806451612903
1 0.35163086714399366 0.29838709677419356 0.01909307875894988 0.039589442815249266
1 0.40055688146380275 0.3519061583577713 0.023070803500397773 0.04985337243401759
1 0.44669848846459825 0.3497067448680352 0.02466189339697693 0.045454545454545456
1 0.38186157517899766 0.2668621700879765 0.014319809069212411 0.04105571847507331
1 0.3949880668257757 0.2829912023460411 0.01511535401750199 0.03519061583577712
1 0.4041368337311058 0.30498533724340177 0.015910898965791568 0.03812316715542522
1 0.4212410501193318 0.2895894428152493 0.01511535401750199 0.030791788856304986
1 0.4331742243436754 0.3159824046920821 0.018297533810660304 0.036656891495601175
1 0.4610182975338107 0.312316715542522 0.016706443914081145 0.03812316715542522
1 0.41845664280031825 0.26759530791788855 0.014319809069212411 0.030791788856304986
1 0.4498806682577566 0.250733137829912 0.011933174224343677 0.03519061583577712
1 0.4610182975338107 0.2404692082111437 0.011933174224343677 0.02932551319648094
1 0.4630071599045346 0.2668621700879765 0.015910898965791568 0.03225806451612903
1 0.4904534606205251 0.27126099706744866 0.016706443914081145 0.03519061583577712
1 0.5039777247414479 0.28885630498533726 0.018297533810660304 0.03812316715542522
1 0.5107398568019094 0.32404692082111436 0.017501988862370726 0.04105571847507331
1 0.5497215592680986 0.29545454545454547 0.022275258552108195 0.04252199413489736
1 0.5250596658711217 0.26173020527859236 0.015910898965791568 0.036656891495601175
1 0.5067621320604614 0.24926686217008798 0.015910898965791568 0.03519061583577712
1 0.5409705648369133 0.23313782991202345 0.015910898965791568 0.02932551319648094
1 0.5592680986475737 0.24780058651026393 0.015910898965791568 0.03225806451612903
1 0.5588703261734288 0.2280058651026393 0.013524264120922832 0.02785923753665689
1 0.5910898965791568 0.25439882697947214 0.015910898965791568 0.039589442815249266
1 0.5918854415274464 0.22727272727272727 0.014319809069212411 0.03225806451612903
1 0.628480509148767 0.25513196480938416 0.015910898965791568 0.03519061583577712
1 0.5998408910103421 0.21334310850439883 0.012728719172633254 0.03372434017595308
1 0.6109785202863962 0.22140762463343108 0.012728719172633254 0.02932551319648094
1 0.6233094669848847 0.23020527859237536 0.011933174224343677 0.02932551319648094
1 0.6420047732696897 0.22067448680351906 0.012728719172633254 0.024926686217008796
1 0.6392203659506762 0.23826979472140764 0.010342084327764518 0.024926686217008796
1 0.654733492442323 0.23313782991202345 0.012728719172633254 0.02932551319648094
1 0.669848846459825 0.23460410557184752 0.014319809069212411 0.03225806451612903
1 0.4904534606205251 0.4046920821114369 0.03261734287987272 0.07038123167155425
1 0.5326173428798727 0.41642228739002934 0.027844073190135245 0.06158357771260997
1 0.5298329355608592 0.37609970674486803 0.023866348448687354 0.04838709677419355
1 0.5839299920445505 0.33651026392961875 0.023866348448687354 0.04838709677419355
1 0.6197295147175815 0.313049853372434 0.01909307875894988 0.04252199413489736
1 0.634049323786794 0.34017595307917886 0.01909307875894988 0.0469208211143695
1 0.5982498011137629 0.3841642228739003 0.02545743834526651 0.05278592375366569
1 0.5966587112171838 0.44208211143695014 0.03659506762132061 0.0718475073313783
1 0.6527446300715991 0.4640762463343108 0.03420843277645187 0.0689149560117302
1 0.6439936356404137 0.37390029325513197 0.026252983293556086 0.06158357771260997
1 0.6758154335719968 0.3592375366568915 0.023070803500397773 0.05865102639296188
1 0.656722354813047 0.281524926686217 0.016706443914081145 0.03812316715542522
1 0.6865552903739062 0.25806451612903225 0.017501988862370726 0.03519061583577712
1 0.7147971360381862 0.25513196480938416 0.013524264120922832 0.03225806451612903
1 0.705648369132856 0.2998533724340176 0.01909307875894988 0.039589442815249266
1 0.7287191726332538 0.27712609970674484 0.012728719172633254 0.03812316715542522
1 0.7251392203659507 0.2287390029325513 0.013524264120922832 0.02932551319648094
1 0.7474144789180589 0.2873900293255132 0.016706443914081145 0.03519061583577712
1 0.7621320604614161 0.23533724340175954 0.014319809069212411 0.03372434017595308
1 0.7895783611774065 0.25 0.01511535401750199 0.039589442815249266
1 0.7442322991249006 0.25806451612903225 0.011933174224343677 0.02346041055718475
1 0.7549721559268099 0.2668621700879765 0.012728719172633254 0.03519061583577712
1 0.722752585521082 0.4120234604105572 0.026252983293556086 0.05865102639296188
1 0.700079554494829 0.5197947214076246 0.03818615751789976 0.08651026392961877
1 0.8134447096260939 0.5483870967741935 0.03579952267303103 0.07624633431085044
1 0.7700875099443119 0.41715542521994137 0.028639618138424822 0.05718475073313783
1 0.7911694510739857 0.37609970674486803 0.026252983293556086 0.05718475073313783
1 0.8253778838504375 0.4567448680351906 0.03261734287987272 0.06598240469208211
1 0.888623707239459 0.4736070381231672 0.03500397772474145 0.07331378299120235
1 0.8898170246618934 0.40689149560117305 0.023070803500397773 0.06304985337243402
1 0.854813046937152 0.36656891495601174 0.02466189339697693 0.05278592375366569
1 0.8333333333333334 0.41715542521994137 0.02466189339697693 0.054252199413489736
1 0.7923627684964201 0.31085043988269795 0.017501988862370726 0.03812316715542522
1 0.8229912490055689 0.31671554252199413 0.016706443914081145 0.04105571847507331
1 0.8329355608591886 0.2925219941348974 0.015910898965791568 0.03372434017595308
1 0.8206046141607001 0.2661290322580645 0.013524264120922832 0.036656891495601175
1 0.8377088305489261 0.27052785923753664 0.012728719172633254 0.02785923753665689
1 0.8496420047732697 0.2529325513196481 0.012728719172633254 0.03372434017595308
1 0.8703261734287988 0.29545454545454547 0.015910898965791568 0.039589442815249266
1 0.8504375497215593 0.3225806451612903 0.017501988862370726 0.04105571847507331
1 0.9025457438345267 0.36363636363636365 0.016706443914081145 0.04105571847507331
1 0.9005568814638027 0.33064516129032256 0.014319809069212411 0.03372434017595308
1 0.9108989657915673 0.2903225806451613 0.012728719172633254 0.026392961876832845
1 0.9089101034208433 0.3218475073313783 0.011933174224343677 0.03372434017595308
