1 0.10710944808231992 0.29583333333333334 0.023386342376052385 0.04833333333333334
1 0.13376987839101964 0.30250000000000005 0.026192703461178673 0.05166666666666667
1 0.32787652011225443 0.22416666666666668 0.015902712815715623 0.028333333333333335
1 0.35126286248830685 0.22333333333333336 0.019644527595884004 0.030000000000000002
1 0.35360149672591207 0.25833333333333336 0.0205799812909261 0.04
1 0.3783910196445276 0.2366666666666667 0.019644527595884004 0.03666666666666667
1 0.3914873713751169 0.28583333333333333 0.025257249766136577 0.05166666666666667
1 0.36202057998129095 0.3075 0.02432179607109448 0.045000000000000005
1 0.38353601496725914 0.18583333333333335 0.013096351730589336 0.03166666666666667
1 0.3971000935453695 0.18500000000000003 0.015902712815715623 0.03333333333333333
1 0.42188961646398504 0.18833333333333335 0.014967259120673527 0.03333333333333333
1 0.4490177736202058 0.18416666666666667 0.01683816651075772 0.03833333333333334
1 0.46117867165575305 0.20083333333333334 0.01683816651075772 0.03166666666666667
1 0.4677268475210477 0.23333333333333334 0.022450888681010292 0.05
1 0.4747427502338634 0.19666666666666668 0.01777362020579981 0.03666666666666667
1 0.490177736202058 0.15333333333333335 0.018709073900841908 0.03333333333333333
1 0.5210477081384471 0.17333333333333334 0.018709073900841908 0.03666666666666667
1 0.5514499532273153 0.15916666666666668 0.01777362020579981 0.03166666666666667
1 0.49345182413470534 0.2991666666666667 0.028999064546304958 0.05166666666666667
1 0.5757717492984097 0.13166666666666668 0.01777362020579981 0.03333333333333333
1 0.5898035547240411 0.16083333333333336 0.021515434985968196 0.04166666666666667
1 0.627221702525725 0.1991666666666667 0.019644527595884004 0.03833333333333334
1 0.6192703461178671 0.25083333333333335 0.02432179607109448 0.05166666666666667
1 0.6557530402245089 0.2733333333333334 0.029934518241347054 0.05666666666666667
1 0.6608980355472405 0.20750000000000002 0.021515434985968196 0.04166666666666667
1 0.6856875584658559 0.22333333333333336 0.026192703461178673 0.05
1 0.695509822263798 0.1625 0.019644527595884004 0.03833333333333334
1 0.7338634237605238 0.2025 0.023386342376052385 0.04166666666666667
1 0.7694106641721234 0.1675 0.019644527595884004 0.04166666666666667
1 0.7544434050514499 0.24333333333333335 0.021515434985968196 0.04666666666666667
1 0.7095416276894294 0.2791666666666667 0.025257249766136577 0.055
1 0.7591206735266605 0.3125 0.028999064546304958 0.055
1 0.8367633302151544 0.32583333333333336 0.03086997193638915 0.06166666666666667
1 0.921421889616464 0.2325 0.02432179607109448 0.04833333333333334
