1 0.022988505747126436 0.4598092643051771 0.03284072249589491 0.05858310626702997
1 0.23029556650246305 0.329700272479564 0.013957307060755337 0.0326975476839237
1 0.256568144499179 0.3555858310626703 0.01888341543513957 0.04632152588555858
1 0.2828407224958949 0.30517711171662126 0.017241379310344827 0.0326975476839237
1 0.29351395730706076 0.35354223433242504 0.017241379310344827 0.039509536784741145
1 0.33374384236453203 0.34741144414168934 0.020525451559934318 0.04632152588555858
1 0.3522167487684729 0.3188010899182561 0.016420361247947456 0.02997275204359673
1 0.35467980295566504 0.2813351498637602 0.014778325123152709 0.025885558583106268
1 0.38341543513957305 0.3235694822888283 0.014778325123152709 0.03678474114441417
1 0.409688013136289 0.3310626702997275 0.019704433497536946 0.03542234332425068
1 0.46551724137931033 0.39509536784741145 0.027914614121510674 0.05449591280653951
1 0.44950738916256155 0.3310626702997275 0.022167487684729065 0.03814713896457766
1 0.5426929392446633 0.3930517711171662 0.026272577996715927 0.04223433242506812
1 0.5935960591133005 0.42847411444141686 0.026272577996715927 0.055858310626702996
1 0.6555829228243021 0.4352861035422343 0.023809523809523808 0.061307901907356945
1 0.7052545155993432 0.46389645776566757 0.03284072249589491 0.07493188010899182
1 0.8197865353037767 0.48433242506811985 0.028735632183908046 0.061307901907356945
1 0.9084564860426929 0.4529972752043597 0.025451559934318555 0.061307901907356945
1 0.8456486042692939 0.46185286103542234 0.026272577996715927 0.05449591280653951
1 0.7828407224958949 0.41689373297002724 0.028735632183908046 0.05994550408719346
1 0.7188013136288998 0.4039509536784741 0.023809523809523808 0.04495912806539509
1 0.6539408866995073 0.3664850136239782 0.01888341543513957 0.04632152588555858
1 0.5324302134646962 0.3433242506811989 0.022167487684729065 0.04087193460490463
1 0.5028735632183908 0.3079019073569482 0.015599343185550082 0.03542234332425068
1 0.38916256157635465 0.2608991825613079 0.014778325123152709 0.025885558583106268
1 0.4088669950738916 0.2608991825613079 0.013136288998357963 0.025885558583106268
1 0.4273399014778325 0.23841961852861035 0.01231527093596059 0.021798365122615803
1 0.4454022988505747 0.25749318801089915 0.015599343185550082 0.02997275204359673
1 0.4757799671592775 0.2595367847411444 0.013957307060755337 0.031335149863760216
1 0.5028735632183908 0.25885558583106266 0.01231527093596059 0.027247956403269755
1 0.5155993431855501 0.26907356948228883 0.013136288998357963 0.031335149863760216
1 0.5258620689655172 0.24591280653950953 0.01231527093596059 0.02861035422343324
1 0.5435139573070608 0.247275204359673 0.019704433497536946 0.02316076294277929
1 0.5615763546798029 0.2704359673024523 0.014778325123152709 0.03405994550408719
1 0.5800492610837438 0.2547683923705722 0.015599343185550082 0.0326975476839237
1 0.6855500821018062 0.35967302452316074 0.0180623973727422 0.03542234332425068
1 0.8119868637110016 0.3494550408719346 0.02134646962233169 0.04495912806539509
1 0.8575533661740558 0.35967302452316074 0.023809523809523808 0.043596730245231606
1 0.834975369458128 0.329700272479564 0.014778325123152709 0.03542234332425068
1 0.8760262725779967 0.3467302452316076 0.0180623973727422 0.039509536784741145
1 0.9384236453201971 0.34877384196185285 0.0180623973727422 0.03814713896457766
1 0.6884236453201971 0.29904632152588556 0.01888341543513957 0.03678474114441417
1 0.59688013136289 0.3310626702997275 0.022988505747126436 0.03542234332425068
1 0.6350574712643678 0.29768392370572205 0.022167487684729065 0.039509536784741145
1 0.6609195402298851 0.2622615803814714 0.0180623973727422 0.031335149863760216
1 0.6013957307060755 0.247275204359673 0.010673234811165845 0.02316076294277929
1 0.7257799671592775 0.279291553133515 0.016420361247947456 0.02997275204359673
1 0.7019704433497537 0.24659400544959126 0.014778325123152709 0.02997275204359673
1 0.7344006568144499 0.2438692098092643 0.017241379310344827 0.0326975476839237
1 0.7779146141215106 0.27997275204359673 0.013957307060755337 0.03405994550408719
1 0.8156814449917897 0.2983651226158038 0.015599343185550082 0.03542234332425068
1 0.8505747126436781 0.27452316076294275 0.014778325123152709 0.02861035422343324
1 0.876847290640394 0.3010899182561308 0.014778325123152709 0.0326975476839237
1 0.9055829228243021 0.32084468664850135 0.0180623973727422 0.03405994550408719
1 0.8932676518883416 0.2724795640326975 0.016420361247947456 0.027247956403269755
1 0.8735632183908045 0.2561307901907357 0.013136288998357963 0.03814713896457766
1 0.931855500821018 0.30245231607629425 0.013136288998357963 0.0326975476839237
1 0.82183908045977 0.26294277929155313 0.013136288998357963 0.0326975476839237
1 0.7947454844006568 0.23978201634877383 0.014778325123152709 0.0326975476839237
1 0.7807881773399015 0.2411444141689373 0.011494252873563218 0.024523160762942777
1 0.7614942528735632 0.22820163487738418 0.013957307060755337 0.025885558583106268
1 0.6999178981937603 0.21866485013623976 0.01231527093596059 0.02861035422343324
1 0.6087848932676518 0.20299727520435967 0.0090311986863711 0.027247956403269755
1 0.55623973727422 0.2268392370572207 0.010673234811165845 0.031335149863760216
1 0.5722495894909688 0.21730245231607628 0.013136288998357963 0.02316076294277929
1 0.6362889983579638 0.21934604904632152 0.011494252873563218 0.024523160762942777
1 0.6613300492610837 0.21457765667574932 0.01231527093596059 0.02316076294277929
1 0.6756978653530378 0.22479564032697547 0.011494252873563218 0.024523160762942777
1 0.9359605911330049 0.2779291553133515 0.013136288998357963 0.02997275204359673
1 0.5915435139573071 0.38896457765667575 0.03201970443349753 0.04768392370572207
1 0.8394909688013136 0.3017711171662125 0.017241379310344827 0.02861035422343324
1 0.8415435139573071 0.24931880108991825 0.013136288998357963 0.027247956403269755
1 0.9174876847290641 0.30313351498637603 0.013957307060755337 0.039509536784741145
1 0.7635467980295566 0.25749318801089915 0.013136288998357963 0.024523160762942777
1 0.599343185550082 0.21662125340599453 0.011494252873563218 0.027247956403269755
1 0.6235632183908045 0.21321525885558582 0.010673234811165845 0.025885558583106268
1 0.6432676518883416 0.23705722070844687 0.01231527093596059 0.027247956403269755
1 0.40476190476190477 0.2956403269754768 0.013136288998357963 0.027247956403269755
1 0.43226600985221675 0.3065395095367847 0.01888341543513957 0.0326975476839237
1 0.465927750410509 0.3106267029972752 0.020525451559934318 0.03814713896457766
1 0.46428571428571425 0.23841961852861035 0.01231527093596059 0.024523160762942777
1 0.645320197044335 0.3433242506811989 0.019704433497536946 0.043596730245231606
