1 0.3301245753114383 0.14741035856573706 0.021517553793884488 0.0398406374501992
1 0.3867497168742922 0.12350597609561753 0.016987542468856174 0.027888446215139442
1 0.41676104190260477 0.21912350597609562 0.01812004530011325 0.03585657370517928
1 0.4518686296715742 0.2340637450199203 0.020385050962627407 0.037848605577689244
1 0.5509626274065685 0.1743027888446215 0.016987542468856174 0.029880478087649404
1 0.5634201585503964 0.18625498007968128 0.016987542468856174 0.04183266932270916
1 0.6194790486976218 0.13844621513944222 0.013590033975084938 0.029880478087649404
1 0.6370328425821065 0.1254980079681275 0.016987542468856174 0.03187250996015936
1 0.673272933182333 0.17031872509960158 0.014722536806342017 0.029880478087649404
1 0.680634201585504 0.22609561752988047 0.020385050962627407 0.045816733067729085
1 0.6313703284258211 0.2201195219123506 0.01925254813137033 0.04183266932270916
1 0.6245753114382786 0.27191235059760954 0.023782559456398643 0.049800796812749
1 0.6885617214043036 0.299800796812749 0.027180067950169876 0.049800796812749
1 0.6308040770101926 0.31772908366533864 0.029445073612684034 0.05776892430278884
1 0.9388448471121178 0.2410358565737052 0.020385050962627407 0.04780876494023904
