1 0.13153526970954357 0.5334302325581395 0.04066390041493776 0.06976744186046512
1 0.22780082987551867 0.342296511627907 0.017427385892116183 0.036337209302325583
1 0.25435684647302903 0.3633720930232558 0.01908713692946058 0.0377906976744186
1 0.2825726141078838 0.31468023255813954 0.015767634854771784 0.027616279069767442
1 0.2809128630705394 0.38226744186046513 0.01908713692946058 0.0377906976744186
1 0.33195020746887965 0.3648255813953488 0.023236514522821577 0.0436046511627907
1 0.3522821576763485 0.34084302325581395 0.015767634854771784 0.027616279069767442
1 0.3510373443983402 0.3015988372093023 0.014937759336099584 0.030523255813953487
1 0.391701244813278 0.2601744186046512 0.014937759336099584 0.029069767441860465
1 0.42697095435684645 0.2623546511627907 0.015767634854771784 0.024709302325581394
1 0.44439834024896263 0.26744186046511625 0.015767634854771784 0.03488372093023256
1 0.46721991701244814 0.24345930232558138 0.016597510373443983 0.030523255813953487
1 0.4730290456431535 0.26671511627906974 0.014937759336099584 0.030523255813953487
1 0.4730290456431535 0.3074127906976744 0.014937759336099584 0.027616279069767442
1 0.4078838174273859 0.3335755813953488 0.02074688796680498 0.03924418604651163
1 0.4053941908713693 0.282703488372093 0.014107883817427386 0.030523255813953487
1 0.45186721991701245 0.342296511627907 0.01908713692946058 0.04215116279069767
1 0.5078838174273859 0.26598837209302323 0.014937759336099584 0.029069767441860465
1 0.5165975103734439 0.25363372093023256 0.014107883817427386 0.02180232558139535
1 0.5269709543568465 0.2507267441860465 0.014937759336099584 0.027616279069767442
1 0.5340248962655602 0.27761627906976744 0.01908713692946058 0.029069767441860465
1 0.5448132780082987 0.2550872093023256 0.017427385892116183 0.030523255813953487
1 0.5560165975103735 0.27906976744186046 0.021576763485477178 0.029069767441860465
1 0.5568464730290457 0.2260174418604651 0.016597510373443983 0.027616279069767442
1 0.5713692946058091 0.2238372093023256 0.015767634854771784 0.026162790697674417
1 0.608713692946058 0.20857558139534885 0.014107883817427386 0.02180232558139535
1 0.6058091286307054 0.22819767441860464 0.014937759336099584 0.023255813953488372
1 0.6298755186721992 0.21584302325581395 0.016597510373443983 0.02180232558139535
1 0.6402489626556016 0.22311046511627908 0.012448132780082987 0.02180232558139535
1 0.6742738589211618 0.21002906976744184 0.014107883817427386 0.02180232558139535
1 0.6734439834024896 0.23037790697674418 0.015767634854771784 0.024709302325581394
1 0.6867219917012448 0.2260174418604651 0.012448132780082987 0.02180232558139535
1 0.6373443983402489 0.25 0.014937759336099584 0.026162790697674417
1 0.6020746887966805 0.25726744186046513 0.015767634854771784 0.029069767441860465
1 0.5796680497925311 0.27180232558139533 0.014107883817427386 0.026162790697674417
1 0.5029045643153527 0.33066860465116277 0.023236514522821577 0.036337209302325583
1 0.7087136929460581 0.2543604651162791 0.014937759336099584 0.03488372093023256
1 0.7398340248962656 0.25726744186046513 0.014107883817427386 0.029069767441860465
1 0.7423236514522822 0.24345930232558138 0.012448132780082987 0.027616279069767442
1 0.7493775933609959 0.2376453488372093 0.00995850622406639 0.0188953488372093
1 0.7846473029045643 0.24273255813953487 0.014107883817427386 0.029069767441860465
1 0.8136929460580913 0.24563953488372092 0.014107883817427386 0.026162790697674417
1 0.8215767634854771 0.2747093023255814 0.018257261410788383 0.03488372093023256
1 0.8514522821576763 0.2623546511627907 0.014937759336099584 0.030523255813953487
1 0.8593360995850622 0.2761627906976744 0.014107883817427386 0.03197674418604651
1 0.8838174273858921 0.2601744186046512 0.014937759336099584 0.029069767441860465
1 0.8995850622406639 0.28343023255813954 0.016597510373443983 0.0377906976744186
1 0.9452282157676348 0.28488372093023256 0.014937759336099584 0.023255813953488372
1 0.9360995850622407 0.3117732558139535 0.018257261410788383 0.030523255813953487
1 0.9257261410788381 0.3328488372093023 0.014107883817427386 0.03488372093023256
1 0.8937759336099584 0.32122093023255816 0.016597510373443983 0.029069767441860465
1 0.8730290456431535 0.345203488372093 0.018257261410788383 0.036337209302325583
1 0.8518672199170124 0.32049418604651164 0.017427385892116183 0.036337209302325583
1 0.800414937759336 0.29869186046511625 0.015767634854771784 0.027616279069767442
1 0.7854771784232365 0.28997093023255816 0.014107883817427386 0.03343023255813953
1 0.7058091286307053 0.3023255813953488 0.017427385892116183 0.03488372093023256
1 0.6705394190871369 0.2768895348837209 0.013278008298755186 0.030523255813953487
1 0.3763485477178423 0.35174418604651164 0.017427385892116183 0.0377906976744186
1 0.4767634854771784 0.40843023255813954 0.025726141078838173 0.05232558139534883
1 0.5394190871369294 0.35973837209302323 0.023236514522821577 0.04796511627906977
1 0.5298755186721992 0.438953488372093 0.030705394190871368 0.061046511627906974
1 0.5867219917012448 0.46656976744186046 0.03153526970954357 0.06976744186046512
1 0.6352697095435684 0.47238372093023256 0.03402489626556016 0.06686046511627906
1 0.6360995850622406 0.30450581395348836 0.01908713692946058 0.036337209302325583
1 0.6016597510373444 0.3328488372093023 0.018257261410788383 0.0377906976744186
1 0.6145228215767635 0.37136627906976744 0.01908713692946058 0.04215116279069767
1 0.6477178423236515 0.35174418604651164 0.01908713692946058 0.040697674418604654
1 0.6564315352697095 0.36700581395348836 0.023236514522821577 0.03924418604651163
1 0.6800829875518672 0.31976744186046513 0.01908713692946058 0.040697674418604654
1 0.6950207468879668 0.3684593023255814 0.02074688796680498 0.04796511627906977
1 0.7244813278008299 0.407703488372093 0.024896265560165973 0.056686046511627904
1 0.7879668049792531 0.4265988372093023 0.024066390041493774 0.04796511627906977
1 0.8153526970954357 0.36627906976744184 0.022406639004149378 0.040697674418604654
1 0.8601659751037344 0.37209302325581395 0.022406639004149378 0.03488372093023256
1 0.8560165975103734 0.41351744186046513 0.022406639004149378 0.04505813953488372
1 0.9356846473029046 0.4069767441860465 0.01908713692946058 0.0377906976744186
1 0.9307053941908714 0.4745639534883721 0.027385892116182572 0.059593023255813955
1 0.8468879668049792 0.4803779069767442 0.029045643153526972 0.0625
1 0.8257261410788381 0.49709302325581395 0.029875518672199168 0.061046511627906974
1 0.7024896265560165 0.5501453488372093 0.03734439834024896 0.07122093023255814
