1 0.10997067448680352 0.45897435897435895 0.06549364613880743 0.11452991452991453
1 0.13587487781036167 0.24188034188034188 0.021505376344086023 0.042735042735042736
1 0.16129032258064516 0.2606837606837607 0.02346041055718475 0.05299145299145299
1 0.21065493646138808 0.21965811965811965 0.022482893450635387 0.04957264957264957
1 0.23069403714565004 0.2264957264957265 0.025415444770283478 0.04957264957264957
1 0.2849462365591398 0.25213675213675213 0.020527859237536656 0.03247863247863248
1 0.3196480938416422 0.26495726495726496 0.021505376344086023 0.041025641025641026
1 0.34750733137829914 0.252991452991453 0.028347996089931573 0.044444444444444446
1 0.3411534701857282 0.21623931623931625 0.019550342130987292 0.035897435897435895
1 0.3831867057673509 0.2452991452991453 0.02346041055718475 0.04957264957264957
1 0.3841642228739003 0.20085470085470086 0.021505376344086023 0.039316239316239315
1 0.4115347018572825 0.20683760683760682 0.021505376344086023 0.037606837606837605
1 0.41837732160312807 0.16324786324786325 0.015640273704789834 0.03247863247863248
1 0.4418377321603128 0.16324786324786325 0.019550342130987292 0.03247863247863248
1 0.45161290322580644 0.2076923076923077 0.021505376344086023 0.042735042735042736
1 0.4755620723362659 0.18803418803418803 0.020527859237536656 0.044444444444444446
1 0.49022482893450636 0.16324786324786325 0.01857282502443793 0.035897435897435895
1 0.48240469208211145 0.147008547008547 0.01857282502443793 0.03418803418803419
1 0.5317693059628543 0.15897435897435896 0.01759530791788856 0.03418803418803419
1 0.5571847507331378 0.18461538461538463 0.021505376344086023 0.041025641025641026
1 0.5826001955034213 0.1170940170940171 0.015640273704789834 0.02905982905982906
1 0.6187683284457478 0.11538461538461539 0.013685239491691105 0.02905982905982906
1 0.6534701857282502 0.1170940170940171 0.016617790811339198 0.02905982905982906
1 0.5967741935483871 0.23162393162393163 0.022482893450635387 0.042735042735042736
1 0.6270772238514174 0.23162393162393163 0.022482893450635387 0.039316239316239315
1 0.6647116324535679 0.2358974358974359 0.02737047898338221 0.04786324786324786
1 0.718475073313783 0.2341880341880342 0.02346041055718475 0.0547008547008547
1 0.7302052785923754 0.15042735042735042 0.019550342130987292 0.037606837606837605
1 0.8020527859237536 0.28376068376068375 0.028347996089931573 0.05811965811965812
1 0.8978494623655914 0.30854700854700856 0.028347996089931573 0.06666666666666667
1 0.9164222873900293 0.28376068376068375 0.024437927663734114 0.0547008547008547
1 0.927663734115347 0.2452991452991453 0.019550342130987292 0.039316239316239315
1 0.8895405669599218 0.24102564102564103 0.019550342130987292 0.05128205128205128
1 0.9002932551319648 0.20341880341880342 0.015640273704789834 0.041025641025641026
1 0.9340175953079178 0.20598290598290597 0.016617790811339198 0.039316239316239315
1 0.9521016617790812 0.17606837606837608 0.013685239491691105 0.03418803418803419
