1 0.8911889596602972 0.15536723163841806 0.009554140127388535 0.02448210922787194
1 0.9118895966029724 0.1647834274952919 0.010615711252653927 0.02448210922787194
1 0.9432059447983014 0.18361581920903955 0.009554140127388535 0.02448210922787194
1 0.8768577494692145 0.1704331450094162 0.010615711252653927 0.02824858757062147
1 0.8588110403397028 0.18173258003766476 0.010615711252653927 0.02824858757062147
1 0.89171974522293 0.2382297551789077 0.012738853503184714 0.02824858757062147
1 0.9341825902335457 0.23634651600753295 0.010615711252653927 0.032015065913371
1 0.9129511677282378 0.2740112994350282 0.014861995753715499 0.035781544256120526
1 0.9187898089171974 0.3126177024482109 0.018046709129511677 0.03766478342749529
1 0.9156050955414012 0.34180790960451973 0.024416135881104032 0.0583804143126177
1 0.8471337579617835 0.3258003766478343 0.025477707006369428 0.060263653483992465
1 0.8646496815286624 0.2627118644067796 0.022292993630573247 0.054613935969868174
1 0.7818471337579618 0.3116760828625235 0.024416135881104032 0.0583804143126177
1 0.7983014861995753 0.1327683615819209 0.008492569002123142 0.02448210922787194
1 0.8237791932059448 0.1421845574387947 0.010615711252653927 0.02824858757062147
1 0.8365180467091295 0.1581920903954802 0.010615711252653927 0.030131826741996232
1 0.7983014861995753 0.16101694915254236 0.010615711252653927 0.02824858757062147
1 0.7993630573248407 0.21939736346516006 0.014861995753715499 0.03954802259887005
1 0.8402335456475584 0.20998116760828625 0.01167728237791932 0.032015065913371
1 0.8365180467091295 0.2382297551789077 0.014861995753715499 0.03954802259887005
1 0.785031847133758 0.147834274952919 0.009554140127388535 0.02448210922787194
1 0.7484076433121019 0.1534839924670433 0.008492569002123142 0.020715630885122408
1 0.7308917197452229 0.15725047080979285 0.01167728237791932 0.032015065913371
1 0.7664543524416135 0.17984934086629 0.012738853503184714 0.02824858757062147
1 0.7494692144373672 0.2071563088512241 0.016985138004246284 0.041431261770244816
1 0.7638004246284501 0.2598870056497175 0.018046709129511677 0.04519774011299435
1 0.7181528662420382 0.24576271186440676 0.020169851380042462 0.05084745762711864
1 0.7239915074309978 0.2900188323917137 0.02335456475583864 0.064030131826742
1 0.7112526539278131 0.12900188323917136 0.010615711252653927 0.032015065913371
1 0.697452229299363 0.17325800376647835 0.012738853503184714 0.03389830508474576
1 0.7001061571125266 0.20809792843691147 0.018046709129511677 0.047080979284369114
1 0.6634819532908705 0.1845574387947269 0.014861995753715499 0.03766478342749529
1 0.6279193205944799 0.20433145009416195 0.01592356687898089 0.035781544256120526
1 0.671443736730361 0.2231638418079096 0.020169851380042462 0.03954802259887005
1 0.6698513800424628 0.2843691148775894 0.025477707006369428 0.052730696798493404
1 0.6199575371549894 0.2551789077212806 0.02335456475583864 0.05084745762711864
1 0.5828025477707006 0.2504708097928437 0.01910828025477707 0.052730696798493404
1 0.5668789808917197 0.2749529190207156 0.025477707006369428 0.05649717514124294
1 0.6841825902335457 0.10828625235404896 0.009554140127388535 0.02448210922787194
1 0.6841825902335457 0.12429378531073446 0.009554140127388535 0.026365348399246702
1 0.6427813163481954 0.11393596986817325 0.009554140127388535 0.02448210922787194
1 0.6587048832271762 0.11864406779661016 0.01167728237791932 0.030131826741996232
1 0.6507430997876857 0.1440677966101695 0.012738853503184714 0.02824858757062147
1 0.6300424628450106 0.1318267419962335 0.01167728237791932 0.026365348399246702
1 0.5796178343949044 0.1271186440677966 0.010615711252653927 0.02448210922787194
1 0.6008492569002123 0.12429378531073446 0.008492569002123142 0.018832391713747645
1 0.6061571125265393 0.11205273069679848 0.010615711252653927 0.01694915254237288
1 0.6162420382165605 0.16854990583804141 0.01167728237791932 0.02824858757062147
1 0.5928874734607219 0.14689265536723164 0.01167728237791932 0.026365348399246702
1 0.5780254777070064 0.1638418079096045 0.01592356687898089 0.03766478342749529
1 0.5631634819532909 0.19397363465160075 0.018046709129511677 0.041431261770244816
1 0.4708067940552017 0.1337099811676083 0.009554140127388535 0.022598870056497175
1 0.4734607218683652 0.1638418079096045 0.014861995753715499 0.030131826741996232
1 0.4846072186836518 0.14689265536723164 0.01167728237791932 0.022598870056497175
1 0.5132696390658174 0.1431261770244821 0.01167728237791932 0.026365348399246702
1 0.5074309978768577 0.18173258003766476 0.012738853503184714 0.035781544256120526
1 0.5159235668789809 0.17325800376647835 0.010615711252653927 0.030131826741996232
1 0.48089171974522293 0.2278719397363465 0.016985138004246284 0.04519774011299435
1 0.45010615711252655 0.2128060263653484 0.016985138004246284 0.04519774011299435
1 0.42303609341825904 0.16101694915254236 0.0074309978768577496 0.02448210922787194
1 0.4400212314225053 0.1760828625235405 0.013800424628450107 0.032015065913371
1 0.40923566878980894 0.17325800376647835 0.01167728237791932 0.03389830508474576
1 0.46443736730360935 0.2071563088512241 0.01592356687898089 0.030131826741996232
1 0.34129511677282376 0.2015065913370998 0.013800424628450107 0.030131826741996232
1 0.3497876857749469 0.22975517890772126 0.013800424628450107 0.03766478342749529
1 0.40180467091295113 0.2523540489642184 0.018046709129511677 0.041431261770244816
1 0.3895966029723991 0.22128060263653482 0.014861995753715499 0.032015065913371
1 0.38535031847133755 0.19397363465160075 0.012738853503184714 0.026365348399246702
1 0.2929936305732484 0.21468926553672316 0.010615711252653927 0.026365348399246702
1 0.5281316348195328 0.13935969868173256 0.01167728237791932 0.026365348399246702
