1 0.18929712460063897 0.4195561719833565 0.04313099041533546 0.08183079056865465
1 0.27915335463258784 0.24965325936199723 0.013578274760383386 0.027739251040221916
1 0.29073482428115016 0.2524271844660194 0.01757188498402556 0.03883495145631068
1 0.3083067092651757 0.27184466019417475 0.01757188498402556 0.03883495145631068
1 0.31589456869009586 0.23994452149791956 0.018370607028753993 0.03883495145631068
1 0.33426517571884984 0.2766990291262136 0.02476038338658147 0.04299583911234397
1 0.33706070287539935 0.24965325936199723 0.019169329073482427 0.03883495145631068
1 0.3314696485623003 0.21359223300970875 0.019169329073482427 0.033287101248266296
1 0.398961661341853 0.26005547850208044 0.02156549520766773 0.04576976421636616
1 0.41573482428115016 0.2621359223300971 0.02156549520766773 0.049930651872399444
1 0.3953674121405751 0.22191400832177532 0.020766773162939296 0.044382801664355064
1 0.40734824281150156 0.18932038834951456 0.01757188498402556 0.0319001386962552
1 0.398961661341853 0.1768377253814147 0.015175718849840255 0.02912621359223301
1 0.422923322683706 0.1796116504854369 0.018370607028753993 0.03744798890429959
1 0.43410543130990414 0.2260748959778086 0.02156549520766773 0.044382801664355064
1 0.46485623003194887 0.22538141470180306 0.022364217252396165 0.04299583911234397
1 0.4660543130990415 0.15464632454923719 0.019968051118210862 0.03467406380027739
1 0.48083067092651754 0.20388349514563106 0.019169329073482427 0.03883495145631068
1 0.5019968051118211 0.18723994452149792 0.018370607028753993 0.036061026352288486
1 0.4420926517571885 0.16296809986130376 0.015175718849840255 0.02635228848821082
1 0.444888178913738 0.14840499306518726 0.012779552715654952 0.022191400832177532
1 0.4960063897763578 0.12829403606102635 0.01437699680511182 0.02912621359223301
1 0.5139776357827476 0.151872399445215 0.015175718849840255 0.02912621359223301
1 0.5215654952076677 0.1276005547850208 0.01437699680511182 0.027739251040221916
1 0.5475239616613419 0.1435506241331484 0.015175718849840255 0.02635228848821082
1 0.5634984025559105 0.16296809986130376 0.02156549520766773 0.04299583911234397
1 0.5471246006389776 0.20041608876560332 0.019169329073482427 0.04576976421636616
1 0.5870607028753994 0.14979195561719835 0.01597444089456869 0.030513176144244106
1 0.6218051118210862 0.1449375866851595 0.015175718849840255 0.0319001386962552
1 0.5906549520766773 0.10887656033287102 0.011980830670926517 0.02912621359223301
1 0.6014376996805112 0.10818307905686547 0.01437699680511182 0.027739251040221916
1 0.6226038338658146 0.1262135922330097 0.011980830670926517 0.022191400832177532
1 0.645367412140575 0.11789181692094314 0.01757188498402556 0.033287101248266296
1 0.6649361022364217 0.12274618585298197 0.015175718849840255 0.0319001386962552
1 0.6561501597444089 0.16851595006934814 0.019968051118210862 0.04299583911234397
1 0.6246006389776357 0.19972260748959778 0.020766773162939296 0.047156726768377254
1 0.6018370607028753 0.24895977808599168 0.027955271565495207 0.059639389736477116
1 0.555111821086262 0.2593619972260749 0.025559105431309903 0.047156726768377254
1 0.5399361022364217 0.3141470180305132 0.03354632587859425 0.056865464632454926
1 0.490814696485623 0.2981969486823856 0.034345047923322686 0.05270457697642164
1 0.6641373801916932 0.23855755894590847 0.0231629392971246 0.049930651872399444
1 0.6705271565495208 0.20388349514563106 0.019968051118210862 0.044382801664355064
1 0.6876996805111821 0.16019417475728157 0.01757188498402556 0.03744798890429959
1 0.7204472843450479 0.15395284327323164 0.019169329073482427 0.03883495145631068
1 0.7388178913738019 0.18654646324549237 0.020766773162939296 0.04299583911234397
1 0.7400159744408945 0.231622746185853 0.02156549520766773 0.047156726768377254
1 0.7136581469648562 0.2635228848821082 0.029552715654952075 0.05825242718446602
1 0.7120607028753994 0.2170596393897365 0.0231629392971246 0.04022191400832178
1 0.7064696485623003 0.3127600554785021 0.03274760383386581 0.0651872399445215
1 0.7571884984025559 0.37031900138696255 0.038338658146964855 0.06934812760055478
1 0.7819488817891374 0.2933425797503467 0.036741214057507986 0.059639389736477116
1 0.7675718849840255 0.15603328710124828 0.019169329073482427 0.03467406380027739
1 0.75 0.13869625520110956 0.01757188498402556 0.036061026352288486
1 0.7863418530351437 0.1407766990291262 0.016773162939297124 0.02912621359223301
1 0.8039137380191693 0.17267683772538142 0.015175718849840255 0.03744798890429959
1 0.810702875399361 0.23717059639389737 0.022364217252396165 0.05270457697642164
1 0.7835463258785942 0.2115117891816921 0.020766773162939296 0.04022191400832178
1 0.8266773162939297 0.2142857142857143 0.019169329073482427 0.04022191400832178
1 0.8398562300319489 0.18169209431345354 0.016773162939297124 0.036061026352288486
1 0.8757987220447284 0.14840499306518726 0.016773162939297124 0.033287101248266296
1 0.884185303514377 0.18515950069348128 0.01597444089456869 0.03467406380027739
1 0.8825878594249201 0.2184466019417476 0.020766773162939296 0.03744798890429959
1 0.8829872204472843 0.26144244105409153 0.02476038338658147 0.04854368932038835
1 0.8562300319488818 0.31345353675450766 0.02875399361022364 0.0638002773925104
1 0.9209265175718849 0.26282940360610263 0.023961661341853034 0.06241331484049931
