1 0.07734375 0.7536458333333333 0.0578125 0.078125
1 0.229296875 0.7359375 0.04609375 0.065625
1 0.25429687500000003 0.8 0.06015625 0.08125
1 0.39765625000000004 0.828125 0.0546875 0.0875
1 0.3453125 0.6911458333333333 0.0421875 0.05520833333333333
1 0.44960937500000003 0.7359375 0.049218750000000006 0.071875
1 0.49257812500000003 0.7088541666666667 0.03671875 0.059375
1 0.6351562500000001 0.5046875 0.045312500000000006 0.057291666666666664
1 0.6058593750000001 0.7510416666666666 0.05859375 0.0625
1 0.8515625 0.7604166666666666 0.065625 0.06875
1 0.7796875000000001 0.853125 0.0671875 0.10833333333333334
1 0.8515625 0.68125 0.0484375 0.06041666666666667
