1 0.13170731707317074 0.351304347826087 0.04097560975609756 0.06956521739130435
1 0.3073170731707317 0.2382608695652174 0.0175609756097561 0.034782608695652174
1 0.3126829268292683 0.21304347826086958 0.016585365853658537 0.036521739130434785
1 0.3541463414634146 0.1982608695652174 0.0175609756097561 0.034782608695652174
1 0.3551219512195122 0.1826086956521739 0.013658536585365854 0.034782608695652174
1 0.3751219512195122 0.2 0.018536585365853658 0.04173913043478261
1 0.36390243902439023 0.22608695652173913 0.01951219512195122 0.034782608695652174
1 0.3780487804878049 0.24173913043478262 0.02048780487804878 0.04173913043478261
1 0.4092682926829268 0.23217391304347826 0.02048780487804878 0.043478260869565216
1 0.41609756097560974 0.1973913043478261 0.016585365853658537 0.04
1 0.4175609756097561 0.15913043478260872 0.015609756097560976 0.026086956521739132
1 0.43073170731707316 0.23043478260869565 0.018536585365853658 0.043478260869565216
1 0.44634146341463415 0.22260869565217392 0.016585365853658537 0.04521739130434783
1 0.5478048780487805 0.2921739130434783 0.03024390243902439 0.06260869565217392
1 0.5897560975609756 0.23130434782608697 0.0224390243902439 0.04521739130434783
1 0.6229268292682927 0.2182608695652174 0.02048780487804878 0.036521739130434785
1 0.6341463414634146 0.2391304347826087 0.027317073170731707 0.05391304347826087
1 0.5624390243902438 0.1808695652173913 0.02048780487804878 0.03130434782608696
1 0.5912195121951219 0.16782608695652174 0.015609756097560976 0.036521739130434785
1 0.5970731707317073 0.15391304347826087 0.0175609756097561 0.036521739130434785
1 0.6234146341463415 0.14869565217391306 0.015609756097560976 0.029565217391304348
1 0.6282926829268293 0.12869565217391304 0.015609756097560976 0.02782608695652174
1 0.6390243902439025 0.3208695652173913 0.025365853658536587 0.06086956521739131
1 0.7024390243902439 0.3095652173913044 0.03121951219512195 0.059130434782608696
1 0.6897560975609756 0.24956521739130436 0.023414634146341463 0.05391304347826087
1 0.6717073170731708 0.17391304347826086 0.018536585365853658 0.034782608695652174
1 0.704390243902439 0.15217391304347827 0.013658536585365854 0.03304347826086956
1 0.7590243902439024 0.3617391304347826 0.029268292682926828 0.07304347826086957
1 0.7517073170731707 0.28956521739130436 0.0224390243902439 0.06086956521739131
1 0.7195121951219512 0.2191304347826087 0.0224390243902439 0.04869565217391304
1 0.72 0.1826086956521739 0.0175609756097561 0.04173913043478261
1 0.7351219512195122 0.1426086956521739 0.014634146341463414 0.034782608695652174
1 0.7541463414634146 0.1356521739130435 0.013658536585365854 0.02782608695652174
1 0.7595121951219512 0.15565217391304348 0.014634146341463414 0.036521739130434785
1 0.7482926829268293 0.17043478260869566 0.015609756097560976 0.034782608695652174
1 0.7624390243902439 0.18695652173913044 0.018536585365853658 0.036521739130434785
1 0.7751219512195122 0.22521739130434784 0.02048780487804878 0.043478260869565216
1 0.7990243902439025 0.20434782608695654 0.01951219512195122 0.036521739130434785
1 0.7975609756097561 0.13652173913043478 0.014634146341463414 0.03304347826086956
1 0.8146341463414634 0.1582608695652174 0.015609756097560976 0.03826086956521739
1 0.8224390243902439 0.25130434782608696 0.01951219512195122 0.050434782608695654
1 0.8414634146341463 0.33217391304347826 0.026341463414634145 0.06260869565217392
1 0.784390243902439 0.31043478260869567 0.029268292682926828 0.05739130434782609
1 0.828780487804878 0.4182608695652174 0.03024390243902439 0.06782608695652174
1 0.9092682926829269 0.4539130434782609 0.037073170731707315 0.08
1 0.9273170731707318 0.33217391304347826 0.026341463414634145 0.059130434782608696
1 0.8765853658536585 0.2791304347826087 0.0224390243902439 0.04695652173913044
1 0.8975609756097561 0.22695652173913045 0.0175609756097561 0.043478260869565216
1 0.9302439024390244 0.2817391304347826 0.018536585365853658 0.06260869565217392
1 0.937560975609756 0.22434782608695653 0.0175609756097561 0.04869565217391304
1 0.44682926829268294 0.16 0.0175609756097561 0.03130434782608696
1 0.4560975609756098 0.16260869565217392 0.016585365853658537 0.036521739130434785
1 0.4819512195121951 0.18695652173913044 0.0175609756097561 0.036521739130434785
1 0.4878048780487805 0.2147826086956522 0.02146341463414634 0.043478260869565216
1 0.5141463414634146 0.18695652173913044 0.0175609756097561 0.04
1 0.47317073170731705 0.13652173913043478 0.013658536585365854 0.026086956521739132
1 0.48390243902439023 0.1391304347826087 0.011707317073170732 0.02434782608695652
1 0.49121951219512194 0.14434782608695654 0.012682926829268294 0.02434782608695652
1 0.49658536585365853 0.15043478260869567 0.011707317073170732 0.03304347826086956
1 0.5131707317073171 0.14695652173913043 0.013658536585365854 0.026086956521739132
1 0.5092682926829268 0.12000000000000001 0.011707317073170732 0.02434782608695652
1 0.5297560975609756 0.12608695652173912 0.013658536585365854 0.026086956521739132
1 0.5302439024390244 0.16434782608695653 0.014634146341463414 0.036521739130434785
1 0.5536585365853659 0.14347826086956522 0.01073170731707317 0.029565217391304348
1 0.5590243902439025 0.12347826086956522 0.013658536585365854 0.02782608695652174
1 0.5590243902439025 0.16434782608695653 0.013658536585365854 0.036521739130434785
1 0.5839024390243902 0.14434782608695654 0.014634146341463414 0.034782608695652174
1 0.5829268292682926 0.12173913043478261 0.01073170731707317 0.02782608695652174
1 0.5897560975609756 0.11478260869565218 0.012682926829268294 0.02782608695652174
1 0.6121951219512195 0.12000000000000001 0.016585365853658537 0.03130434782608696
1 0.6170731707317073 0.11304347826086956 0.012682926829268294 0.03130434782608696
1 0.6434146341463415 0.10869565217391305 0.012682926829268294 0.029565217391304348
1 0.6497560975609756 0.13217391304347825 0.015609756097560976 0.03130434782608696
1 0.6643902439024391 0.11565217391304349 0.013658536585365854 0.029565217391304348
1 0.6785365853658537 0.10347826086956523 0.012682926829268294 0.026086956521739132
1 0.6921951219512195 0.12347826086956522 0.014634146341463414 0.02782608695652174
1 0.7180487804878048 0.1191304347826087 0.011707317073170732 0.026086956521739132
