1 0.04888888888888889 0.4891666666666667 0.05333333333333333 0.04166666666666667
1 0.23 0.6425000000000001 0.14666666666666667 0.11666666666666667
1 0.19055555555555556 0.51625 0.07444444444444444 0.05583333333333334
1 0.35944444444444446 0.43583333333333335 0.07222222222222222 0.06166666666666667
1 0.30333333333333334 0.4729166666666667 0.051111111111111114 0.03916666666666667
1 0.3844444444444444 0.4666666666666667 0.03777777777777778 0.03666666666666667
1 0.4444444444444444 0.4970833333333334 0.051111111111111114 0.0425
1 0.52 0.4779166666666667 0.042222222222222223 0.035833333333333335
1 0.5 0.4608333333333334 0.03777777777777778 0.03333333333333333
1 0.5922222222222222 0.50875 0.05555555555555555 0.0425
1 0.5783333333333334 0.5691666666666667 0.09 0.07500000000000001
1 0.6344444444444445 0.49125 0.035555555555555556 0.03916666666666667
1 0.6038888888888889 0.4704166666666667 0.03222222222222222 0.030833333333333334
1 0.7377777777777778 0.4741666666666667 0.04 0.03666666666666667
1 0.7605555555555555 0.4920833333333334 0.043333333333333335 0.04083333333333333
1 0.8138888888888889 0.5233333333333333 0.06555555555555556 0.058333333333333334
1 0.8766666666666667 0.47875 0.03333333333333333 0.03416666666666667
1 0.9527777777777777 0.4891666666666667 0.04777777777777778 0.04833333333333334
