1 0.19431051108968178 0.4853951890034364 0.04339440694310511 0.07731958762886598
1 0.12391513982642238 0.23625429553264604 0.022179363548698167 0.029209621993127148
1 0.2680810028929605 0.23195876288659795 0.021215043394406944 0.03436426116838488
1 0.3461909353905497 0.24484536082474226 0.019286403085824494 0.03951890034364261
1 0.3404050144648023 0.20103092783505155 0.015429122468659595 0.03436426116838488
1 0.3572806171648988 0.21219931271477663 0.010607521697203472 0.029209621993127148
1 0.3712632594021215 0.211340206185567 0.013500482160077145 0.027491408934707903
1 0.4098360655737705 0.23281786941580757 0.019286403085824494 0.03608247422680412
1 0.467695274831244 0.218213058419244 0.019286403085824494 0.03436426116838488
1 0.4406943105110897 0.18470790378006874 0.019286403085824494 0.02577319587628866
1 0.39151398264223725 0.17268041237113402 0.011571841851494697 0.018900343642611683
1 0.39537126325940214 0.19759450171821305 0.015429122468659595 0.01718213058419244
1 0.43924783027965286 0.15120274914089346 0.01639344262295082 0.027491408934707903
1 0.5077145612343298 0.19415807560137457 0.02025072324011572 0.03436426116838488
1 0.7565091610414658 0.3530927835051546 0.033751205400192864 0.04639175257731959
1 0.6798457087753135 0.27920962199312716 0.023143683702989394 0.0429553264604811
1 0.6297010607521697 0.25773195876288657 0.02700096432015429 0.037800687285223365
1 0.6287367405978785 0.2036082474226804 0.021215043394406944 0.03951890034364261
1 0.6663452266152363 0.23195876288659795 0.021215043394406944 0.037800687285223365
1 0.5940212150433944 0.2534364261168385 0.021215043394406944 0.0429553264604811
1 0.5351976856316297 0.22164948453608246 0.011571841851494697 0.027491408934707903
1 0.7859209257473482 0.3384879725085911 0.023143683702989394 0.05154639175257732
1 0.7550626808100289 0.29553264604810997 0.023143683702989394 0.03436426116838488
1 0.7193828351012537 0.24914089347079038 0.021215043394406944 0.03436426116838488
1 0.8244937319189971 0.3651202749140893 0.019286403085824494 0.05326460481099656
1 0.9112825458052074 0.3994845360824742 0.02892960462873674 0.0429553264604811
1 0.881870781099325 0.2620274914089347 0.01832208293153327 0.0429553264604811
1 0.9271938283510126 0.3006872852233677 0.027965284474445518 0.041237113402061855
1 0.8476374156219866 0.23539518900343642 0.015429122468659595 0.024054982817869414
1 0.4971070395371263 0.13831615120274915 0.012536162005785922 0.018900343642611683
1 0.5366441658630665 0.14690721649484537 0.012536162005785922 0.029209621993127148
1 0.5998071359691418 0.12285223367697594 0.009643201542912247 0.022336769759450172
1 0.6128254580520733 0.11168384879725085 0.010607521697203472 0.027491408934707903
1 0.6759884281581485 0.11597938144329897 0.011571841851494697 0.02577319587628866
1 0.68900675024108 0.12714776632302405 0.010607521697203472 0.030927835051546393
1 0.6682738669238187 0.140893470790378 0.013500482160077145 0.024054982817869414
1 0.6528447444551592 0.12972508591065293 0.009643201542912247 0.018900343642611683
1 0.6552555448408872 0.109106529209622 0.012536162005785922 0.018900343642611683
1 0.6176470588235294 0.17096219931271478 0.01446480231436837 0.022336769759450172
1 0.6846673095467696 0.19415807560137457 0.015429122468659595 0.027491408934707903
1 0.7116682738669239 0.12457044673539519 0.013500482160077145 0.02577319587628866
1 0.7642237222757956 0.13402061855670103 0.012536162005785922 0.020618556701030927
1 0.8095467695274832 0.15463917525773196 0.012536162005785922 0.03436426116838488
1 0.8283510125361621 0.1924398625429553 0.011571841851494697 0.027491408934707903
1 0.85824493731919 0.1993127147766323 0.013500482160077145 0.027491408934707903
1 0.8722275795564127 0.17096219931271478 0.01446480231436837 0.03264604810996564
1 0.9069431051108968 0.17010309278350516 0.012536162005785922 0.03436426116838488
1 0.8500482160077146 0.15721649484536082 0.01446480231436837 0.022336769759450172
1 0.8331726133076182 0.1683848797250859 0.015429122468659595 0.020618556701030927
1 0.8982642237222759 0.218213058419244 0.01446480231436837 0.027491408934707903
1 0.9479267116682739 0.211340206185567 0.011571841851494697 0.027491408934707903
1 0.7627772420443587 0.18642611683848798 0.015429122468659595 0.022336769759450172
1 0.9426229508196722 0.17869415807560138 0.012536162005785922 0.020618556701030927
1 0.5660559305689489 0.1400343642611684 0.011571841851494697 0.02577319587628866
1 0.5814850530376086 0.13058419243986255 0.011571841851494697 0.020618556701030927
1 0.5197685631629702 0.13745704467353953 0.011571841851494697 0.01718213058419244
1 0.4720347155255545 0.18298969072164947 0.01446480231436837 0.015463917525773196
1 0.6210221793635488 0.14432989690721648 0.013500482160077145 0.027491408934707903
1 0.7830279652844745 0.17010309278350516 0.011571841851494697 0.020618556701030927
1 0.7082931533269046 0.19329896907216496 0.01639344262295082 0.03951890034364261
1 0.725168756027001 0.2036082474226804 0.023143683702989394 0.0429553264604811
1 0.5819672131147541 0.20103092783505155 0.01639344262295082 0.027491408934707903
1 0.845708775313404 0.21391752577319587 0.015429122468659595 0.03608247422680412
1 0.9257473481195757 0.25257731958762886 0.023143683702989394 0.044673539518900345
1 0.9392478302796529 0.1993127147766323 0.011571841851494697 0.030927835051546393
1 0.5081967213114754 0.16151202749140894 0.011571841851494697 0.024054982817869414
1 0.48505303760848606 0.16323024054982818 0.011571841851494697 0.01718213058419244
1 0.5154291224686596 0.18127147766323023 0.01639344262295082 0.029209621993127148
1 0.5506268081002893 0.14432989690721648 0.013500482160077145 0.027491408934707903
