1 0.33943514644351463 0.20864661654135336 0.017782426778242676 0.03383458646616541
1 0.47437238493723843 0.20394736842105263 0.02824267782426778 0.06203007518796992
1 0.5496861924686192 0.19172932330827067 0.017782426778242676 0.03383458646616541
1 0.5507322175732217 0.23214285714285712 0.02824267782426778 0.06203007518796992
1 0.5842050209205021 0.22462406015037592 0.021966527196652718 0.05075187969924812
1 0.6182008368200836 0.20112781954887216 0.023012552301255228 0.045112781954887216
1 0.6359832635983264 0.23590225563909772 0.023012552301255228 0.05075187969924812
1 0.6600418410041841 0.21146616541353383 0.02092050209205021 0.046992481203007516
1 0.698744769874477 0.21334586466165412 0.018828451882845185 0.039473684210526314
1 0.7259414225941422 0.26973684210526316 0.023012552301255228 0.05827067669172932
1 0.8226987447698744 0.29229323308270677 0.02615062761506276 0.05075187969924812
1 0.8718619246861924 0.26033834586466165 0.021966527196652718 0.05827067669172932
1 0.932531380753138 0.29229323308270677 0.02824267782426778 0.06578947368421052
1 0.9116108786610878 0.30451127819548873 0.024058577405857737 0.06015037593984962
1 0.9042887029288702 0.3355263157894737 0.0303347280334728 0.06578947368421052
