1 0.3625244618395303 0.18150087260034906 0.016634050880626222 0.034904013961605584
1 0.48043052837573386 0.1980802792321117 0.0273972602739726 0.04712041884816754
1 0.5533268101761252 0.1273996509598604 0.016634050880626222 0.034904013961605584
1 0.5538160469667319 0.19284467713787085 0.019569471624266144 0.0506108202443281
1 0.5963796477495107 0.22774869109947646 0.026418786692759294 0.05410122164048866
1 0.6320939334637965 0.19197207678883071 0.023483365949119372 0.04886561954624782
1 0.6731898238747553 0.24171029668411867 0.029354207436399216 0.05410122164048866
1 0.6717221135029354 0.21029668411867364 0.02054794520547945 0.04013961605584642
1 0.708904109589041 0.21291448516579406 0.022504892367906065 0.04886561954624782
1 0.7421722113502935 0.27835951134380454 0.030332681017612523 0.06457242582897034
1 0.7710371819960861 0.2862129144851658 0.03131115459882583 0.07329842931937174
1 0.7842465753424657 0.24956369982547993 0.026418786692759294 0.059336823734729496
1 0.8268101761252445 0.24607329842931938 0.01761252446183953 0.055846422338568937
1 0.9168297455968688 0.33158813263525305 0.03718199608610567 0.07678883071553229
1 0.9359099804305283 0.2914485165794066 0.03228962818003914 0.06631762652705062
