1 0.16513480392156862 0.6631944444444444 0.0857843137254902 0.12540849673202614
1 0.048560049019607844 0.5974264705882353 0.05606617647058824 0.09354575163398693
1 0.04258578431372549 0.4805964052287582 0.03676470588235294 0.06658496732026144
1 0.012714460784313725 0.47855392156862747 0.01991421568627451 0.06658496732026144
1 0.13756127450980393 0.4550653594771242 0.03370098039215686 0.05392156862745098
1 0.19087009803921567 0.4616013071895425 0.044730392156862746 0.05310457516339869
1 0.20618872549019607 0.5447303921568628 0.05759803921568627 0.07802287581699346
1 0.2503063725490196 0.4511846405228758 0.030637254901960783 0.042075163398692814
1 0.30637254901960786 0.44260620915032683 0.031862745098039214 0.04861111111111111
1 0.3549325980392157 0.5298202614379085 0.03829656862745098 0.05555555555555556
1 0.3391544117647059 0.6215277777777778 0.07107843137254902 0.1156045751633987
1 0.38817401960784315 0.4810049019607843 0.03431372549019608 0.051879084967320264
1 0.42110906862745096 0.44403594771241833 0.02971813725490196 0.049836601307189546
1 0.4606311274509804 0.4950980392156863 0.04197303921568627 0.049836601307189546
1 0.46629901960784315 0.5496323529411765 0.03799019607843137 0.0559640522875817
1 0.5447303921568627 0.4575163398692811 0.026348039215686275 0.04493464052287582
1 0.5727634803921569 0.5228758169934641 0.040134803921568624 0.07189542483660132
1 0.6329656862745098 0.5104166666666666 0.03676470588235294 0.060866013071895424
1 0.641390931372549 0.6066176470588236 0.0628063725490196 0.1053921568627451
1 0.7480085784313726 0.5537173202614379 0.05606617647058824 0.08946078431372549
1 0.859375 0.539828431372549 0.05024509803921569 0.07393790849673203
