1 0.17 0.34987593052109184 0.09333333333333334 0.16377171215880892
1 0.27 0.47890818858560796 0.04666666666666667 0.06947890818858561
1 0.2791666666666667 0.5397022332506204 0.05166666666666667 0.08188585607940446
1 0.32333333333333336 0.5024813895781638 0.04666666666666667 0.07196029776674938
1 0.35000000000000003 0.5607940446650124 0.05333333333333334 0.09429280397022333
1 0.41000000000000003 0.5471464019851117 0.06333333333333334 0.10173697270471464
1 0.48250000000000004 0.5397022332506204 0.06166666666666667 0.12158808933002481
1 0.5708333333333334 0.5235732009925558 0.05166666666666667 0.0794044665012407
1 0.5958333333333333 0.5992555831265509 0.06166666666666667 0.12158808933002481
1 0.5 0.7531017369727047 0.10666666666666667 0.20595533498759305
1 0.6833333333333333 0.7196029776674938 0.12000000000000001 0.1935483870967742
1 0.7091666666666667 0.6029776674937966 0.07833333333333334 0.12406947890818859
1 0.6758333333333334 0.46898263027295284 0.03833333333333334 0.06451612903225806
1 0.7375 0.4665012406947891 0.045000000000000005 0.06451612903225806
1 0.7866666666666667 0.49627791563275436 0.05 0.08436724565756824
1 0.7791666666666667 0.3759305210918114 0.025 0.05707196029776675
1 0.8791666666666668 0.32754342431761785 0.09166666666666667 0.15384615384615385
1 0.6000000000000001 0.46898263027295284 0.03333333333333333 0.05955334987593052
