1 0.03738317757009346 0.6125 0.048598130841121495 0.075
1 0.25327102803738316 0.4763888888888889 0.03925233644859813 0.0638888888888889
1 0.1635514018691589 0.8208333333333334 0.11401869158878505 0.16944444444444445
1 0.3579439252336449 0.5486111111111112 0.03925233644859813 0.05277777777777778
1 0.7065420560747664 0.14583333333333334 0.08598130841121496 0.125
1 0.9271028037383178 0.45833333333333337 0.052336448598130844 0.10555555555555556
1 0.9598130841121496 0.7138888888888889 0.08037383177570094 0.17777777777777778
1 0.8177570093457944 0.7819444444444444 0.13271028037383178 0.18055555555555555
1 0.766355140186916 0.5750000000000001 0.04485981308411215 0.06666666666666667
1 0.783177570093458 0.5263888888888889 0.022429906542056077 0.04166666666666667
1 0.8158878504672897 0.5388888888888889 0.03925233644859813 0.061111111111111116
1 0.7261682242990655 0.675 0.06542056074766356 0.1
1 0.6102803738317757 0.7361111111111112 0.102803738317757 0.15
1 0.5850467289719626 0.6444444444444445 0.052336448598130844 0.07777777777777778
1 0.6448598130841122 0.6097222222222223 0.048598130841121495 0.075
1 0.611214953271028 0.5458333333333334 0.041121495327102804 0.06944444444444445
1 0.588785046728972 0.5819444444444445 0.04485981308411215 0.0638888888888889
1 0.5757009345794393 0.5527777777777778 0.029906542056074768 0.06666666666666667
1 0.5551401869158878 0.5694444444444444 0.041121495327102804 0.07222222222222223
1 0.525233644859813 0.6263888888888889 0.048598130841121495 0.06944444444444445
1 0.47943925233644863 0.6222222222222222 0.06542056074766356 0.08888888888888889
1 0.4822429906542056 0.5402777777777777 0.03364485981308411 0.0638888888888889
1 0.4588785046728972 0.5708333333333333 0.03551401869158879 0.058333333333333334
1 0.4205607476635514 0.6013888888888889 0.04485981308411215 0.06944444444444445
1 0.4196261682242991 0.5583333333333333 0.03551401869158879 0.05555555555555556
1 0.08317757009345794 0.7736111111111111 0.08411214953271029 0.1527777777777778
1 0.10654205607476636 0.6722222222222223 0.056074766355140186 0.08333333333333334
1 0.12897196261682242 0.6222222222222222 0.052336448598130844 0.08333333333333334
