1 0.9417211328976036 0.2378640776699029 0.01851851851851852 0.040776699029126215
1 0.7363834422657953 0.22524271844660193 0.019607843137254905 0.04660194174757282
1 0.6753812636165578 0.16893203883495145 0.01525054466230937 0.04271844660194175
1 0.6753812636165578 0.21941747572815534 0.017429193899782137 0.04660194174757282
1 0.6307189542483661 0.21553398058252426 0.019607843137254905 0.04271844660194175
1 0.6296296296296297 0.2611650485436893 0.019607843137254905 0.040776699029126215
1 0.6753812636165578 0.2902912621359223 0.02178649237472767 0.04466019417475728
1 0.6383442265795207 0.31165048543689317 0.026143790849673207 0.06407766990291262
1 0.6377995642701526 0.11844660194174757 0.014161220043572986 0.031067961165048542
1 0.5871459694989107 0.05728155339805825 0.008714596949891068 0.021359223300970873
1 0.5528322440087147 0.1679611650485437 0.014161220043572986 0.033009708737864074
1 0.5441176470588236 0.1815533980582524 0.016339869281045753 0.036893203883495145
1 0.47113289760348587 0.13592233009708737 0.01198257080610022 0.027184466019417475
1 0.48692810457516345 0.17184466019417474 0.013071895424836603 0.033009708737864074
1 0.4101307189542484 0.20776699029126214 0.016339869281045753 0.03495145631067961
1 0.4526143790849674 0.21941747572815534 0.01851851851851852 0.031067961165048542
1 0.462962962962963 0.18640776699029127 0.01525054466230937 0.031067961165048542
1 0.32788671023965144 0.2174757281553398 0.01525054466230937 0.038834951456310676
