1 0.07281001137656427 0.4216867469879518 0.03868031854379977 0.0682730923694779
1 0.25426621160409557 0.28714859437751 0.019340159271899884 0.0321285140562249
1 0.2804323094425483 0.2771084337349397 0.017064846416382253 0.0321285140562249
1 0.29977246871444824 0.26405622489959835 0.014789533560864617 0.03012048192771084
1 0.3060295790671217 0.23092369477911645 0.0136518771331058 0.024096385542168672
1 0.3430034129692833 0.2720883534136546 0.017064846416382253 0.03413654618473895
1 0.39135381114903295 0.29618473895582326 0.01820250284414107 0.03413654618473895
1 0.3657565415244596 0.214859437751004 0.012514220705346985 0.024096385542168672
1 0.38566552901023887 0.22088353413654616 0.015927189988623434 0.024096385542168672
1 0.3919226393629124 0.19879518072289154 0.010238907849829351 0.020080321285140562
1 0.40329920364050054 0.17670682730923692 0.012514220705346985 0.024096385542168672
1 0.4203640500568828 0.21987951807228914 0.014789533560864617 0.03012048192771084
1 0.44254835039817975 0.19377510040160642 0.0136518771331058 0.022088353413654616
1 0.4180887372013652 0.18975903614457829 0.012514220705346985 0.022088353413654616
1 0.45164960182025027 0.17469879518072287 0.011376564277588168 0.024096385542168672
1 0.477815699658703 0.2289156626506024 0.01820250284414107 0.0321285140562249
1 0.44539249146757676 0.22489959839357426 0.017064846416382253 0.028112449799196783
1 0.4869169510807736 0.19979919678714858 0.0136518771331058 0.02610441767068273
1 0.47326507394766776 0.19578313253012047 0.015927189988623434 0.02610441767068273
1 0.474971558589306 0.16365461847389556 0.012514220705346985 0.022088353413654616
1 0.4613196814562002 0.1576305220883534 0.012514220705346985 0.02610441767068273
1 0.44937428896473264 0.1506024096385542 0.011376564277588168 0.020080321285140562
1 0.48521046643913535 0.12951807228915663 0.012514220705346985 0.022088353413654616
1 0.5193401592718998 0.2108433734939759 0.019340159271899884 0.028112449799196783
1 0.49715585893060293 0.1827309236947791 0.0136518771331058 0.024096385542168672
1 0.5125142207053469 0.16265060240963855 0.010238907849829351 0.024096385542168672
1 0.5273037542662116 0.13453815261044175 0.012514220705346985 0.020080321285140562
1 0.5409556313993173 0.16566265060240962 0.012514220705346985 0.02610441767068273
1 0.568259385665529 0.17269076305220882 0.014789533560864617 0.028112449799196783
1 0.5443686006825939 0.1395582329317269 0.010238907849829351 0.018072289156626505
1 0.5591581342434584 0.1184738955823293 0.010238907849829351 0.024096385542168672
1 0.5756541524459613 0.1536144578313253 0.0136518771331058 0.02610441767068273
1 0.5830489192263936 0.1285140562248996 0.012514220705346985 0.028112449799196783
1 0.5944254835039817 0.10140562248995982 0.010238907849829351 0.022088353413654616
1 0.6120591581342434 0.10341365461847389 0.011376564277588168 0.022088353413654616
1 0.6211604095563139 0.14558232931726905 0.0136518771331058 0.03012048192771084
1 0.6023890784982935 0.14156626506024095 0.012514220705346985 0.022088353413654616
1 0.6399317406143344 0.1285140562248996 0.014789533560864617 0.028112449799196783
1 0.6478953356086462 0.10542168674698794 0.010238907849829351 0.022088353413654616
1 0.6285551763367463 0.12650602409638553 0.007963594994311717 0.01606425702811245
1 0.4897610921501706 0.285140562248996 0.02389078498293515 0.04417670682730923
1 0.558589306029579 0.2399598393574297 0.015927189988623434 0.038152610441767064
1 0.5574516496018203 0.2931726907630522 0.0273037542662116 0.040160642570281124
1 0.6001137656427759 0.33534136546184734 0.02389078498293515 0.05220883534136546
1 0.6695108077360636 0.3363453815261044 0.026166097838452786 0.05421686746987951
1 0.6649601820250284 0.2610441767068273 0.026166097838452786 0.04417670682730923
1 0.6023890784982935 0.25301204819277107 0.021615472127417518 0.048192771084337345
1 0.6029579067121729 0.2038152610441767 0.01820250284414107 0.03012048192771084
1 0.6473265073947667 0.17670682730923692 0.015927189988623434 0.0321285140562249
1 0.6569965870307167 0.21586345381526104 0.017064846416382253 0.04216867469879518
1 0.6996587030716723 0.2218875502008032 0.01820250284414107 0.04216867469879518
1 0.7036405005688282 0.3012048192771084 0.021615472127417518 0.04417670682730923
1 0.7741751990898749 0.3032128514056225 0.019340159271899884 0.048192771084337345
1 0.7502844141069397 0.2218875502008032 0.021615472127417518 0.04216867469879518
1 0.7360637087599544 0.17871485943775098 0.015927189988623434 0.03614457831325301
1 0.7542662116040956 0.16265060240963855 0.0136518771331058 0.0321285140562249
1 0.6939704209328782 0.17871485943775098 0.015927189988623434 0.03614457831325301
1 0.6723549488054608 0.1506024096385542 0.0136518771331058 0.028112449799196783
1 0.6786120591581342 0.12349397590361445 0.012514220705346985 0.02610441767068273
1 0.6734926052332195 0.10642570281124497 0.0136518771331058 0.024096385542168672
1 0.7036405005688282 0.1465863453815261 0.014789533560864617 0.028112449799196783
1 0.7269624573378839 0.1255020080321285 0.0136518771331058 0.03012048192771084
1 0.7434584755403868 0.13052208835341364 0.014789533560864617 0.028112449799196783
1 0.7565415244596132 0.12751004016064255 0.011376564277588168 0.02610441767068273
1 0.7747440273037542 0.12751004016064255 0.011376564277588168 0.022088353413654616
1 0.7514220705346984 0.10441767068273092 0.012514220705346985 0.024096385542168672
1 0.7935153583617747 0.1325301204819277 0.012514220705346985 0.028112449799196783
1 0.8054607508532423 0.12751004016064255 0.011376564277588168 0.02610441767068273
1 0.8282138794084186 0.14457831325301204 0.0136518771331058 0.028112449799196783
1 0.8378839590443685 0.19076305220883533 0.014789533560864617 0.028112449799196783
1 0.8003412969283276 0.1716867469879518 0.014789533560864617 0.03413654618473895
1 0.8139931740614335 0.23393574297188752 0.021615472127417518 0.038152610441767064
1 0.8674630261660978 0.2299196787148594 0.017064846416382253 0.04216867469879518
1 0.9135381114903298 0.285140562248996 0.020477815699658702 0.048192771084337345
1 0.9180887372013652 0.19578313253012047 0.015927189988623434 0.038152610441767064
1 0.9186575654152446 0.15963855421686746 0.010238907849829351 0.022088353413654616
1 0.8868031854379976 0.17068273092369476 0.012514220705346985 0.028112449799196783
1 0.8924914675767918 0.13453815261044175 0.014789533560864617 0.0321285140562249
1 0.878839590443686 0.19076305220883533 0.014789533560864617 0.0321285140562249
1 0.8680318543799772 0.1365461847389558 0.011376564277588168 0.024096385542168672
