1 0.07802197802197802 0.2678227360308285 0.01978021978021978 0.038535645472061654
1 0.26868131868131867 0.22639691714836224 0.016483516483516484 0.036608863198458574
1 0.3401098901098901 0.24566473988439305 0.01868131868131868 0.036608863198458574
1 0.4098901098901099 0.23410404624277456 0.01978021978021978 0.04816955684007707
1 0.4434065934065934 0.24951830443159922 0.020879120879120878 0.04046242774566474
1 0.43241758241758244 0.21290944123314065 0.01868131868131868 0.036608863198458574
1 0.3956043956043956 0.19460500963391136 0.017582417582417582 0.03468208092485549
1 0.36923076923076925 0.1955684007707129 0.01978021978021978 0.03275529865125241
1 0.3901098901098901 0.1676300578034682 0.015384615384615385 0.030828516377649325
1 0.41098901098901097 0.16184971098265896 0.015384615384615385 0.030828516377649325
1 0.43846153846153846 0.16859344894026976 0.017582417582417582 0.036608863198458574
1 0.4423076923076923 0.1396917148362235 0.014285714285714285 0.028901734104046242
1 0.4653846153846154 0.14354527938342967 0.01868131868131868 0.03275529865125241
1 0.47912087912087914 0.15510597302504817 0.015384615384615385 0.028901734104046242
1 0.47637362637362635 0.17726396917148363 0.016483516483516484 0.030828516377649325
1 0.4697802197802198 0.20905587668593448 0.020879120879120878 0.04046242774566474
1 0.4967032967032967 0.20905587668593448 0.024175824175824177 0.04816955684007707
1 0.5236263736263737 0.18400770712909442 0.01868131868131868 0.04046242774566474
1 0.4857142857142857 0.13680154142581888 0.015384615384615385 0.02697495183044316
1 0.49725274725274726 0.13102119460500963 0.012087912087912088 0.02697495183044316
1 0.5142857142857142 0.1348747591522158 0.013186813186813187 0.02697495183044316
1 0.5241758241758242 0.1233140655105973 0.010989010989010988 0.023121387283236993
1 0.5401098901098901 0.1396917148362235 0.012087912087912088 0.028901734104046242
1 0.5527472527472528 0.1791907514450867 0.021978021978021976 0.04238921001926782
1 0.5362637362637362 0.1628131021194605 0.013186813186813187 0.03275529865125241
1 0.5692307692307692 0.13872832369942195 0.015384615384615385 0.030828516377649325
1 0.5802197802197803 0.12138728323699421 0.010989010989010988 0.023121387283236993
1 0.5807692307692308 0.07321772639691715 0.012087912087912088 0.019267822736030827
1 0.589010989010989 0.1608863198458574 0.017582417582417582 0.036608863198458574
1 0.606043956043956 0.11368015414258188 0.014285714285714285 0.023121387283236993
1 0.6054945054945055 0.1329479768786127 0.013186813186813187 0.023121387283236993
1 0.6175824175824176 0.13391136801541426 0.013186813186813187 0.03275529865125241
1 0.6307692307692307 0.11946050096339114 0.013186813186813187 0.02697495183044316
1 0.6324175824175824 0.14354527938342967 0.014285714285714285 0.025048169556840076
1 0.6538461538461539 0.10308285163776493 0.010989010989010988 0.028901734104046242
1 0.667032967032967 0.11560693641618497 0.013186813186813187 0.030828516377649325
1 0.6824175824175824 0.11078998073217726 0.013186813186813187 0.028901734104046242
1 0.6923076923076923 0.11849710982658959 0.013186813186813187 0.028901734104046242
1 0.721978021978022 0.07418111753371869 0.015384615384615385 0.03275529865125241
1 0.6401098901098901 0.1994219653179191 0.023076923076923078 0.04431599229287091
1 0.6170329670329671 0.24277456647398843 0.02967032967032967 0.057803468208092484
1 0.5802197802197803 0.2418111753371869 0.01978021978021978 0.05202312138728324
1 0.6631868131868132 0.20134874759152216 0.023076923076923078 0.04816955684007707
1 0.6840659340659341 0.2591522157996146 0.023076923076923078 0.04816955684007707
1 0.717032967032967 0.233140655105973 0.01868131868131868 0.04238921001926782
1 0.734065934065934 0.2658959537572254 0.024175824175824177 0.06165703275529865
1 0.7631868131868131 0.26878612716763006 0.025274725274725275 0.05202312138728324
1 0.7895604395604395 0.28516377649325625 0.027472527472527472 0.057803468208092484
1 0.7483516483516484 0.2023121387283237 0.01978021978021978 0.04238921001926782
1 0.7181318681318681 0.1955684007707129 0.01868131868131868 0.036608863198458574
1 0.6994505494505494 0.1608863198458574 0.014285714285714285 0.036608863198458574
1 0.7296703296703296 0.14258188824662812 0.013186813186813187 0.03468208092485549
1 0.739010989010989 0.18208092485549132 0.014285714285714285 0.04046242774566474
1 0.7489010989010989 0.13583815028901733 0.014285714285714285 0.03275529865125241
1 0.7604395604395604 0.0905587668593449 0.017582417582417582 0.038535645472061654
1 0.7835164835164835 0.14547206165703275 0.015384615384615385 0.028901734104046242
1 0.7945054945054945 0.1608863198458574 0.015384615384615385 0.03275529865125241
1 0.7961538461538461 0.12716763005780346 0.014285714285714285 0.02697495183044316
1 0.8263736263736263 0.13583815028901733 0.015384615384615385 0.03275529865125241
1 0.8478021978021978 0.14547206165703275 0.014285714285714285 0.028901734104046242
1 0.839010989010989 0.16955684007707128 0.014285714285714285 0.030828516377649325
1 0.8571428571428571 0.17822736030828515 0.015384615384615385 0.036608863198458574
1 0.8384615384615385 0.22736030828516376 0.01978021978021978 0.046242774566473986
1 0.7879120879120879 0.2138728323699422 0.01978021978021978 0.04238921001926782
1 0.839010989010989 0.302504816955684 0.025274725274725275 0.057803468208092484
1 0.8648351648351649 0.2842003853564547 0.024175824175824177 0.06358381502890173
1 0.9115384615384615 0.34585741811175336 0.027472527472527472 0.07514450867052024
1 0.9373626373626374 0.2745664739884393 0.024175824175824177 0.06358381502890173
1 0.9241758241758242 0.2504816955684008 0.01978021978021978 0.05009633911368015
1 0.9296703296703297 0.19171483622350674 0.017582417582417582 0.03275529865125241
1 0.9417582417582417 0.20423892100192678 0.015384615384615385 0.03468208092485549
1 0.9384615384615385 0.16955684007707128 0.013186813186813187 0.030828516377649325
1 0.910989010989011 0.1531791907514451 0.015384615384615385 0.03275529865125241
1 0.9027472527472528 0.17822736030828515 0.014285714285714285 0.036608863198458574
1 0.8884615384615384 0.22736030828516376 0.01868131868131868 0.038535645472061654
1 0.8851648351648351 0.14836223506743737 0.016483516483516484 0.03468208092485549
