1 0.017006802721088437 0.5642201834862386 0.02947845804988662 0.11314984709480122
1 0.06575963718820863 0.42966360856269115 0.049886621315192746 0.06422018348623854
1 0.02380952380952381 0.41590214067278286 0.03854875283446712 0.06116207951070336
1 0.1870748299319728 0.43883792048929665 0.061224489795918366 0.08256880733944955
1 0.264172335600907 0.48623853211009177 0.07029478458049887 0.07951070336391437
1 0.2290249433106576 0.691131498470948 0.11791383219954649 0.1529051987767584
1 0.4319727891156463 0.8363914373088686 0.14285714285714285 0.21100917431192662
1 0.5385487528344671 0.5091743119266056 0.07029478458049887 0.11314984709480122
1 0.7630385487528345 0.6330275229357798 0.09297052154195011 0.14678899082568808
1 0.6757369614512472 0.1834862385321101 0.04081632653061225 0.07339449541284404
1 0.4943310657596372 0.20336391437308868 0.036281179138321996 0.06422018348623854
