1 0.11929967426710099 0.593103448275862 0.03175895765472313 0.0793103448275862
1 0.08102605863192183 0.5491379310344827 0.028501628664495116 0.0706896551724138
1 0.08143322475570033 0.4525862068965517 0.02280130293159609 0.06034482758620689
1 0.01954397394136808 0.30344827586206896 0.016286644951140065 0.03793103448275862
1 0.03623778501628665 0.2793103448275862 0.015472312703583062 0.041379310344827586
1 0.043973941368078175 0.22758620689655173 0.013029315960912053 0.03103448275862069
1 0.12296416938110749 0.25862068965517243 0.016286644951140065 0.041379310344827586
1 0.13151465798045603 0.2396551724137931 0.012214983713355049 0.034482758620689655
1 0.15594462540716614 0.22586206896551725 0.015472312703583062 0.041379310344827586
1 0.18037459283387622 0.22586206896551725 0.013843648208469056 0.041379310344827586
1 0.18118892508143322 0.29137931034482756 0.020358306188925084 0.04482758620689655
1 0.1995114006514658 0.4672413793103448 0.02280130293159609 0.06551724137931034
1 0.23574918566775246 0.3913793103448276 0.020358306188925084 0.05172413793103448
1 0.24633550488599348 0.33879310344827585 0.01710097719869707 0.05
1 0.20276872964169382 0.16206896551724137 0.011400651465798045 0.03103448275862069
1 0.22638436482084692 0.16896551724137931 0.01465798045602606 0.03793103448275862
1 0.251628664495114 0.16120689655172413 0.011400651465798045 0.029310344827586206
1 0.2931596091205212 0.23706896551724138 0.016286644951140065 0.0396551724137931
1 0.30252442996742673 0.19827586206896552 0.013843648208469056 0.034482758620689655
1 0.30456026058631924 0.1706896551724138 0.013029315960912053 0.027586206896551724
1 0.32410423452768733 0.2672413793103448 0.016286644951140065 0.041379310344827586
1 0.3570846905537459 0.23879310344827587 0.01710097719869707 0.04310344827586207
1 0.3921009771986971 0.21982758620689655 0.015472312703583062 0.03620689655172414
1 0.36400651465798045 0.125 0.013029315960912053 0.03275862068965517
1 0.41123778501628666 0.1267241379310345 0.013029315960912053 0.03275862068965517
1 0.4258957654723127 0.11120689655172414 0.011400651465798045 0.029310344827586206
1 0.4218241042345277 0.20775862068965517 0.016286644951140065 0.0396551724137931
1 0.47271986970684043 0.16810344827586207 0.013843648208469056 0.03275862068965517
1 0.4947068403908795 0.15086206896551724 0.012214983713355049 0.03275862068965517
1 0.48859934853420195 0.11551724137931034 0.013029315960912053 0.03103448275862069
1 0.47638436482084695 0.19741379310344828 0.013029315960912053 0.03275862068965517
1 0.5061074918566776 0.21379310344827585 0.012214983713355049 0.03793103448275862
1 0.5179153094462541 0.13879310344827586 0.011400651465798045 0.02586206896551724
1 0.5297231270358307 0.11293103448275862 0.010586319218241044 0.02586206896551724
1 0.5525244299674268 0.1956896551724138 0.013843648208469056 0.029310344827586206
1 0.4971498371335505 0.25775862068965516 0.015472312703583062 0.0396551724137931
1 0.4816775244299675 0.31810344827586207 0.020358306188925084 0.056896551724137934
1 0.5610749185667753 0.3439655172413793 0.02280130293159609 0.056896551724137934
1 0.5814332247557004 0.23706896551724138 0.01465798045602606 0.04310344827586207
1 0.5846905537459284 0.17672413793103448 0.01465798045602606 0.03620689655172414
1 0.5964983713355049 0.1353448275862069 0.012214983713355049 0.03275862068965517
1 0.6278501628664496 0.15172413793103448 0.013029315960912053 0.034482758620689655
1 0.6066775244299675 0.16637931034482759 0.011400651465798045 0.029310344827586206
1 0.6368078175895766 0.2810344827586207 0.016286644951140065 0.034482758620689655
1 0.6567589576547231 0.18448275862068966 0.012214983713355049 0.03103448275862069
1 0.5761400651465798 0.5 0.025244299674267102 0.06896551724137931
1 0.6938110749185669 0.3689655172413793 0.017915309446254073 0.04827586206896552
1 0.7190553745928339 0.3043103448275862 0.021172638436482087 0.0396551724137931
1 0.7105048859934854 0.25689655172413794 0.013843648208469056 0.03793103448275862
1 0.7219055374592834 0.24482758620689654 0.010586319218241044 0.027586206896551724
1 0.7341205211726385 0.2396551724137931 0.010586319218241044 0.027586206896551724
1 0.7271986970684039 0.21982758620689655 0.011400651465798045 0.022413793103448276
1 0.7805374592833877 0.23706896551724138 0.013843648208469056 0.03620689655172414
1 0.8232899022801303 0.2663793103448276 0.013029315960912053 0.03275862068965517
1 0.865228013029316 0.3103448275862069 0.013843648208469056 0.034482758620689655
1 0.9364820846905538 0.39913793103448275 0.017915309446254073 0.04655172413793103
1 0.7858306188925082 0.3922413793103448 0.024429967426710098 0.05344827586206896
