1 0.09930555555555556 0.22036637931034483 0.1513888888888889 0.2790948275862069
1 0.03298611111111111 0.05064655172413793 0.06458333333333334 0.09267241379310345
1 0.2986111111111111 0.17995689655172414 0.09166666666666667 0.15086206896551724
1 0.503125 0.2667025862068966 0.1076388888888889 0.19935344827586207
1 0.6416666666666667 0.22359913793103448 0.07916666666666666 0.14547413793103448
1 0.7427083333333334 0.16810344827586207 0.06180555555555556 0.12068965517241378
1 0.790625 0.14493534482758622 0.06319444444444444 0.11530172413793104
1 0.8649305555555555 0.10668103448275862 0.05486111111111111 0.10991379310344827
1 0.804513888888889 0.5188577586206896 0.22013888888888888 0.3566810344827586
1 0.9493055555555556 0.18588362068965517 0.10138888888888889 0.19073275862068964
