0 0.38708333333333333 0.319047619047619 0.12916666666666668 0.3492063492063492
0 0.49833333333333335 0.25555555555555554 0.12666666666666668 0.2920634920634921
0 0.6654166666666667 0.3261904761904762 0.14916666666666667 0.353968253968254
0 0.7654166666666667 0.29365079365079366 0.08083333333333334 0.26031746031746034
0 0.8358333333333334 0.2992063492063492 0.13833333333333334 0.36666666666666664
0 0.9304166666666668 0.19603174603174603 0.09416666666666668 0.2365079365079365
0 0.37083333333333335 0.19603174603174603 0.14 0.23015873015873015
1 0.12458333333333334 0.35079365079365077 0.13583333333333333 0.326984126984127
1 0.029166666666666667 0.1873015873015873 0.05666666666666667 0.23174603174603176
1 0.12791666666666668 0.19682539682539682 0.12083333333333333 0.17777777777777778
