0 0.5005208333333333 0.3055555555555556 0.06145833333333333 0.11851851851851852
0 0.5989583333333334 0.30648148148148147 0.075 0.13518518518518519
0 0.6770833333333334 0.2611111111111111 0.058333333333333334 0.12222222222222223
0 0.8697916666666666 0.2962962962962963 0.0625 0.11481481481481481
0 0.44427083333333334 0.22870370370370371 0.06145833333333333 0.12407407407407407
0 0.3453125 0.29814814814814816 0.065625 0.12222222222222223
1 0.09010416666666667 0.5435185185185185 0.140625 0.29814814814814816
1 0.25416666666666665 0.287962962962963 0.029166666666666667 0.053703703703703705
1 0.7869791666666667 0.3101851851851852 0.028125 0.061111111111111116
1 0.9088541666666666 0.3277777777777778 0.057291666666666664 0.12222222222222223
1 0.9729166666666667 0.35000000000000003 0.052083333333333336 0.11481481481481481
1 0.5479166666666666 0.3425925925925926 0.027083333333333334 0.06296296296296297
1 0.559375 0.31666666666666665 0.020833333333333332 0.04814814814814815
1 0.38645833333333335 0.29444444444444445 0.022916666666666665 0.04814814814814815
