1 0.18828125 0.773542600896861 0.15156250000000002 0.19730941704035873
1 0.26171875 0.48094170403587444 0.045312500000000006 0.0695067264573991
1 0.14609375 0.5269058295964125 0.0234375 0.03587443946188341
1 0.10234375000000001 0.523542600896861 0.029687500000000002 0.033632286995515695
1 0.01640625 0.5515695067264574 0.029687500000000002 0.04932735426008968
1 0.0328125 0.5426008968609866 0.021875000000000002 0.03587443946188341
1 0.34296875000000004 0.5448430493273543 0.051562500000000004 0.07623318385650224
1 0.36953125000000003 0.5100896860986547 0.0203125 0.033632286995515695
1 0.40625 0.5493273542600897 0.037500000000000006 0.06278026905829596
1 0.43203125000000003 0.5190582959641256 0.0234375 0.033632286995515695
1 0.45078125 0.5369955156950672 0.029687500000000002 0.033632286995515695
1 0.49843750000000003 0.602017937219731 0.0625 0.08744394618834081
1 0.525 0.5414798206278026 0.028125 0.042600896860986545
1 0.51328125 0.5201793721973094 0.0203125 0.026905829596412557
1 0.496875 0.5112107623318386 0.015625 0.02242152466367713
1 0.5671875000000001 0.5201793721973094 0.021875000000000002 0.03139013452914798
1 0.634375 0.7354260089686099 0.1125 0.15246636771300448
1 0.68671875 0.5964125560538116 0.0546875 0.08968609865470852
1 0.64375 0.5582959641255605 0.046875 0.06278026905829596
1 0.7117187500000001 0.5112107623318386 0.0390625 0.05829596412556054
1 0.921875 0.8699551569506726 0.14375000000000002 0.21973094170403587
1 0.6843750000000001 0.5482062780269058 0.03125 0.04708520179372197
