1 0.25310344827586206 0.483402489626556 0.03172413793103448 0.049792531120331954
1 0.3448275862068965 0.5062240663900415 0.03586206896551724 0.049792531120331954
1 0.33172413793103445 0.4854771784232365 0.02896551724137931 0.049792531120331954
1 0.4027586206896551 0.504149377593361 0.046896551724137925 0.06639004149377593
1 0.3986206896551724 0.3879668049792531 0.022068965517241378 0.04149377593360996
1 0.27586206896551724 0.6120331950207469 0.05517241379310345 0.07883817427385892
1 0.2648275862068965 0.5632780082987552 0.03586206896551724 0.05186721991701245
1 0.39586206896551723 0.6400414937759336 0.09379310344827585 0.13485477178423236
1 0.46344827586206894 0.5985477178423236 0.05517241379310345 0.07676348547717843
1 0.4855172413793103 0.4657676348547718 0.030344827586206893 0.043568464730290454
1 0.5441379310344827 0.46265560165975106 0.034482758620689655 0.05394190871369295
1 0.576551724137931 0.5062240663900415 0.041379310344827586 0.06639004149377593
1 0.5813793103448276 0.6317427385892116 0.09517241379310344 0.13485477178423236
1 0.6841379310344827 0.8848547717842323 0.21241379310344827 0.23029045643153526
1 0.9468965517241379 0.8402489626556017 0.10620689655172413 0.2821576763485477
1 0.8268965517241379 0.5176348547717843 0.053793103448275856 0.0975103734439834
1 0.8875862068965517 0.5186721991701245 0.0593103448275862 0.08298755186721991
1 0.9517241379310344 0.49066390041493774 0.041379310344827586 0.07261410788381743
1 0.7668965517241378 0.5072614107883817 0.044137931034482755 0.06431535269709543
1 0.7310344827586206 0.4699170124481328 0.03310344827586206 0.04771784232365145
1 0.7172413793103448 0.44813278008298757 0.03310344827586206 0.04564315352697095
1 0.6675862068965517 0.46473029045643155 0.027586206896551724 0.04564315352697095
1 0.656551724137931 0.5093360995850622 0.0496551724137931 0.06431535269709543
