1 0.17037754114230397 0.4974271012006861 0.05227492739593417 0.09948542024013722
1 0.27541142303969024 0.2667238421955403 0.02032913843175218 0.03945111492281304
1 0.3441432720232333 0.2478559176672384 0.02032913843175218 0.03602058319039451
1 0.3756050338818974 0.26586620926243565 0.023233301064859633 0.044596912521440824
1 0.35237173281703776 0.20154373927958832 0.017424975798644726 0.03602058319039451
1 0.37947725072604066 0.20154373927958832 0.017424975798644726 0.03945111492281304
1 0.39545014520813165 0.2195540308747856 0.018393030009680542 0.03773584905660377
1 0.4283639883833495 0.225557461406518 0.02420135527589545 0.04974271012006861
1 0.40464666021297196 0.18181818181818182 0.017424975798644726 0.030874785591766724
1 0.44675701839303 0.18867924528301885 0.018393030009680542 0.03773584905660377
1 0.4612778315585673 0.18181818181818182 0.016456921587608905 0.03773584905660377
1 0.4883833494675702 0.18181818181818182 0.018393030009680542 0.041166380789022294
1 0.4656340755082285 0.15523156089193824 0.017424975798644726 0.02915951972555746
1 0.4443368828654405 0.15180102915951973 0.015488867376573089 0.032590051457975985
1 0.537270087124879 0.19725557461406518 0.021297192642787996 0.041166380789022294
1 0.5556631171345595 0.1869639794168096 0.015488867376573089 0.03773584905660377
1 0.5024201355275896 0.1269296740994854 0.011616650532429816 0.024013722126929673
1 0.5246853823814134 0.12778730703259006 0.017424975798644726 0.032590051457975985
1 0.5595353339787028 0.10634648370497427 0.017424975798644726 0.0274442538593482
1 0.5600193610842207 0.137221269296741 0.01452081316553727 0.0274442538593482
1 0.5764762826718296 0.1423670668953688 0.01452081316553727 0.03430531732418525
1 0.579380445304937 0.12178387650085763 0.016456921587608905 0.030874785591766724
1 0.6079380445304937 0.15180102915951973 0.017424975798644726 0.03602058319039451
1 0.643756050338819 0.14150943396226415 0.015488867376573089 0.02915951972555746
1 0.6563407550822846 0.16981132075471697 0.019361084220716362 0.041166380789022294
1 0.6413359148112294 0.1595197255574614 0.016456921587608905 0.0274442538593482
1 0.5503388189738626 0.2624356775300172 0.02420135527589545 0.048027444253859346
1 0.5290416263310745 0.33104631217838765 0.033881897386253634 0.0686106346483705
1 0.47967086156824784 0.313893653516295 0.03581800580832527 0.06518010291595197
1 0.601161665053243 0.2684391080617496 0.02904162633107454 0.04631217838765009
1 0.6524685382381413 0.21269296740994853 0.019361084220716362 0.044596912521440824
1 0.6969990319457889 0.16981132075471697 0.017424975798644726 0.044596912521440824
1 0.7221684414327203 0.18267581475128644 0.023233301064859633 0.05317324185248713
1 0.6974830590513069 0.28216123499142365 0.028073572120038724 0.0634648370497427
1 0.665053242981607 0.34991423670668953 0.03291384317521781 0.07547169811320754
1 0.7478218780251694 0.3379073756432247 0.031945788964181994 0.07890222984562607
1 0.787512100677638 0.40480274442538594 0.0377541142303969 0.08919382504288165
1 0.7391093901258471 0.22898799313893653 0.022265246853823816 0.05317324185248713
1 0.771539206195547 0.20497427101200685 0.023233301064859633 0.04288164665523156
1 0.7860600193610843 0.274442538593482 0.02516940948693127 0.0548885077186964
1 0.8025169409486932 0.24356775300171526 0.021297192642787996 0.048027444253859346
1 0.829622458857696 0.31475128644939965 0.02904162633107454 0.07032590051457976
1 0.8572120038722169 0.2624356775300172 0.022265246853823816 0.051457975986277875
1 0.8872216844143272 0.4099485420240137 0.041626331074540175 0.08919382504288165
1 0.9007744433688287 0.3216123499142367 0.028073572120038724 0.060034305317324184
1 0.9085188770571152 0.2787307032590051 0.02032913843175218 0.05317324185248713
1 0.7889641819941917 0.13379073756432247 0.013552758954501452 0.03430531732418525
1 0.824298160696999 0.1423670668953688 0.01452081316553727 0.03430531732418525
1 0.834946757018393 0.13036020583190394 0.012584704743465635 0.030874785591766724
1 0.8528557599225557 0.15437392795883362 0.015488867376573089 0.03430531732418525
1 0.8610842207163601 0.13036020583190394 0.010648596321393998 0.0274442538593482
1 0.8954501452081317 0.14493996569468268 0.015488867376573089 0.02915951972555746
1 0.9220716360116167 0.1569468267581475 0.01452081316553727 0.02915951972555746
