1 0.2701652089407191 0.25974025974025977 0.019436345966958212 0.03246753246753247
1 0.2813411078717201 0.262987012987013 0.0184645286686103 0.03896103896103896
1 0.3114674441205053 0.2637987012987013 0.0184645286686103 0.040584415584415584
1 0.3275024295432459 0.27922077922077926 0.01749271137026239 0.03896103896103896
1 0.3493683187560738 0.3043831168831169 0.02235179786200194 0.03733766233766234
1 0.3508260447035957 0.23701298701298704 0.019436345966958212 0.03571428571428572
1 0.38386783284742465 0.2142857142857143 0.01749271137026239 0.03571428571428572
1 0.3974732750242954 0.21185064935064937 0.01749271137026239 0.030844155844155847
1 0.4052478134110787 0.29870129870129875 0.025267249757045675 0.045454545454545456
1 0.4193391642371234 0.23701298701298704 0.02235179786200194 0.03571428571428572
1 0.4834791059280855 0.22564935064935066 0.024295432458697763 0.04220779220779221
1 0.4679300291545189 0.18100649350649353 0.02040816326530612 0.03733766233766234
1 0.5174927113702623 0.1663961038961039 0.01652089407191448 0.0275974025974026
1 0.5379008746355685 0.1858766233766234 0.02040816326530612 0.03733766233766234
1 0.5252672497570456 0.21347402597402598 0.02040816326530612 0.034090909090909095
1 0.5699708454810495 0.1931818181818182 0.02235179786200194 0.03246753246753247
1 0.5685131195335277 0.16233766233766234 0.019436345966958212 0.029220779220779224
1 0.5937803692905733 0.17207792207792208 0.019436345966958212 0.03896103896103896
1 0.6098153547133138 0.1241883116883117 0.01652089407191448 0.0275974025974026
1 0.5816326530612245 0.2272727272727273 0.02040816326530612 0.03896103896103896
1 0.5077745383867832 0.3060064935064935 0.024295432458697763 0.05032467532467533
1 0.5587949465500486 0.31493506493506496 0.031098153547133137 0.05844155844155845
1 0.597667638483965 0.2711038961038961 0.027210884353741496 0.05844155844155845
1 0.6248785228377065 0.21996753246753248 0.023323615160349854 0.04383116883116883
1 0.6491739552964042 0.19642857142857145 0.021379980563654033 0.04220779220779221
1 0.6676384839650146 0.3490259740259741 0.03304178814382896 0.07142857142857144
1 0.6579203109815355 0.27272727272727276 0.029154518950437316 0.05194805194805195
1 0.6812439261418853 0.21672077922077923 0.023323615160349854 0.05032467532467533
1 0.6943634596695821 0.18506493506493507 0.02040816326530612 0.03896103896103896
1 0.7312925170068026 0.20373376623376624 0.02040816326530612 0.03733766233766234
1 0.738581146744412 0.18181818181818182 0.019436345966958212 0.03571428571428572
1 0.7269193391642371 0.2564935064935065 0.025267249757045675 0.048701298701298704
1 0.7589893100097181 0.23620129870129872 0.021379980563654033 0.04383116883116883
1 0.7667638483965015 0.19074675324675325 0.01749271137026239 0.034090909090909095
1 0.7881438289601554 0.2012987012987013 0.01749271137026239 0.03896103896103896
1 0.7764820213799806 0.1444805194805195 0.015549076773566569 0.03246753246753247
1 0.8066083576287657 0.14772727272727273 0.01749271137026239 0.03246753246753247
1 0.8241010689990281 0.17613636363636365 0.019436345966958212 0.034090909090909095
1 0.8309037900874635 0.23214285714285715 0.019436345966958212 0.03571428571428572
1 0.8158406219630709 0.25243506493506496 0.028182701652089404 0.05681818181818182
1 0.7871720116618075 0.30519480519480524 0.025267249757045675 0.0551948051948052
1 0.7687074829931972 0.36444805194805197 0.03304178814382896 0.06006493506493507
1 0.8595724003887268 0.2970779220779221 0.028182701652089404 0.0551948051948052
1 0.8731778425655976 0.2670454545454546 0.024295432458697763 0.04707792207792208
1 0.9110787172011662 0.2930194805194805 0.026239067055393583 0.053571428571428575
1 0.8935860058309038 0.2142857142857143 0.0184645286686103 0.04220779220779221
1 0.8508260447035957 0.20373376623376624 0.01652089407191448 0.040584415584415584
1 0.8624878522837706 0.16314935064935066 0.014577259475218658 0.030844155844155847
