1 0.11795343137254902 0.7361111111111112 0.09497549019607843 0.13970588235294118
1 0.17371323529411764 0.641952614379085 0.06740196078431372 0.09272875816993464
1 0.23360906862745098 0.5976307189542484 0.04932598039215686 0.06781045751633988
1 0.27496936274509803 0.6115196078431373 0.057291666666666664 0.07189542483660132
1 0.27450980392156865 0.553921568627451 0.03431372549019608 0.049836601307189546
1 0.31495098039215685 0.5314542483660131 0.02696078431372549 0.04493464052287582
1 0.32643995098039214 0.5124591503267975 0.021752450980392156 0.03308823529411765
1 0.28293504901960786 0.46262254901960786 0.022365196078431373 0.03880718954248366
1 0.34528186274509803 0.46200980392156865 0.02022058823529412 0.03594771241830066
1 0.4333639705882353 0.556781045751634 0.03216911764705882 0.04575163398692811
1 0.4577205882352941 0.5633169934640523 0.037377450980392156 0.05065359477124183
1 0.5088848039215687 0.596609477124183 0.06372549019607843 0.08782679738562092
1 0.44316789215686275 0.5332924836601307 0.024816176470588234 0.024918300653594773
1 0.4299938725490196 0.5238970588235294 0.02849264705882353 0.037990196078431376
1 0.9016544117647058 0.47446895424836605 0.03431372549019608 0.05269607843137255
