1 0.105 0.3916349809885932 0.055 0.09125475285171103
1 0.22125 0.39543726235741444 0.0525 0.09885931558935361
1 0.32125 0.3916349809885932 0.0575 0.09885931558935361
1 0.4675 0.5304182509505704 0.06 0.11026615969581749
1 0.49 0.38022813688212925 0.055 0.09885931558935361
1 0.59125 0.38593155893536124 0.0475 0.08745247148288973
1 0.7225 0.5551330798479087 0.065 0.12927756653992395
1 0.71375 0.36311787072243346 0.0525 0.09505703422053231
1 0.8275 0.34220532319391633 0.05 0.09125475285171103
1 0.93125 0.3840304182509506 0.0475 0.08365019011406843
