1 0.03771551724137931 0.4743975903614458 0.07112068965517242 0.10542168674698796
1 0.10560344827586207 0.4819277108433735 0.08620689655172414 0.13253012048192772
1 0.17672413793103448 0.5436746987951807 0.09482758620689655 0.12349397590361447
1 0.34051724137931033 0.5451807228915663 0.10344827586206896 0.13253012048192772
1 0.4665948275862069 0.5120481927710844 0.07974137931034482 0.12048192771084337
1 0.5581896551724138 0.4728915662650603 0.07758620689655173 0.10240963855421688
1 0.5431034482758621 0.5918674698795181 0.09913793103448276 0.11144578313253013
1 0.65625 0.286144578313253 0.07543103448275862 0.11445783132530121
1 0.6745689655172413 0.5120481927710844 0.09913793103448276 0.13855421686746988
1 0.7952586206896551 0.5180722891566265 0.08189655172413793 0.12650602409638556
1 0.9245689655172413 0.4984939759036145 0.09482758620689655 0.13554216867469882
