1 0.028662420382165602 0.6180467091295117 0.03630573248407643 0.0505307855626327
1 0.11170382165605094 0.6363057324840764 0.08869426751592356 0.1070063694267516
1 0.17993630573248406 0.6064755838641189 0.05382165605095541 0.08598726114649682
1 0.2921974522292993 0.6287685774946922 0.09331210191082802 0.12420382165605096
1 0.3346337579617834 0.47006369426751593 0.038694267515923565 0.06581740976645435
1 0.5298566878980892 0.6514861995753716 0.05621019108280254 0.0970276008492569
1 0.5628980891719745 0.641932059447983 0.041719745222929934 0.06560509554140127
1 0.6261942675159236 0.7217622080679406 0.1001592356687898 0.14033970276008492
1 0.7167993630573248 0.6357749469214438 0.07340764331210191 0.08598726114649682
1 0.6864649681528662 0.6090233545647559 0.037261146496815285 0.06263269639065817
