1 0.15701219512195122 0.2636363636363636 0.1676829268292683 0.2636363636363636
1 0.4893292682926829 0.4886363636363636 0.039634146341463415 0.05909090909090909
1 0.5457317073170732 0.5136363636363636 0.03658536585365854 0.07272727272727272
1 0.5929878048780488 0.475 0.03353658536585366 0.05909090909090909
1 0.6204268292682927 0.5454545454545454 0.039634146341463415 0.07272727272727272
1 0.6707317073170732 0.5113636363636364 0.03658536585365854 0.05909090909090909
1 0.7515243902439025 0.6204545454545454 0.04573170731707317 0.09545454545454544
1 0.7682926829268293 0.5295454545454545 0.03658536585365854 0.06818181818181818
1 0.7149390243902439 0.4795454545454545 0.027439024390243903 0.049999999999999996
1 0.7713414634146342 0.4886363636363636 0.03048780487804878 0.04090909090909091
1 0.7820121951219512 0.4659090909090909 0.027439024390243903 0.04090909090909091
1 0.836890243902439 0.4659090909090909 0.027439024390243903 0.05909090909090909
1 0.850609756097561 0.47727272727272724 0.024390243902439025 0.03636363636363636
1 0.8536585365853658 0.5227272727272727 0.03048780487804878 0.05454545454545454
1 0.8902439024390244 0.5636363636363636 0.042682926829268296 0.07272727272727272
1 0.961890243902439 0.5477272727272727 0.039634146341463415 0.06818181818181818
1 0.9390243902439025 0.49318181818181817 0.03048780487804878 0.05909090909090909
1 0.9039634146341464 0.4886363636363636 0.027439024390243903 0.05909090909090909
