1 0.21908244680851063 0.4375 0.1050531914893617 0.202
1 0.3048537234042553 0.528 0.08311170212765957 0.152
1 0.1283244680851064 0.49625 0.03723404255319149 0.0675
1 0.07779255319148937 0.864 0.14428191489361702 0.259
1 0.1572473404255319 0.8175 0.13364361702127658 0.25
1 0.41888297872340424 0.47450000000000003 0.03523936170212766 0.08
1 0.45029920212765956 0.4905 0.041555851063829786 0.079
1 0.4895279255319149 0.52725 0.0867686170212766 0.1375
1 0.5453789893617021 0.4675 0.06216755319148936 0.123
1 0.609375 0.50775 0.06183510638297872 0.11750000000000001
1 0.6790226063829787 0.48175 0.10139627659574468 0.1675
1 0.8026928191489362 0.5685 0.021609042553191488 0.05
1 0.8555518617021276 0.5785 0.026263297872340424 0.051000000000000004
1 0.9765625 0.5975 0.024268617021276594 0.049
1 0.9115691489361701 0.49825 0.03324468085106383 0.0635
