1 0.19459888800635425 0.39481065918653574 0.042891183478951544 0.08274894810659186
1 0.29984114376489274 0.255960729312763 0.021445591739475772 0.043478260869565216
1 0.31334392374900716 0.2601683029453015 0.023034154090548053 0.04628330995792426
1 0.33756949960285937 0.21458625525946703 0.017474185861795076 0.033660589060308554
1 0.35385226370135026 0.25315568022440393 0.02621127879269261 0.043478260869565216
1 0.3705321683876092 0.23422159887798036 0.021445591739475772 0.04488078541374474
1 0.39078633836378074 0.255960729312763 0.025416997617156472 0.04908835904628331
1 0.4003177124702144 0.22720897615708274 0.019062748212867353 0.033660589060308554
1 0.4154090548054011 0.1879382889200561 0.019062748212867353 0.0364656381486676
1 0.42255758538522636 0.2447405329593268 0.025416997617156472 0.051893408134642355
1 0.44479745830023826 0.22650771388499297 0.020651310563939634 0.04628330995792426
1 0.465845909451946 0.2314165497896213 0.024622716441620333 0.047685834502103785
1 0.43764892772041303 0.1640953716690042 0.014297061159650515 0.033660589060308554
1 0.45194598888006354 0.16830294530154277 0.012708498808578236 0.030855539971949508
1 0.45234312946783156 0.13955119214586253 0.013502779984114376 0.029453015427769985
1 0.4690230341540905 0.15357643758765777 0.013502779984114376 0.03506311360448808
1 0.505957108816521 0.1297335203366059 0.019062748212867353 0.02664796633941094
1 0.517474185861795 0.15287517531556802 0.015091342335186655 0.030855539971949508
1 0.5039714058776806 0.18092566619915848 0.019857029388403495 0.03927068723702665
1 0.5496425734710088 0.15988779803646563 0.017474185861795076 0.03927068723702665
1 0.5488482922954726 0.13253856942496495 0.015885623510722795 0.02664796633941094
1 0.5607625099285146 0.182328190743338 0.022239872915011914 0.03927068723702665
1 0.5305798252581414 0.13183730715287517 0.012708498808578236 0.028050490883590462
1 0.5472597299444003 0.2482468443197756 0.02859412231930103 0.047685834502103785
1 0.5416997617156473 0.3008415147265077 0.03494837172359015 0.05750350631136045
1 0.6064336775218427 0.3141654978962132 0.03256552819698173 0.061711079943899017
1 0.6032565528196981 0.2538569424964937 0.02779984114376489 0.056100981767180924
1 0.6028594122319301 0.20897615708274894 0.027005559968228753 0.05049088359046283
1 0.5651310563939634 0.12342215988779803 0.016679904686258934 0.030855539971949508
1 0.5861795075456712 0.14375876577840113 0.019062748212867353 0.04067321178120617
1 0.6068308181096108 0.14516129032258063 0.017474185861795076 0.03506311360448808
1 0.6036536934074662 0.11781206171107994 0.011119936457505957 0.028050490883590462
1 0.6115965051628276 0.11009817671809256 0.014297061159650515 0.03506311360448808
1 0.5933280381254964 0.10308555399719495 0.011119936457505957 0.023842917251051893
1 0.6393963463065925 0.1311360448807854 0.017474185861795076 0.03506311360448808
1 0.6501191421763304 0.11150070126227209 0.015091342335186655 0.03225806451612903
1 0.6437648927720413 0.0967741935483871 0.011914217633042096 0.02244039270687237
1 0.6679904686258935 0.11711079943899018 0.017474185861795076 0.03506311360448808
1 0.6969817315329626 0.10448807854137447 0.011914217633042096 0.029453015427769985
1 0.6894360603653693 0.17251051893408134 0.017474185861795076 0.03927068723702665
1 0.6584590945194598 0.22300140252454417 0.02382843526608419 0.047685834502103785
1 0.6576648133439237 0.2601683029453015 0.02859412231930103 0.04908835904628331
1 0.795472597299444 0.38008415147265073 0.04209690230341541 0.08415147265077139
1 0.8367752184273233 0.3169705469845722 0.02779984114376489 0.07012622720897616
1 0.778395552025417 0.29102384291725103 0.02382843526608419 0.051893408134642355
1 0.7482128673550437 0.22230014025245443 0.02859412231930103 0.0546984572230014
1 0.7073073868149324 0.22019635343618513 0.024622716441620333 0.05329593267882188
1 0.7287529785544082 0.18092566619915848 0.016679904686258934 0.04488078541374474
1 0.716441620333598 0.16269284712482468 0.019062748212867353 0.04207573632538569
1 0.7414614773629865 0.11640953716690042 0.019857029388403495 0.0364656381486676
1 0.7509928514694202 0.13744740532959326 0.013502779984114376 0.030855539971949508
1 0.7795869737887212 0.15778401122019636 0.016679904686258934 0.03506311360448808
1 0.772835583796664 0.2040673211781206 0.022239872915011914 0.04908835904628331
1 0.7490071485305798 0.16479663394109395 0.017474185861795076 0.03506311360448808
1 0.7970611596505163 0.17952314165497896 0.018268467037331215 0.0364656381486676
1 0.812946783161239 0.15077138849929872 0.018268467037331215 0.03506311360448808
1 0.7779984114376489 0.12061711079943899 0.016679904686258934 0.028050490883590462
1 0.8057982525814138 0.1150070126227209 0.018268467037331215 0.033660589060308554
1 0.8399523431294678 0.12482468443197756 0.018268467037331215 0.030855539971949508
1 0.8375694996028593 0.18162692847124823 0.018268467037331215 0.043478260869565216
1 0.8204924543288323 0.21107994389901824 0.019062748212867353 0.04067321178120617
1 0.8022239872915011 0.24123422159887797 0.02382843526608419 0.05329593267882188
1 0.8594122319301032 0.24684431977559607 0.02382843526608419 0.05049088359046283
1 0.8796664019062748 0.2314165497896213 0.021445591739475772 0.05049088359046283
1 0.9030976965845909 0.2868162692847125 0.03335980937251787 0.07152875175315568
1 0.9082605242255758 0.25245441795231416 0.023034154090548053 0.047685834502103785
1 0.9197776012708498 0.2335203366058906 0.025416997617156472 0.04067321178120617
1 0.8911834789515488 0.18373071528751753 0.019062748212867353 0.04207573632538569
1 0.8951548848292294 0.14726507713884993 0.017474185861795076 0.0364656381486676
1 0.8558379666401906 0.1640953716690042 0.016679904686258934 0.033660589060308554
1 0.8641779189833201 0.14796633941093967 0.017474185861795076 0.03225806451612903
1 0.880857823669579 0.4172510518934081 0.03653693407466243 0.08555399719495091
