1 0.13891081294396213 0.3337950138504155 0.022099447513812154 0.038781163434903045
1 0.1637726913970008 0.5193905817174516 0.041831097079715863 0.060941828254847646
1 0.42857142857142855 0.2693905817174515 0.02367797947908445 0.045706371191135735
1 0.4234411996842936 0.2195290858725762 0.018153117600631413 0.03462603878116344
1 0.46685082872928174 0.22299168975069253 0.016574585635359115 0.036011080332409975
1 0.48421468034727705 0.31301939058171746 0.02920284135753749 0.04986149584487535
1 0.5394632991318075 0.3573407202216066 0.02920284135753749 0.04709141274238227
1 0.712707182320442 0.14127423822714683 0.014206787687450671 0.0332409972299169
1 0.7423046566692976 0.1433518005540166 0.01499605367008682 0.03462603878116344
1 0.8772691397000789 0.22022160664819945 0.016574585635359115 0.04155124653739612
