1 0.06810897435897435 0.6080843585237258 0.056089743589743585 0.12302284710017573
1 0.2003205128205128 0.304920913884007 0.019230769230769232 0.05448154657293497
1 0.2299679487179487 0.29261862917398945 0.02564102564102564 0.05799648506151142
1 0.27323717948717946 0.2530755711775044 0.019230769230769232 0.0421792618629174
1 0.31009615384615385 0.25131810193321613 0.017628205128205128 0.0421792618629174
1 0.3265224358974359 0.24340949033391915 0.01842948717948718 0.05799648506151142
1 0.3104967948717949 0.22056239015817222 0.01842948717948718 0.04745166959578207
1 0.35296474358974356 0.21968365553602812 0.01842948717948718 0.045694200351493845
1 0.3729967948717949 0.27152899824253074 0.01842948717948718 0.04745166959578207
1 0.3926282051282051 0.2469244288224956 0.017628205128205128 0.04745166959578207
1 0.36538461538461536 0.20913884007029876 0.017628205128205128 0.045694200351493845
1 0.39302884615384615 0.1968365553602812 0.016826923076923076 0.0421792618629174
1 0.43830128205128205 0.3312829525483304 0.02564102564102564 0.06151142355008787
1 0.43229166666666663 0.20298769771528996 0.01842948717948718 0.040421792618629174
1 0.43669871794871795 0.1687170474516696 0.014423076923076922 0.0421792618629174
1 0.45592948717948717 0.17223198594024602 0.014423076923076922 0.03163444639718805
1 0.4963942307692307 0.164323374340949 0.023237179487179488 0.04393673110720562
1 0.4955929487179487 0.21528998242530756 0.016826923076923076 0.04393673110720562
1 0.47275641025641024 0.2565905096660808 0.020833333333333332 0.056239015817223195
1 0.5228365384615384 0.17750439367311072 0.01842948717948718 0.0492091388400703
1 0.5548878205128205 0.22847100175746923 0.02003205128205128 0.03866432337434095
1 0.5580929487179487 0.1695957820738137 0.013621794871794872 0.040421792618629174
1 0.5544871794871795 0.13708260105448153 0.014423076923076922 0.03163444639718805
1 0.578926282051282 0.1414762741652021 0.016826923076923076 0.03690685413005272
1 0.5805288461538461 0.20298769771528996 0.01842948717948718 0.04745166959578207
1 0.5817307692307692 0.17486818980667837 0.014423076923076922 0.03339191564147627
1 0.5997596153846154 0.1282952548330404 0.015224358974358974 0.0421792618629174
1 0.6081730769230769 0.1616871704745167 0.01282051282051282 0.035149384885764495
1 0.6149839743589743 0.18453427065026362 0.016826923076923076 0.045694200351493845
1 0.6237980769230769 0.21089630931458697 0.015224358974358974 0.0492091388400703
1 0.6310096153846153 0.13620386643233742 0.016826923076923076 0.040421792618629174
1 0.6582532051282051 0.15377855887521968 0.015224358974358974 0.04393673110720562
1 0.6662660256410257 0.13971880492091387 0.013621794871794872 0.040421792618629174
1 0.6650641025641025 0.18980667838312829 0.011217948717948718 0.0421792618629174
1 0.6754807692307692 0.24516695957820736 0.019230769230769232 0.05448154657293497
1 0.6959134615384616 0.21704745166959577 0.016826923076923076 0.04393673110720562
1 0.6899038461538461 0.17223198594024602 0.016025641025641024 0.035149384885764495
1 0.6895032051282051 0.14235500878734622 0.016826923076923076 0.0421792618629174
1 0.7123397435897436 0.164323374340949 0.016025641025641024 0.03690685413005272
1 0.6165865384615384 0.3031634446397188 0.024839743589743588 0.05799648506151142
1 0.5777243589743589 0.35500878734622143 0.028846153846153844 0.07029876977152899
1 0.6117788461538461 0.3927943760984183 0.032852564102564104 0.06854130052724076
1 0.6586538461538461 0.42706502636203864 0.030448717948717948 0.0773286467486819
1 0.7319711538461539 0.42091388400702984 0.032852564102564104 0.08963093145869946
1 0.7303685897435898 0.27416520210896306 0.02003205128205128 0.056239015817223195
1 0.7483974358974359 0.3084358523725835 0.020833333333333332 0.05448154657293497
1 0.7435897435897436 0.24428822495606325 0.017628205128205128 0.0492091388400703
1 0.750400641025641 0.2056239015817223 0.016826923076923076 0.03866432337434095
1 0.7740384615384616 0.19420035149384884 0.017628205128205128 0.04745166959578207
1 0.796073717948718 0.2258347978910369 0.02003205128205128 0.050966608084358524
1 0.8112980769230769 0.1994727592267135 0.01842948717948718 0.050966608084358524
1 0.8209134615384616 0.2126537785588752 0.015224358974358974 0.0421792618629174
1 0.8233173076923077 0.24428822495606325 0.016826923076923076 0.045694200351493845
1 0.7908653846153846 0.28207381370826007 0.020833333333333332 0.06151142355008787
1 0.8145032051282051 0.3110720562390158 0.024839743589743588 0.0632688927943761
1 0.8004807692307692 0.4815465729349736 0.03365384615384615 0.09490333919156414
1 0.8697916666666666 0.5166959578207381 0.03125 0.10544815465729349
1 0.8890224358974359 0.42267135325131805 0.023237179487179488 0.07205623901581722
1 0.8637820512820512 0.3813708260105448 0.022435897435897436 0.0632688927943761
1 0.8713942307692307 0.3268892794376098 0.01842948717948718 0.045694200351493845
1 0.8882211538461539 0.3057996485061511 0.01842948717948718 0.05272407732864674
1 0.8705929487179487 0.24340949033391915 0.013621794871794872 0.040421792618629174
1 0.8802083333333333 0.23198594024604569 0.015224358974358974 0.035149384885764495
1 0.9022435897435898 0.2390158172231986 0.019230769230769232 0.045694200351493845
1 0.9030448717948718 0.27680140597539543 0.01282051282051282 0.04745166959578207
1 0.9242788461538461 0.35852372583479786 0.021634615384615384 0.07029876977152899
1 0.9326923076923077 0.28383128295254834 0.014423076923076922 0.050966608084358524
1 0.953525641025641 0.25922671353251314 0.014423076923076922 0.040421792618629174
1 0.984375 0.2697715289982425 0.012019230769230768 0.04745166959578207
1 0.9735576923076923 0.3330404217926186 0.016025641025641024 0.050966608084358524
1 0.9743589743589743 0.38576449912126537 0.020833333333333332 0.05799648506151142
1 0.9507211538461539 0.3945518453427065 0.021634615384615384 0.07205623901581722
1 0.954326923076923 0.4956063268892794 0.024038461538461536 0.09138840070298769
