1 0.10083333333333334 0.5025125628140703 0.07500000000000001 0.12060301507537688
1 0.14500000000000002 0.4723618090452261 0.05 0.08542713567839195
1 0.10083333333333334 0.3982412060301508 0.035 0.052763819095477386
1 0.02666666666666667 0.3957286432160804 0.030000000000000002 0.04271356783919598
1 0.14750000000000002 0.38944723618090454 0.025 0.04020100502512563
1 0.19083333333333335 0.37939698492462315 0.025 0.035175879396984924
1 0.24833333333333335 0.37814070351758794 0.02666666666666667 0.04271356783919598
1 0.28583333333333333 0.3768844221105528 0.025 0.04522613065326633
1 0.275 0.4334170854271357 0.043333333333333335 0.07788944723618091
1 0.3175 0.43467336683417085 0.035 0.06030150753768844
1 0.315 0.3806532663316583 0.02 0.03768844221105528
1 0.3458333333333334 0.36683417085427134 0.021666666666666667 0.035175879396984924
1 0.36333333333333334 0.3693467336683417 0.016666666666666666 0.04020100502512563
1 0.3866666666666667 0.35678391959798994 0.016666666666666666 0.035175879396984924
1 0.38583333333333336 0.4221105527638191 0.03166666666666667 0.05527638190954774
1 0.4591666666666667 0.4170854271356784 0.025 0.05527638190954774
1 0.5083333333333334 0.41331658291457285 0.03333333333333333 0.052763819095477386
1 0.5408333333333334 0.3919597989949749 0.021666666666666667 0.04020100502512563
1 0.5741666666666667 0.37814070351758794 0.018333333333333333 0.03768844221105528
1 0.5875 0.3919597989949749 0.021666666666666667 0.04020100502512563
1 0.6391666666666667 0.3731155778894472 0.021666666666666667 0.03768844221105528
1 0.7066666666666667 0.3768844221105528 0.02666666666666667 0.035175879396984924
1 0.7608333333333334 0.385678391959799 0.018333333333333333 0.032663316582914576
1 0.46416666666666667 0.5942211055276382 0.115 0.17336683417085427
1 0.6475000000000001 0.5263819095477387 0.07833333333333334 0.14321608040201006
1 0.8400000000000001 0.49246231155778897 0.05666666666666667 0.10552763819095477
1 0.8925000000000001 0.4648241206030151 0.045000000000000005 0.07035175879396985
1 0.8833333333333334 0.42839195979899497 0.03666666666666667 0.05778894472361809
1 0.8600000000000001 0.40954773869346733 0.030000000000000002 0.05025125628140704
1 0.8633333333333334 0.3844221105527638 0.023333333333333334 0.04020100502512563
1 0.8283333333333334 0.3907035175879397 0.02666666666666667 0.04271356783919598
1 0.8 0.3869346733668342 0.023333333333333334 0.04020100502512563
