1 0.2775862068965517 0.38441558441558443 0.08620689655172414 0.14545454545454545
1 0.5387931034482758 0.5805194805194805 0.06034482758620689 0.1012987012987013
1 0.5172413793103449 0.577922077922078 0.041379310344827586 0.08571428571428572
1 0.625 0.5753246753246753 0.07413793103448275 0.11168831168831168
1 0.7146551724137931 0.6272727272727273 0.08103448275862069 0.13246753246753246
1 0.6948275862068966 0.5506493506493506 0.05517241379310345 0.07792207792207792
1 0.8293103448275861 0.5025974025974026 0.06551724137931034 0.11688311688311688
1 0.9129310344827586 0.4948051948051948 0.06724137931034482 0.12727272727272726
1 0.939655172413793 0.42857142857142855 0.05172413793103448 0.1038961038961039
1 0.9629310344827586 0.5896103896103896 0.07413793103448275 0.16103896103896104
