1 0.0225 0.5234082397003745 0.0375 0.06928838951310862
1 0.076875 0.47097378277153557 0.03625 0.06179775280898876
1 0.13875 0.5580524344569289 0.0675 0.10112359550561797
1 0.28250000000000003 0.4953183520599251 0.0475 0.07677902621722847
1 0.253125 0.48970037453183524 0.02875 0.05056179775280899
1 0.351875 0.4606741573033708 0.03625 0.06741573033707865
1 0.33187500000000003 0.4812734082397004 0.02875 0.052434456928838954
1 0.38625 0.4616104868913858 0.0325 0.05805243445692884
1 0.4025 0.5374531835205992 0.065 0.10486891385767791
1 0.4525 0.4550561797752809 0.035 0.0449438202247191
1 0.76 0.3192883895131086 0.04 0.06928838951310862
