1 0.27845719661335844 0.24132231404958676 0.018814675446848544 0.03636363636363636
1 0.29727187206020694 0.23471074380165288 0.018814675446848544 0.03305785123966942
1 0.29633113828786456 0.2603305785123967 0.01693320790216369 0.04132231404958678
1 0.3603010348071496 0.2537190082644628 0.018814675446848544 0.04132231404958678
1 0.3824082784571966 0.2702479338842975 0.01599247412982126 0.04132231404958678
1 0.3857008466603951 0.2206611570247934 0.01693320790216369 0.03140495867768595
1 0.3786453433678269 0.19504132231404958 0.01599247412982126 0.02975206611570248
1 0.36970837253057387 0.18347107438016527 0.018814675446848544 0.03305785123966942
1 0.4054562558795861 0.16198347107438016 0.01317027281279398 0.02975206611570248
1 0.4242709313264346 0.17272727272727273 0.01693320790216369 0.028099173553719006
1 0.4341486359360301 0.15702479338842976 0.012229539040451553 0.02975206611570248
1 0.44214487300094074 0.14628099173553719 0.015051740357478834 0.024793388429752067
1 0.4684854186265287 0.1487603305785124 0.01693320790216369 0.026446280991735537
1 0.4816556914393227 0.171900826446281 0.01693320790216369 0.04297520661157025
1 0.45672624647224835 0.1975206611570248 0.02539981185324553 0.05454545454545454
1 0.4393226716839135 0.22479338842975205 0.018814675446848544 0.03636363636363636
1 0.5037629350893698 0.17768595041322313 0.01599247412982126 0.03801652892561983
1 0.526340545625588 0.19586776859504132 0.021636876763875823 0.03801652892561983
1 0.5155221072436501 0.15206611570247933 0.018814675446848544 0.03636363636363636
1 0.5089369708372531 0.11735537190082644 0.015051740357478834 0.03305785123966942
1 0.5446848541862653 0.11487603305785124 0.015051740357478834 0.03471074380165289
1 0.5446848541862653 0.1652892561983471 0.018814675446848544 0.0396694214876033
1 0.5644402634054563 0.1743801652892562 0.01693320790216369 0.03471074380165289
1 0.5677328316086547 0.12975206611570247 0.014111006585136407 0.028099173553719006
1 0.5634995296331139 0.10826446280991735 0.009407337723424272 0.021487603305785124
1 0.5851364063969897 0.13388429752066117 0.01317027281279398 0.026446280991735537
1 0.5921919096895579 0.11735537190082644 0.017873941674506115 0.026446280991735537
1 0.5884289746001882 0.09669421487603305 0.014111006585136407 0.021487603305785124
1 0.6081843838193791 0.1537190082644628 0.01975540921919097 0.03305785123966942
1 0.6119473189087489 0.13388429752066117 0.012229539040451553 0.023140495867768594
1 0.616650987770461 0.09338842975206611 0.012229539040451553 0.024793388429752067
1 0.6396989651928504 0.09421487603305785 0.011288805268109126 0.026446280991735537
1 0.6481655691439323 0.10661157024793388 0.01317027281279398 0.03140495867768595
1 0.6561618062088429 0.1231404958677686 0.014111006585136407 0.028099173553719006
1 0.6556914393226717 0.16033057851239668 0.022577610536218252 0.04628099173553719
1 0.6665098777046096 0.10330578512396695 0.010348071495766699 0.024793388429752067
1 0.6984948259642522 0.09669421487603305 0.014111006585136407 0.028099173553719006
1 0.680620884289746 0.15537190082644628 0.01975540921919097 0.0396694214876033
1 0.6961429915333961 0.17355371900826447 0.020696142991533398 0.0396694214876033
1 0.6754468485418627 0.19669421487603306 0.018814675446848544 0.04297520661157025
1 0.6335841956726247 0.19421487603305784 0.021636876763875823 0.03801652892561983
1 0.6265286923800565 0.24462809917355371 0.028222013170272814 0.05289256198347107
1 0.5583254938852305 0.25289256198347104 0.02916274694261524 0.04628099173553719
1 0.4981185324553152 0.30082644628099175 0.034807149576669805 0.05289256198347107
1 0.539510818438382 0.32892561983471075 0.031044214487300097 0.05950413223140496
1 0.6077140169332079 0.3165289256198347 0.03198494825964252 0.06115702479338843
1 0.6773283160865475 0.2884297520661157 0.03198494825964252 0.06115702479338843
1 0.7173095014111007 0.24876033057851238 0.023518344308560677 0.05454545454545454
1 0.7455315145813735 0.32975206611570246 0.036688617121354655 0.06776859504132231
1 0.8024459078080903 0.3694214876033058 0.03951081843838194 0.06776859504132231
1 0.9021636876763877 0.3495867768595041 0.03574788334901223 0.08099173553719008
1 0.7817497648165569 0.2603305785123967 0.03386641580432738 0.06115702479338843
1 0.8410159924741298 0.2991735537190083 0.030103480714957668 0.05950413223140496
1 0.8118532455315146 0.23223140495867767 0.022577610536218252 0.0512396694214876
1 0.7836312323612418 0.19999999999999998 0.020696142991533398 0.04628099173553719
1 0.7572906867356538 0.20743801652892563 0.022577610536218252 0.04793388429752066
1 0.7309501411100658 0.18264462809917356 0.022577610536218252 0.04462809917355372
1 0.7271872060206962 0.2239669421487603 0.024459078080903106 0.0512396694214876
1 0.731420507996237 0.1140495867768595 0.01599247412982126 0.03305785123966942
1 0.7535277516462842 0.12479338842975206 0.01693320790216369 0.04132231404958678
1 0.7676387582314206 0.1256198347107438 0.01693320790216369 0.03305785123966942
1 0.786453433678269 0.1446280991735537 0.018814675446848544 0.04462809917355372
1 0.8137347130761995 0.14793388429752066 0.01693320790216369 0.03801652892561983
1 0.8381937911571026 0.13305785123966943 0.011288805268109126 0.03140495867768595
1 0.8400752587017875 0.11239669421487603 0.015051740357478834 0.02975206611570248
1 0.8570084666039511 0.16115702479338842 0.018814675446848544 0.04462809917355372
1 0.8339604891815616 0.20082644628099172 0.02539981185324553 0.0512396694214876
1 0.863593603010348 0.24297520661157024 0.02634054562558796 0.05619834710743801
1 0.9205079962370649 0.2735537190082645 0.02916274694261524 0.05785123966942149
1 0.9261523988711196 0.23471074380165288 0.017873941674506115 0.04297520661157025
1 0.9275634995296331 0.20165289256198346 0.015051740357478834 0.03636363636363636
1 0.8857008466603952 0.19421487603305784 0.01599247412982126 0.03801652892561983
1 0.874412041392286 0.18016528925619835 0.012229539040451553 0.03305785123966942
1 0.8673565380997178 0.13801652892561983 0.01317027281279398 0.028099173553719006
1 0.8734713076199436 0.11983471074380166 0.014111006585136407 0.028099173553719006
1 0.8946378174976481 0.13305785123966943 0.011288805268109126 0.028099173553719006
1 0.9016933207902164 0.14958677685950414 0.01975540921919097 0.03801652892561983
1 0.8918156161806209 0.1652892561983471 0.01693320790216369 0.03305785123966942
1 0.9303857008466604 0.1446280991735537 0.015051740357478834 0.03140495867768595
