1 0.10428571428571429 0.6883116883116883 0.10857142857142857 0.1471861471861472
1 0.115 0.8852813852813853 0.16428571428571428 0.2077922077922078
1 0.05 0.6103896103896104 0.08571428571428572 0.15151515151515152
1 0.05714285714285714 0.47294372294372294 0.07428571428571429 0.1277056277056277
1 0.03 0.4491341991341991 0.05714285714285714 0.1277056277056277
1 0.07071428571428572 0.3235930735930736 0.05285714285714286 0.07575757575757576
1 0.08142857142857143 0.2792207792207792 0.04857142857142857 0.06926406926406926
1 0.24214285714285713 0.30735930735930733 0.06714285714285714 0.09090909090909091
1 0.32571428571428573 0.5865800865800865 0.09142857142857143 0.17316017316017315
1 0.4042857142857143 0.395021645021645 0.06 0.13203463203463203
1 0.3871428571428571 0.30735930735930733 0.045714285714285714 0.06926406926406926
1 0.5121428571428571 0.4837662337662338 0.07571428571428572 0.12337662337662338
1 0.485 0.6601731601731602 0.11 0.1774891774891775
1 0.5507142857142857 0.8354978354978355 0.15285714285714286 0.27705627705627706
1 0.5821428571428572 0.3225108225108225 0.05857142857142857 0.1038961038961039
1 0.6185714285714285 0.2554112554112554 0.045714285714285714 0.08658008658008658
1 0.6835714285714286 0.2748917748917749 0.05 0.10822510822510822
1 0.71 0.24242424242424243 0.04 0.08225108225108226
1 0.7592857142857142 0.26515151515151514 0.041428571428571426 0.08874458874458875
1 0.7942857142857143 0.2067099567099567 0.037142857142857144 0.08008658008658008
1 0.8314285714285714 0.1764069264069264 0.04 0.09307359307359307
1 0.7978571428571428 0.33225108225108224 0.05857142857142857 0.11038961038961038
1 0.7235714285714285 0.44372294372294374 0.08714285714285715 0.15584415584415584
1 0.6607142857142857 0.5725108225108225 0.07857142857142857 0.14502164502164502
1 0.755 0.70995670995671 0.09857142857142857 0.16883116883116883
1 0.8857142857142857 0.5703463203463204 0.09142857142857143 0.17965367965367965
1 0.9328571428571428 0.474025974025974 0.08285714285714285 0.12987012987012986
1 0.8664285714285714 0.3722943722943723 0.08428571428571428 0.1341991341991342
1 0.9607142857142857 0.3333333333333333 0.06714285714285714 0.1038961038961039
1 0.9757142857142858 0.18614718614718614 0.04 0.0735930735930736
