1 0.06171548117154811 0.706989247311828 0.07740585774058577 0.10752688172043012
1 0.07426778242677824 0.6303763440860215 0.02719665271966527 0.0456989247311828
1 0.11087866108786609 0.6223118279569892 0.04184100418410042 0.05645161290322581
1 0.13807531380753138 0.6330645161290324 0.02928870292887029 0.051075268817204304
1 0.02092050209205021 0.6357526881720431 0.03765690376569037 0.06182795698924732
1 0.02092050209205021 0.685483870967742 0.03765690376569037 0.08064516129032259
1 0.1317991631799163 0.706989247311828 0.06694560669456066 0.10215053763440861
1 0.18828451882845187 0.7956989247311829 0.15062761506276148 0.19892473118279572
1 0.1799163179916318 0.6693548387096775 0.04184100418410042 0.06989247311827958
1 0.20397489539748953 0.64247311827957 0.0397489539748954 0.05913978494623656
1 0.21025104602510458 0.6102150537634409 0.03556485355648535 0.05376344086021506
1 0.28033472803347276 0.7217741935483871 0.08368200836820083 0.12634408602150538
1 0.2918410041841004 0.64247311827957 0.043933054393305436 0.06451612903225806
1 0.2719665271966527 0.6155913978494624 0.02928870292887029 0.048387096774193554
1 0.305439330543933 0.6048387096774194 0.02928870292887029 0.048387096774193554
1 0.2719665271966527 0.5900537634408602 0.025104602510460247 0.03494623655913979
1 0.3043933054393305 0.581989247311828 0.02719665271966527 0.0456989247311828
1 0.3713389121338912 0.5188172043010754 0.02719665271966527 0.03763440860215054
1 0.3608786610878661 0.7043010752688172 0.05230125523012552 0.0913978494623656
1 0.3702928870292887 0.6559139784946237 0.03347280334728033 0.05913978494623656
1 0.41841004184100417 0.6922043010752689 0.05439330543933054 0.09408602150537636
1 0.3953974895397489 0.6397849462365592 0.02092050209205021 0.043010752688172046
1 0.4152719665271966 0.6209677419354839 0.02719665271966527 0.048387096774193554
1 0.4267782426778242 0.6478494623655915 0.02928870292887029 0.043010752688172046
1 0.450836820083682 0.6357526881720431 0.03138075313807531 0.051075268817204304
1 0.4497907949790795 0.6021505376344086 0.025104602510460247 0.048387096774193554
1 0.4738493723849372 0.6115591397849462 0.023012552301255228 0.040322580645161296
1 0.50836820083682 0.6048387096774194 0.025104602510460247 0.048387096774193554
1 0.5010460251046025 0.6559139784946237 0.03138075313807531 0.048387096774193554
1 0.4811715481171548 0.706989247311828 0.11297071129707112 0.11290322580645162
1 0.5387029288702928 0.8266129032258065 0.16527196652719664 0.2553763440860215
1 0.5826359832635982 0.6895161290322581 0.0606694560669456 0.07795698924731183
1 0.5418410041841004 0.6129032258064516 0.03347280334728033 0.048387096774193554
1 0.5721757322175731 0.614247311827957 0.02719665271966527 0.051075268817204304
1 0.608786610878661 0.6223118279569892 0.02928870292887029 0.0456989247311828
1 0.6244769874476986 0.6653225806451614 0.0397489539748954 0.06182795698924732
1 0.6548117154811715 0.7110215053763441 0.06276150627615062 0.11559139784946237
1 0.7280334728033472 0.7526881720430109 0.1213389121338912 0.15591397849462366
1 0.7228033472803347 0.6505376344086022 0.048117154811715475 0.06989247311827958
1 0.6652719665271966 0.6491935483870969 0.025104602510460247 0.0456989247311828
1 0.6841004184100418 0.6330645161290324 0.02928870292887029 0.0456989247311828
1 0.6893305439330544 0.6680107526881721 0.03556485355648535 0.05645161290322581
1 0.6359832635983264 0.603494623655914 0.02928870292887029 0.0456989247311828
1 0.7269874476987447 0.6061827956989247 0.03138075313807531 0.051075268817204304
1 0.7615062761506276 0.6276881720430108 0.02928870292887029 0.051075268817204304
1 0.7897489539748953 0.6008064516129032 0.03138075313807531 0.03494623655913979
1 0.8410041841004183 0.7002688172043011 0.0711297071129707 0.10483870967741936
1 0.8169456066945606 0.6559139784946237 0.03556485355648535 0.05376344086021506
1 0.8420502092050208 0.6330645161290324 0.03138075313807531 0.051075268817204304
1 0.8692468619246861 0.6075268817204301 0.03556485355648535 0.048387096774193554
1 0.9267782426778242 0.7688172043010754 0.10460251046025104 0.15591397849462366
1 0.9236401673640167 0.7016129032258065 0.06485355648535564 0.08602150537634409
1 0.9257322175732217 0.6612903225806452 0.0397489539748954 0.05376344086021506
1 0.9257322175732217 0.6276881720430108 0.03556485355648535 0.051075268817204304
1 0.9466527196652719 0.6129032258064516 0.03556485355648535 0.06451612903225806
