1 0.46336822074215034 0.25128644939965694 0.039961941008563276 0.07718696397941681
1 0.5390104662226451 0.19382504288164665 0.019980970504281638 0.041166380789022294
1 0.6013320647002854 0.16981132075471697 0.02093244529019981 0.044596912521440824
1 0.6103710751665081 0.20926243567753 0.02378686964795433 0.048027444253859346
1 0.6631779257849667 0.19982847341337906 0.019029495718363463 0.03602058319039451
1 0.6750713606089439 0.21612349914236706 0.021883920076117985 0.048027444253859346
1 0.708848715509039 0.20668953687821612 0.024738344433872503 0.04974271012006861
1 0.6750713606089439 0.2701543739279588 0.02949571836346337 0.060034305317324184
1 0.730732635585157 0.2770154373927959 0.028544243577545196 0.05660377358490566
1 0.7454804947668887 0.21269296740994853 0.016175071360608945 0.044596912521440824
1 0.7659372026641295 0.225557461406518 0.022835394862036156 0.04631217838765009
1 0.823977164605138 0.24614065180102915 0.02093244529019981 0.05660377358490566
1 0.7450047573739296 0.3584905660377358 0.030447193149381543 0.0686106346483705
1 0.8154138915318745 0.3936535162950257 0.03615604186489058 0.08061749571183534
1 0.9105613701236918 0.4013722126929674 0.038058991436726926 0.09262435677530018
