1 0.255338904363974 0.27 0.018570102135561747 0.03333333333333333
1 0.32915506035283193 0.20833333333333334 0.012070566388115135 0.02666666666666667
1 0.3500464252553389 0.20750000000000002 0.014856081708449397 0.028333333333333335
1 0.37279480037140206 0.18666666666666668 0.012070566388115135 0.030000000000000002
1 0.37929433611884866 0.19083333333333335 0.012070566388115135 0.028333333333333335
1 0.40018570102135564 0.21583333333333335 0.016713091922005572 0.035
1 0.415041782729805 0.19 0.014856081708449397 0.03333333333333333
1 0.3268337975858867 0.25 0.018570102135561747 0.03666666666666667
1 0.37047353760445684 0.26 0.02042711234911792 0.03666666666666667
1 0.37604456824512533 0.27 0.02042711234911792 0.030000000000000002
1 0.3890436397400186 0.2966666666666667 0.025998142989786442 0.04
1 0.4489322191272052 0.18916666666666668 0.015784586815227482 0.028333333333333335
1 0.4540389972144847 0.22583333333333336 0.018570102135561747 0.03166666666666667
1 0.4688950789229341 0.2316666666666667 0.02042711234911792 0.03666666666666667
1 0.4777158774373259 0.19416666666666668 0.019498607242339833 0.03833333333333334
1 0.4907149489322191 0.17583333333333334 0.015784586815227482 0.035
1 0.48235840297121635 0.1375 0.012070566388115135 0.021666666666666667
1 0.5032497678737233 0.19333333333333336 0.018570102135561747 0.030000000000000002
1 0.521355617455896 0.17 0.017641597028783658 0.030000000000000002
1 0.5292479108635098 0.22 0.018570102135561747 0.023333333333333334
1 0.5622098421541318 0.12583333333333335 0.013927576601671309 0.021666666666666667
1 0.6467038068709378 0.12250000000000001 0.012070566388115135 0.021666666666666667
1 0.637883008356546 0.13833333333333334 0.016713091922005572 0.023333333333333334
1 0.5831012070566388 0.16416666666666668 0.014856081708449397 0.03166666666666667
1 0.6132776230269267 0.2 0.019498607242339833 0.04
1 0.5492107706592386 0.25 0.025069637883008356 0.03666666666666667
1 0.5533890436397401 0.3275 0.027855153203342618 0.04833333333333334
1 0.6132776230269267 0.3433333333333334 0.03064066852367688 0.04666666666666667
1 0.6044568245125348 0.2841666666666667 0.022284122562674095 0.04166666666666667
1 0.6513463324048282 0.26916666666666667 0.028783658310120707 0.04833333333333334
1 0.6689879294336118 0.2225 0.019498607242339833 0.04166666666666667
1 0.6982358402971216 0.24666666666666667 0.02042711234911792 0.04
1 0.7154131847725163 0.2866666666666667 0.02321262766945218 0.04
1 0.7599814298978644 0.3116666666666667 0.025069637883008356 0.05
1 0.8365831012070566 0.31 0.022284122562674095 0.04666666666666667
1 0.840297121634169 0.255 0.02042711234911792 0.05666666666666667
1 0.9094707520891365 0.275 0.019498607242339833 0.04
1 0.903899721448468 0.23583333333333334 0.017641597028783658 0.03833333333333334
1 0.8802228412256268 0.19583333333333336 0.012999071494893221 0.03166666666666667
1 0.8862581244196843 0.1691666666666667 0.015784586815227482 0.03166666666666667
1 0.8398328690807799 0.16166666666666668 0.017641597028783658 0.03666666666666667
1 0.7753017641597029 0.14500000000000002 0.016713091922005572 0.030000000000000002
1 0.819405756731662 0.1366666666666667 0.015784586815227482 0.030000000000000002
1 0.7613741875580315 0.1391666666666667 0.016713091922005572 0.03166666666666667
1 0.7321262766945218 0.13583333333333333 0.015784586815227482 0.021666666666666667
1 0.7376973073351903 0.14916666666666667 0.019498607242339833 0.025
1 0.7311977715877437 0.17333333333333334 0.017641597028783658 0.03333333333333333
1 0.7432683379758589 0.19416666666666668 0.017641597028783658 0.028333333333333335
1 0.776230269266481 0.22083333333333335 0.02042711234911792 0.035
1 0.8003714020427113 0.18916666666666668 0.018570102135561747 0.035
1 0.7590529247910863 0.2366666666666667 0.02135561745589601 0.043333333333333335
1 0.6982358402971216 0.18916666666666668 0.016713091922005572 0.03166666666666667
1 0.6908077994428969 0.16333333333333333 0.018570102135561747 0.03333333333333333
1 0.7051996285979573 0.15333333333333335 0.017641597028783658 0.030000000000000002
