1 0.06846509971509972 0.6575854700854702 0.12410968660968662 0.19230769230769232
1 0.03320868945868946 0.5711805555555556 0.06428062678062678 0.11404914529914531
1 0.03703703703703704 0.4592681623931624 0.07051282051282051 0.13060897435897437
1 0.01673789173789174 0.3477564102564103 0.028846153846153848 0.08012820512820513
1 0.18972578347578348 0.35910790598290604 0.05146011396011396 0.06169871794871795
1 0.1794871794871795 0.5723824786324787 0.09793447293447294 0.1634615384615385
1 0.27056623931623935 0.6057692307692308 0.10345441595441596 0.20138888888888892
1 0.29282407407407407 0.9225427350427351 0.21670227920227922 0.15491452991452992
1 0.31365740740740744 0.5954861111111112 0.08707264957264958 0.16639957264957267
1 0.3872863247863248 0.374065170940171 0.05056980056980057 0.09161324786324787
1 0.46670227920227925 0.4818376068376069 0.08760683760683761 0.14476495726495728
1 0.4256588319088319 0.5471420940170941 0.08351139601139601 0.13969017094017094
1 0.5523504273504274 0.5142895299145299 0.06018518518518519 0.09855769230769232
1 0.629985754985755 0.5594284188034189 0.08974358974358974 0.13755341880341881
1 0.6098646723646723 0.8629807692307693 0.17663817663817666 0.2537393162393163
1 0.6979166666666667 0.6817574786324787 0.10202991452991453 0.1808226495726496
1 0.6680021367521368 0.49626068376068383 0.06712962962962964 0.10790598290598291
1 0.7732371794871795 0.5436698717948718 0.0649928774928775 0.11404914529914531
1 0.8352029914529915 0.5285790598290598 0.06570512820512821 0.10897435897435899
1 0.9333155270655271 0.7413194444444445 0.13336894586894588 0.25667735042735046
1 0.8844373219373219 0.6359508547008548 0.08760683760683761 0.1591880341880342
1 0.9576210826210827 0.5745192307692308 0.08475783475783476 0.1511752136752137
