1 0.2509090909090909 0.4793689320388349 0.06909090909090909 0.08980582524271843
1 0.3927272727272727 0.5473300970873786 0.06909090909090909 0.08980582524271843
1 0.6154545454545455 0.43932038834951453 0.06 0.10194174757281553
1 0.6918181818181818 0.5606796116504854 0.05272727272727273 0.07766990291262135
1 0.8090909090909091 0.5509708737864077 0.05454545454545454 0.08737864077669902
1 0.27454545454545454 0.7487864077669902 0.05454545454545454 0.08980582524271843
1 0.3245454545454545 0.7645631067961164 0.07454545454545454 0.09708737864077668
1 0.34454545454545454 0.866504854368932 0.08181818181818182 0.1116504854368932
1 0.37545454545454543 0.9368932038834951 0.11454545454545455 0.1262135922330097
1 0.5527272727272727 0.8070388349514562 0.06545454545454546 0.09466019417475727
1 0.6372727272727273 0.7827669902912621 0.07454545454545454 0.11407766990291261
1 0.7009090909090909 0.8531553398058251 0.10363636363636364 0.13349514563106796
1 0.7881818181818182 0.7317961165048543 0.07090909090909091 0.09466019417475727
1 0.8936363636363637 0.9223300970873786 0.11454545454545455 0.1553398058252427
1 0.9272727272727272 0.8216019417475727 0.08363636363636363 0.11407766990291261
1 0.9763636363636363 0.7475728155339805 0.04727272727272727 0.09708737864077668
