1 0.4194139194139194 0.21658615136876005 0.020146520146520148 0.040257648953301126
1 0.6286630036630036 0.143317230273752 0.015567765567765568 0.02576489533011272
1 0.646978021978022 0.14412238325281804 0.015567765567765568 0.027375201288244767
1 0.6584249084249084 0.12560386473429952 0.01282051282051282 0.02576489533011272
1 0.75503663003663 0.1473429951690821 0.013736263736263736 0.030595813204508857
1 0.7715201465201466 0.15136876006441224 0.013736263736263736 0.0322061191626409
1 0.8273809523809523 0.26006441223832527 0.019230769230769232 0.05314009661835749
1 0.8727106227106227 0.1964573268921095 0.01282051282051282 0.03864734299516908
1 0.8956043956043956 0.2214170692431562 0.014652014652014652 0.037037037037037035
1 0.8937728937728938 0.2528180354267311 0.016483516483516484 0.03864734299516908
1 0.9221611721611722 0.2560386473429952 0.018315018315018316 0.04508856682769726
