1 0.13549440298507462 0.7022471910112359 0.09468283582089553 0.14887640449438203
1 0.21851679104477612 0.5926966292134831 0.07276119402985075 0.10112359550561797
1 0.2874300373134328 0.5400280898876404 0.05153917910447761 0.09901685393258426
1 0.318330223880597 0.48384831460674155 0.041977611940298504 0.07724719101123595
1 0.1672108208955224 0.47349016853932585 0.045242537313432835 0.07759831460674158
1 0.20767257462686567 0.45084269662921345 0.032882462686567165 0.05688202247191011
1 0.23600746268656717 0.43065308988764045 0.03917910447761194 0.05793539325842696
1 0.2778684701492537 0.41766151685393255 0.03101679104477612 0.056530898876404494
1 0.3111007462686567 0.409936797752809 0.028917910447761194 0.04529494382022472
1 0.3882929104477612 0.472436797752809 0.03917910447761194 0.07549157303370786
1 0.1050606343283582 0.39132724719101125 0.03101679104477612 0.038974719101123594
1 0.02821828358208955 0.4125702247191011 0.034981343283582086 0.05266853932584269
1 0.18598414179104478 0.36815308988764045 0.025419776119402986 0.042485955056179775
1 0.16056436567164178 0.38623595505617975 0.01842350746268657 0.037219101123595506
1 0.13899253731343283 0.3830758426966292 0.021921641791044777 0.037219101123595506
1 0.3403684701492537 0.3846558988764045 0.021222014925373133 0.029845505617977528
1 0.3622901119402985 0.37640449438202245 0.01982276119402985 0.03230337078651685
1 0.4036847014925373 0.40783005617977525 0.026119402985074626 0.04318820224719101
1 0.3793143656716418 0.4166081460674157 0.025419776119402986 0.03195224719101124
1 0.562616604477612 0.38974719101123595 0.01982276119402985 0.046348314606741575
1 0.5834888059701493 0.38202247191011235 0.020522388059701493 0.03932584269662921
1 0.6019123134328358 0.418188202247191 0.024720149253731342 0.04564606741573034
1 0.6345615671641791 0.44083567415730335 0.02658582089552239 0.04950842696629213
1 0.6651119402985074 0.4048455056179775 0.026119402985074626 0.03932584269662921
1 0.6543843283582089 0.39132724719101125 0.013059701492537313 0.027036516853932584
1 0.6448227611940298 0.3814957865168539 0.02005597014925373 0.03616573033707865
1 0.7131529850746269 0.5014044943820225 0.043843283582089554 0.08567415730337079
1 0.7313432835820896 0.5535463483146067 0.05830223880597015 0.09726123595505617
1 0.7128031716417911 0.41362359550561795 0.0240205223880597 0.05056179775280899
1 0.7361240671641791 0.4418890449438202 0.029617537313432835 0.05793539325842696
1 0.777285447761194 0.45224719101123595 0.037779850746268655 0.0702247191011236
1 0.8301072761194029 0.4868328651685393 0.05013992537313433 0.07338483146067415
1 0.8969216417910447 0.5136938202247191 0.05083955223880597 0.07724719101123595
