1 0.2553699284009547 0.22454672245467225 0.020684168655529037 0.044630404463040445
1 0.2848050914876691 0.2545327754532775 0.014319809069212411 0.03765690376569038
1 0.3035003977724742 0.27266387726638774 0.01988862370723946 0.040446304044630406
1 0.31941129673826574 0.2398884239888424 0.026252983293556086 0.04741980474198047
1 0.3532219570405728 0.19735006973500696 0.023866348448687354 0.03765690376569038
1 0.38981702466189344 0.18340306834030684 0.02545743834526651 0.048814504881450484
1 0.3937947494033413 0.21896792189679218 0.027048528241845664 0.0502092050209205
1 0.5015910898965792 0.18200836820083682 0.027844073190135245 0.0599721059972106
1 0.5067621320604614 0.2740585774058577 0.028639618138424822 0.05160390516039051
1 0.5883054892601433 0.29776847977684795 0.023070803500397773 0.05439330543933054
1 0.6185361972951472 0.305439330543933 0.03102625298329356 0.06694560669456066
