1 0.17100078802206464 0.3725626740947075 0.03309692671394799 0.0766016713091922
1 0.23167848699763596 0.39275766016713093 0.026792750197005517 0.055710306406685235
1 0.2695035460992908 0.29874651810584957 0.029944838455476755 0.06824512534818941
1 0.30772261623325453 0.24512534818941503 0.021276595744680854 0.04178272980501393
1 0.3420015760441293 0.20612813370473537 0.018912529550827423 0.033426183844011144
1 0.34003152088258476 0.24303621169916434 0.021276595744680854 0.04317548746518106
1 0.31678486997635935 0.3607242339832869 0.03467297084318361 0.08356545961002786
1 0.3691883372734437 0.34401114206128136 0.04018912529550828 0.08913649025069638
1 0.39282899921197795 0.22910863509749305 0.029156816390858944 0.04596100278551532
1 0.4137115839243499 0.1977715877437326 0.0252167060677699 0.04178272980501393
1 0.5795902285263987 0.3043175487465181 0.02442868400315209 0.04874651810584958
