1 0.08750000000000001 0.5539033457249071 0.15 0.23048327137546468
1 0.18125 0.4553903345724907 0.1325 0.17472118959107805
1 0.435 0.4219330855018587 0.07 0.10780669144981413
1 0.4975 0.43308550185873607 0.095 0.137546468401487
1 0.50625 0.26022304832713755 0.0525 0.08921933085501858
1 0.615 0.5204460966542751 0.095 0.15613382899628253
1 0.74 0.5427509293680297 0.17 0.275092936802974
1 0.80125 0.39962825278810404 0.0475 0.08550185873605948
1 0.83625 0.4014869888475836 0.0425 0.07434944237918215
1 0.90375 0.44609665427509293 0.0825 0.13382899628252787
1 0.9475 0.4052044609665427 0.055 0.08921933085501858
