1 0.09362549800796813 0.2754385964912281 0.013944223107569721 0.031578947368421054
1 0.1205179282868526 0.25877192982456143 0.021912350597609563 0.0368421052631579
1 0.20119521912350596 0.3087719298245614 0.03386454183266932 0.07017543859649122
1 0.2534860557768924 0.3473684210526316 0.036852589641434265 0.0736842105263158
1 0.34163346613545814 0.22105263157894736 0.01593625498007968 0.031578947368421054
1 0.4581673306772908 0.20614035087719298 0.01593625498007968 0.03333333333333333
1 0.4860557768924303 0.2307017543859649 0.0199203187250996 0.043859649122807015
1 0.5174302788844621 0.17894736842105263 0.014940239043824702 0.0456140350877193
1 0.5502988047808764 0.19912280701754387 0.018924302788844622 0.04035087719298246
1 0.5911354581673307 0.17543859649122806 0.01693227091633466 0.03859649122807018
1 0.6374501992031872 0.25087719298245614 0.0199203187250996 0.042105263157894736
1 0.724601593625498 0.2885964912280702 0.0249003984063745 0.054385964912280704
1 0.8351593625498008 0.23596491228070177 0.018924302788844622 0.043859649122807015
1 0.8416334661354582 0.34649122807017546 0.02589641434262948 0.04736842105263158
1 0.9073705179282868 0.12894736842105264 0.01195219123505976 0.02982456140350877
1 0.9367529880478087 0.1675438596491228 0.01294820717131474 0.02982456140350877
1 0.425796812749004 0.22719298245614036 0.02091633466135458 0.0368421052631579
1 0.62300796812749 0.14210526315789473 0.014940239043824702 0.03508771929824561
1 0.9267928286852589 0.2885964912280702 0.018924302788844622 0.0368421052631579
