1 0.33168316831683164 0.4749034749034749 0.0627062706270627 0.11969111969111969
1 0.28767876787678764 0.21138996138996138 0.0165016501650165 0.02895752895752896
1 0.3118811881188119 0.22683397683397685 0.0143014301430143 0.02895752895752896
1 0.3256325632563256 0.1862934362934363 0.0176017601760176 0.02895752895752896
1 0.3272827282728273 0.22297297297297297 0.009900990099009901 0.02895752895752896
1 0.33773377337733773 0.22972972972972974 0.0176017601760176 0.03474903474903475
1 0.34763476347634764 0.2422779922779923 0.022002200220022 0.03667953667953668
1 0.3905390539053905 0.23745173745173745 0.0176017601760176 0.03474903474903475
1 0.3674367436743674 0.1862934362934363 0.015401540154015401 0.03667953667953668
1 0.4422442244224422 0.24420849420849422 0.0176017601760176 0.04054054054054054
1 0.3921892189218922 0.21042471042471042 0.0121012101210121 0.03474903474903475
1 0.4455445544554455 0.2084942084942085 0.015401540154015401 0.03861003861003861
1 0.38778877887788776 0.15926640926640928 0.0121012101210121 0.02895752895752896
1 0.3976897689768977 0.2007722007722008 0.0165016501650165 0.03088803088803089
1 0.41474147414741475 0.18532818532818535 0.013201320132013201 0.019305019305019305
1 0.42189218921892185 0.15733590733590733 0.009900990099009901 0.021235521235521235
1 0.43949394939493946 0.1640926640926641 0.0165016501650165 0.03088803088803089
1 0.46039603960396036 0.1805019305019305 0.0165016501650165 0.03667953667953668
1 0.473047304730473 0.15830115830115832 0.0088008800880088 0.03474903474903475
1 0.4917491749174917 0.1611969111969112 0.011001100110011 0.02895752895752896
1 0.4823982398239824 0.14092664092664092 0.007700770077007701 0.03088803088803089
1 0.5181518151815181 0.13223938223938225 0.011001100110011 0.03281853281853282
1 0.5247524752475248 0.1776061776061776 0.015401540154015401 0.03474903474903475
1 0.5495049504950494 0.15637065637065636 0.0165016501650165 0.02316602316602317
1 0.5539053905390539 0.18532818532818535 0.0143014301430143 0.04633204633204634
1 0.5753575357535753 0.21911196911196912 0.022002200220022 0.04054054054054054
1 0.577007700770077 0.1303088803088803 0.0143014301430143 0.03281853281853282
1 0.5902090209020902 0.15830115830115832 0.0143014301430143 0.03088803088803089
1 0.5924092409240924 0.11776061776061776 0.0121012101210121 0.03088803088803089
1 0.6490649064906491 0.11389961389961391 0.013201320132013201 0.03088803088803089
1 0.6155115511551155 0.12355212355212356 0.0121012101210121 0.019305019305019305
1 0.6254125412541254 0.14092664092664092 0.0165016501650165 0.03861003861003861
1 0.61001100110011 0.2142857142857143 0.0209020902090209 0.03861003861003861
1 0.6342134213421342 0.23262548262548263 0.0231023102310231 0.052123552123552123
1 0.6743674367436744 0.3252895752895753 0.026402640264026403 0.0637065637065637
1 0.6881188118811881 0.25965250965250963 0.0209020902090209 0.04054054054054054
1 0.676017601760176 0.22683397683397685 0.0231023102310231 0.04826254826254826
1 0.6573157315731573 0.17567567567567569 0.0165016501650165 0.03474903474903475
1 0.6435643564356436 0.15926640926640928 0.015401540154015401 0.02895752895752896
1 0.6765676567656765 0.1167953667953668 0.011001100110011 0.02895752895752896
1 0.6969196919691969 0.11293436293436293 0.0121012101210121 0.02895752895752896
1 0.7145214521452145 0.17471042471042472 0.0165016501650165 0.04054054054054054
1 0.7354235423542353 0.2335907335907336 0.0187018701870187 0.03861003861003861
1 0.7304730473047304 0.14864864864864866 0.015401540154015401 0.03861003861003861
1 0.7535753575357536 0.13513513513513514 0.013201320132013201 0.03088803088803089
1 0.7821782178217821 0.12258687258687259 0.011001100110011 0.02895752895752896
1 0.7849284928492849 0.14092664092664092 0.0121012101210121 0.02316602316602317
1 0.8019801980198019 0.13996138996138996 0.013201320132013201 0.0250965250965251
1 0.8338833883388338 0.14092664092664092 0.013201320132013201 0.02702702702702703
1 0.8514851485148515 0.15057915057915058 0.013201320132013201 0.03088803088803089
1 0.9064906490649064 0.15347490347490347 0.013201320132013201 0.02895752895752896
1 0.7475247524752475 0.34362934362934366 0.025302530253025302 0.06177606177606178
1 0.7431243124312431 0.19594594594594594 0.0209020902090209 0.03281853281853282
1 0.7601760176017601 0.2422779922779923 0.022002200220022 0.04826254826254826
1 0.7931793179317931 0.2857142857142857 0.022002200220022 0.05405405405405406
1 0.9053905390539053 0.3552123552123552 0.0242024202420242 0.06563706563706564
1 0.7959295929592959 0.20752895752895753 0.0165016501650165 0.03667953667953668
1 0.8267326732673267 0.25 0.0209020902090209 0.04826254826254826
1 0.8234323432343233 0.19594594594594594 0.0143014301430143 0.03281853281853282
1 0.8432343234323432 0.21814671814671815 0.0187018701870187 0.04247104247104247
1 0.8668866886688669 0.1776061776061776 0.015401540154015401 0.03474903474903475
1 0.9416941694169416 0.17084942084942084 0.013201320132013201 0.0250965250965251
1 0.9081408140814081 0.20173745173745175 0.0121012101210121 0.03667953667953668
1 0.8943894389438943 0.23938223938223938 0.015401540154015401 0.03861003861003861
1 0.9438943894389439 0.2557915057915058 0.015401540154015401 0.03667953667953668
1 0.9356435643564356 0.20752895752895753 0.0121012101210121 0.0250965250965251
1 0.9334433443344334 0.23648648648648649 0.0121012101210121 0.03281853281853282
1 0.9119911991199119 0.17567567567567569 0.013201320132013201 0.02702702702702703
1 0.9378437843784377 0.18532818532818535 0.0121012101210121 0.02702702702702703
1 0.7964796479647964 0.166988416988417 0.013201320132013201 0.02895752895752896
1 0.8228822882288228 0.16795366795366795 0.013201320132013201 0.02316602316602317
1 0.6804180418041804 0.1312741312741313 0.0121012101210121 0.03088803088803089
1 0.6138613861386139 0.11196911196911197 0.011001100110011 0.019305019305019305
1 0.47414741474147415 0.19305019305019305 0.0176017601760176 0.02702702702702703
1 0.4020902090209021 0.17953667953667954 0.0143014301430143 0.03088803088803089
