1 0.42857142857142855 0.20193861066235866 0.018315018315018316 0.04523424878836834
1 0.46291208791208793 0.20516962843295639 0.022893772893772892 0.048465266558966075
1 0.6126373626373627 0.11066235864297254 0.021978021978021976 0.030694668820678516
1 0.6515567765567766 0.12520193861066237 0.013736263736263736 0.030694668820678516
1 0.7527472527472527 0.14781906300484654 0.014652014652014652 0.037156704361873995
1 0.7710622710622711 0.14943457189014542 0.018315018315018316 0.033925686591276254
1 0.826007326007326 0.26009693053311794 0.018315018315018316 0.06138933764135703
1 0.8928571428571429 0.2536348949919225 0.02564102564102564 0.04523424878836834
1 0.8717948717948718 0.18820678513731826 0.016483516483516484 0.04038772213247173
1 0.891941391941392 0.22132471728594508 0.016483516483516484 0.048465266558966075
1 0.9423076923076923 0.191437802907916 0.014652014652014652 0.033925686591276254
1 0.9207875457875457 0.25525040387722137 0.019230769230769232 0.051696284329563816
1 0.6254578754578755 0.14539579967689822 0.016483516483516484 0.03231017770597738
