1 0.16929499072356216 0.48096026490066224 0.036178107606679034 0.06788079470198675
1 0.26716141001855287 0.2582781456953642 0.014842300556586271 0.029801324503311258
1 0.2750463821892393 0.2582781456953642 0.0176252319109462 0.039735099337748346
1 0.29730983302411873 0.26241721854304634 0.0176252319109462 0.041390728476821195
1 0.3534322820037106 0.27566225165562913 0.020408163265306124 0.04470198675496689
1 0.37987012987012986 0.2731788079470199 0.01948051948051948 0.04304635761589404
1 0.37291280148423006 0.25579470198675497 0.020408163265306124 0.0347682119205298
1 0.38358070500927643 0.18460264900662252 0.015769944341372914 0.03145695364238411
1 0.39285714285714285 0.1986754966887417 0.015769944341372914 0.033112582781456956
1 0.4114100185528757 0.173841059602649 0.013914656771799629 0.03642384105960265
1 0.42068645640074215 0.17549668874172186 0.0176252319109462 0.039735099337748346
1 0.44944341372912805 0.18874172185430463 0.0176252319109462 0.03642384105960265
1 0.45918367346938777 0.19205298013245034 0.016697588126159554 0.03642384105960265
1 0.4730983302411874 0.16887417218543047 0.014842300556586271 0.026490066225165563
1 0.4730983302411874 0.152317880794702 0.012987012987012988 0.023178807947019868
1 0.4452690166975881 0.23427152317880795 0.020408163265306124 0.041390728476821195
1 0.48144712430426717 0.21771523178807947 0.020408163265306124 0.041390728476821195
1 0.4893320964749536 0.1912251655629139 0.0176252319109462 0.0380794701986755
1 0.5055658627087198 0.16639072847682118 0.014842300556586271 0.028145695364238412
1 0.4995361781076067 0.14321192052980133 0.012059369202226345 0.02152317880794702
1 0.5134508348794063 0.1498344370860927 0.0176252319109462 0.028145695364238412
1 0.5282931354359925 0.15480132450331127 0.013914656771799629 0.028145695364238412
1 0.550556586270872 0.12996688741721854 0.013914656771799629 0.03145695364238411
1 0.5593692022263451 0.13410596026490065 0.014842300556586271 0.023178807947019868
1 0.5626159554730983 0.18129139072847683 0.015769944341372914 0.0380794701986755
1 0.5301484230055659 0.18956953642384106 0.01948051948051948 0.03145695364238411
1 0.5820964749536178 0.13493377483443708 0.013914656771799629 0.028145695364238412
1 0.5950834879406308 0.11341059602649006 0.013914656771799629 0.0380794701986755
1 0.6145640074211502 0.10678807947019868 0.013914656771799629 0.024834437086092714
1 0.6354359925788498 0.10347682119205298 0.012987012987012988 0.024834437086092714
1 0.6117810760667903 0.14155629139072848 0.013914656771799629 0.03145695364238411
1 0.638682745825603 0.13327814569536423 0.013914656771799629 0.024834437086092714
1 0.6600185528756958 0.11754966887417219 0.012059369202226345 0.026490066225165563
1 0.6915584415584416 0.09933774834437085 0.012059369202226345 0.026490066225165563
1 0.48562152133580705 0.29304635761589404 0.02504638218923933 0.046357615894039736
1 0.5324675324675324 0.3269867549668874 0.02411873840445269 0.041390728476821195
1 0.5468460111317254 0.2574503311258278 0.0176252319109462 0.0380794701986755
1 0.6164192949907236 0.25165562913907286 0.0176252319109462 0.03642384105960265
1 0.6238404452690167 0.2913907284768212 0.01948051948051948 0.04304635761589404
1 0.6873840445269017 0.31043046357615894 0.025974025974025976 0.048013245033112585
1 0.7458256029684601 0.37334437086092714 0.03339517625231911 0.07119205298013245
1 0.7963821892393321 0.4197019867549669 0.03803339517625232 0.07781456953642384
1 0.8863636363636364 0.3576158940397351 0.03246753246753247 0.0695364238410596
1 0.9141929499072357 0.31374172185430466 0.02504638218923933 0.05132450331125828
1 0.8344155844155844 0.3021523178807947 0.01948051948051948 0.054635761589403975
1 0.7611317254174397 0.28394039735099336 0.02319109461966605 0.054635761589403975
1 0.7435064935064936 0.11009933774834436 0.013914656771799629 0.02152317880794702
1 0.7657699443413729 0.12748344370860928 0.013914656771799629 0.026490066225165563
1 0.7741187384044527 0.1357615894039735 0.015769944341372914 0.033112582781456956
1 0.7430426716141002 0.1382450331125828 0.012987012987012988 0.024834437086092714
1 0.8070500927643784 0.14486754966887416 0.016697588126159554 0.0347682119205298
1 0.8311688311688312 0.1216887417218543 0.011131725417439703 0.024834437086092714
1 0.838126159554731 0.1382450331125828 0.013914656771799629 0.03145695364238411
1 0.8538961038961039 0.17135761589403972 0.013914656771799629 0.0347682119205298
1 0.8576066790352505 0.14735099337748345 0.010204081632653062 0.023178807947019868
1 0.8613172541743971 0.13079470198675497 0.012059369202226345 0.019867549668874173
1 0.8831168831168831 0.17218543046357615 0.014842300556586271 0.03642384105960265
1 0.8923933209647495 0.1490066225165563 0.011131725417439703 0.029801324503311258
1 0.9318181818181819 0.1597682119205298 0.012059369202226345 0.024834437086092714
1 0.9179035250463822 0.201158940397351 0.013914656771799629 0.03145695364238411
1 0.9225417439703154 0.2251655629139073 0.015769944341372914 0.03642384105960265
1 0.9100185528756958 0.23427152317880795 0.016697588126159554 0.0380794701986755
1 0.9044526901669759 0.2632450331125828 0.014842300556586271 0.046357615894039736
1 0.87847866419295 0.21026490066225165 0.016697588126159554 0.03642384105960265
1 0.864100185528757 0.2574503311258278 0.0176252319109462 0.041390728476821195
1 0.8228200371057514 0.2052980132450331 0.01855287569573284 0.039735099337748346
1 0.8024118738404453 0.24668874172185432 0.022263450834879406 0.04966887417218543
1 0.7815398886827458 0.1945364238410596 0.0176252319109462 0.041390728476821195
1 0.7523191094619666 0.21605960264900662 0.01855287569573284 0.04470198675496689
1 0.7374768089053804 0.17301324503311258 0.016697588126159554 0.028145695364238412
1 0.7263450834879407 0.20943708609271522 0.020408163265306124 0.04470198675496689
1 0.7128942486085343 0.25 0.021335807050092765 0.056291390728476824
1 0.6971243042671614 0.17301324503311258 0.01948051948051948 0.0380794701986755
1 0.674860853432282 0.2077814569536424 0.0176252319109462 0.041390728476821195
1 0.650278293135436 0.1763245033112583 0.01855287569573284 0.0347682119205298
1 0.6233766233766234 0.21688741721854304 0.020408163265306124 0.029801324503311258
