1 0.2841796875 0.4948529411764706 0.138671875 0.23088235294117646
1 0.14111328125 0.3397058823529412 0.1181640625 0.18823529411764706
1 0.0361328125 0.2963235294117647 0.0703125 0.1426470588235294
1 0.2080078125 0.2161764705882353 0.05078125 0.07647058823529412
1 0.2529296875 0.1889705882352941 0.041015625 0.07794117647058824
1 0.27294921875 0.22794117647058823 0.0361328125 0.07058823529411765
1 0.30126953125 0.16470588235294117 0.0380859375 0.06764705882352941
1 0.33203125 0.2 0.03515625 0.061764705882352944
1 0.375 0.21029411764705883 0.046875 0.08235294117647059
1 0.43115234375 0.21176470588235294 0.0458984375 0.08529411764705883
1 0.42236328125 0.09411764705882353 0.0302734375 0.07352941176470588
1 0.4765625 0.17573529411764705 0.03125 0.06323529411764706
1 0.498046875 0.19117647058823528 0.037109375 0.052941176470588235
1 0.52294921875 0.24338235294117647 0.0458984375 0.09558823529411764
1 0.52587890625 0.16397058823529412 0.0283203125 0.051470588235294115
1 0.5576171875 0.18308823529411763 0.03515625 0.06323529411764706
1 0.6171875 0.23823529411764705 0.044921875 0.09117647058823529
1 0.63720703125 0.18529411764705883 0.0283203125 0.047058823529411764
1 0.671875 0.1764705882352941 0.029296875 0.061764705882352944
1 0.7080078125 0.17720588235294119 0.029296875 0.057352941176470586
1 0.77392578125 0.20147058823529412 0.0341796875 0.07352941176470588
1 0.83251953125 0.1948529411764706 0.0322265625 0.0661764705882353
1 0.9638671875 0.19558823529411765 0.048828125 0.09117647058823529
