1 0.16209349593495936 0.35288966725043786 0.04369918699186992 0.09281961471103328
1 0.16310975609756098 0.22679509632224168 0.021341463414634148 0.03327495621716287
1 0.3145325203252033 0.19527145359019266 0.021341463414634148 0.043782837127845885
1 0.3465447154471545 0.2329246935201401 0.022357723577235776 0.04203152364273205
1 0.41768292682926833 0.2381786339754816 0.024390243902439025 0.04553415061295972
1 0.4308943089430895 0.16199649737302976 0.01829268292682927 0.03327495621716287
1 0.4547764227642277 0.159369527145359 0.019308943089430895 0.03502626970227671
1 0.48119918699187 0.16112084063047286 0.017276422764227643 0.03152364273204904
1 0.4979674796747968 0.18038528896672504 0.01829268292682927 0.03852889667250438
1 0.5091463414634146 0.1576182136602452 0.01829268292682927 0.03152364273204904
1 0.5294715447154472 0.18914185639229422 0.01829268292682927 0.04203152364273205
1 0.5741869918699187 0.19001751313485113 0.020325203252032523 0.043782837127845885
1 0.9110772357723578 0.22329246935201402 0.017276422764227643 0.050788091068301226
1 0.9247967479674798 0.18388791593695272 0.016260162601626018 0.04203152364273205
1 0.9557926829268294 0.23905429071803852 0.019308943089430895 0.047285464098073555
1 0.9639227642276423 0.202276707530648 0.017276422764227643 0.03677758318739054
