1 0.17743490838958534 0.479557069846678 0.04628736740597879 0.09028960817717206
1 0.39054966248794604 0.2717206132879046 0.019286403085824494 0.03577512776831346
1 0.39971070395371266 0.2231686541737649 0.01639344262295082 0.030664395229982964
1 0.45853423336547733 0.22402044293015333 0.02025072324011572 0.04258943781942078
1 0.41610414657666345 0.1626916524701874 0.01639344262295082 0.03236797274275979
1 0.3611378977820637 0.19591141396933562 0.01832208293153327 0.02385008517887564
1 0.35824493731919 0.23168654173764908 0.01639344262295082 0.034071550255536626
1 0.48505303760848606 0.14054514480408858 0.013500482160077145 0.028960817717206135
1 0.5110896817743491 0.12776831345826234 0.013500482160077145 0.034071550255536626
1 0.5318225650916104 0.1201022146507666 0.01639344262295082 0.02555366269165247
1 0.5650916104146577 0.12776831345826234 0.011571841851494697 0.030664395229982964
1 0.5843780135004821 0.12350936967632027 0.017357762777242044 0.028960817717206135
1 0.5617164898746384 0.1788756388415673 0.01639344262295082 0.030664395229982964
1 0.47782063645130185 0.3390119250425894 0.027965284474445518 0.04770017035775128
1 0.5337512054001928 0.3245315161839864 0.022179363548698167 0.04940374787052811
1 0.6046287367405979 0.2606473594548552 0.023143683702989394 0.05792163543441227
1 0.654291224686596 0.22487223168654175 0.026036644165863067 0.04770017035775128
1 0.6861137897782064 0.3424190800681431 0.03567984570877532 0.06814310051107325
1 0.7020250723240116 0.25468483816013626 0.025072324011571844 0.06303236797274277
1 0.7666345226615237 0.27427597955706984 0.02700096432015429 0.06473594548551959
1 0.8230472516875603 0.3040885860306644 0.024108003857280617 0.06303236797274277
1 0.8997107039537127 0.29471890971039183 0.023143683702989394 0.05792163543441227
1 0.9243008678881389 0.15417376490630325 0.012536162005785922 0.03236797274275979
1 0.8982642237222759 0.14735945485519591 0.01446480231436837 0.028960817717206135
1 0.8698167791706847 0.12095400340715502 0.013500482160077145 0.030664395229982964
1 0.8302796528447445 0.07836456558773425 0.017357762777242044 0.030664395229982964
