1 0.20297951582867785 0.4408866995073891 0.040968342644320296 0.09688013136288998
1 0.25512104283054005 0.4334975369458128 0.042830540037243944 0.09852216748768472
1 0.3123836126629423 0.2766830870279146 0.019553072625698324 0.03776683087027914
1 0.3649906890130354 0.25862068965517243 0.0186219739292365 0.04433497536945813
1 0.4180633147113594 0.22249589490968802 0.0186219739292365 0.031198686371100164
1 0.43575418994413406 0.2627257799671593 0.0186219739292365 0.052545155993431854
1 0.45018621973929235 0.21592775041050902 0.015828677839851025 0.03776683087027914
1 0.44646182495344505 0.180623973727422 0.015828677839851025 0.03284072249589491
1 0.4725325884543762 0.19129720853858784 0.013966480446927373 0.027914614121510674
1 0.4553072625698324 0.14942528735632182 0.0111731843575419 0.026272577996715927
1 0.46834264432029793 0.14778325123152708 0.01303538175046555 0.029556650246305417
1 0.5283985102420856 0.13793103448275862 0.012104283054003724 0.03284072249589491
1 0.5591247672253259 0.1412151067323481 0.013966480446927373 0.029556650246305417
1 0.5763500931098696 0.14532019704433496 0.01675977653631285 0.027914614121510674
1 0.5325884543761639 0.1954022988505747 0.0186219739292365 0.03284072249589491
1 0.4767225325884544 0.32922824302134646 0.027932960893854747 0.07389162561576354
1 0.6513035381750466 0.2545155993431855 0.019553072625698324 0.04926108374384236
1 0.7202048417132216 0.277504105090312 0.025139664804469275 0.059113300492610835
1 0.7793296089385475 0.2824302134646962 0.024208566108007448 0.05582922824302135
1 0.8803538175046555 0.20607553366174056 0.015828677839851025 0.041050903119868636
1 0.8109869646182495 0.11904761904761904 0.0111731843575419 0.027914614121510674
1 0.6838919925512105 0.14532019704433496 0.013966480446927373 0.034482758620689655
1 0.712756052141527 0.14039408866995073 0.013966480446927373 0.027914614121510674
1 0.7253258845437617 0.15188834154351397 0.01303538175046555 0.034482758620689655
1 0.74487895716946 0.12315270935960591 0.0148975791433892 0.03284072249589491
1 0.7644320297951582 0.15599343185550082 0.0148975791433892 0.0361247947454844
1 0.7951582867783985 0.17980295566502463 0.01675977653631285 0.03776683087027914
