1 0.21136363636363636 0.4567307692307692 0.03727272727272727 0.08333333333333333
1 0.27636363636363637 0.25560897435897434 0.023636363636363636 0.052884615384615384
1 0.3336363636363636 0.1482371794871795 0.01818181818181818 0.03365384615384615
1 0.4036363636363636 0.11137820512820512 0.014545454545454545 0.030448717948717948
1 0.42 0.1482371794871795 0.012727272727272728 0.027243589743589744
1 0.445 0.16266025641025642 0.015454545454545455 0.03365384615384615
1 0.4690909090909091 0.17147435897435898 0.01818181818181818 0.038461538461538464
1 0.4890909090909091 0.14022435897435898 0.012727272727272728 0.027243589743589744
1 0.5145454545454545 0.14102564102564102 0.012727272727272728 0.028846153846153844
1 0.535 0.15144230769230768 0.013636363636363636 0.030448717948717948
1 0.5622727272727273 0.1482371794871795 0.015454545454545455 0.030448717948717948
1 0.7613636363636364 0.10737179487179487 0.017272727272727273 0.035256410256410256
