1 0.0822550831792976 0.5332778702163061 0.06469500924214418 0.1281198003327787
1 0.261090573012939 0.28618968386023297 0.021256931608133085 0.036605657237936774
1 0.28927911275415896 0.2703826955074875 0.0166358595194085 0.04492512479201331
1 0.30175600739371533 0.2637271214642263 0.019408502772643253 0.04159733777038269
1 0.32255083179297594 0.2770382695507488 0.018484288354898334 0.03826955074875208
1 0.34473197781885395 0.28119800332778705 0.02033271719038817 0.036605657237936774
1 0.40064695009242146 0.2911813643926789 0.024953789279112754 0.05324459234608985
1 0.31608133086876156 0.2254575707154742 0.0166358595194085 0.03826955074875208
1 0.32670979667282807 0.2512479201331115 0.015711645101663587 0.029950083194675542
1 0.3479667282809612 0.22795341098169716 0.019408502772643253 0.033277870216306155
1 0.37430683918669133 0.23460898502495842 0.02033271719038817 0.036605657237936774
1 0.3752310536044362 0.21630615640599002 0.014787430683918669 0.029950083194675542
1 0.3775415896487985 0.19966722129783696 0.012014787430683918 0.02329450915141431
1 0.40942698706099817 0.22878535773710484 0.018484288354898334 0.03161397670549085
1 0.449630314232902 0.2221297836938436 0.01756007393715342 0.04492512479201331
1 0.4098890942698706 0.17554076539101499 0.015711645101663587 0.03494176372712147
1 0.4228280961182994 0.19217970049916805 0.019408502772643253 0.02495840266222962
1 0.46256931608133084 0.19384359400998336 0.015711645101663587 0.03161397670549085
1 0.4856746765249538 0.1930116472545757 0.02310536044362292 0.03993344425956739
1 0.4676524953789279 0.15973377703826955 0.014787430683918669 0.029950083194675542
1 0.44870609981515713 0.15224625623960067 0.015711645101663587 0.028286189683860232
1 0.4810536044362292 0.13810316139767057 0.012014787430683918 0.026622296173044926
1 0.5314232902033271 0.13643926788685523 0.02033271719038817 0.03993344425956739
1 0.5466728280961183 0.1572379367720466 0.01756007393715342 0.03494176372712147
1 0.5660813308687616 0.16722129783693843 0.019408502772643253 0.03826955074875208
1 0.5808687615526802 0.15058236272878536 0.015711645101663587 0.028286189683860232
1 0.5646950092421442 0.10981697171381032 0.0166358595194085 0.026622296173044926
1 0.5850277264325323 0.09983361064891848 0.014787430683918669 0.029950083194675542
1 0.5905730129390019 0.11813643926788686 0.012939001848428836 0.026622296173044926
1 0.5873382624768946 0.13394342762063227 0.013863216266173753 0.03161397670549085
1 0.6173752310536045 0.1156405990016639 0.0166358595194085 0.028286189683860232
1 0.6210720887245841 0.09650582362728785 0.014787430683918669 0.029950083194675542
1 0.6363216266173752 0.12562396006655574 0.015711645101663587 0.03161397670549085
1 0.649260628465804 0.10066555740432613 0.01756007393715342 0.03161397670549085
1 0.6853049907578558 0.10399334442595674 0.013863216266173753 0.03494176372712147
1 0.6658964879852126 0.12396006655574043 0.012014787430683918 0.02495840266222962
1 0.6247689463955638 0.15058236272878536 0.018484288354898334 0.03494176372712147
1 0.533271719038817 0.20549084858569053 0.022181146025878003 0.04492512479201331
1 0.4912199630314233 0.23044925124792015 0.024953789279112754 0.04492512479201331
1 0.4898336414048059 0.31114808652246256 0.031423290203327174 0.06988352745424294
1 0.5531423290203327 0.31863560732113144 0.03234750462107209 0.06156405990016639
1 0.6044362292051756 0.33111480865224624 0.033271719038817 0.06655574043261231
1 0.6728280961182994 0.34276206322795344 0.03696857670979667 0.06988352745424294
1 0.5633086876155268 0.2454242928452579 0.02310536044362292 0.048252911813643926
1 0.6030499075785583 0.2612312811980033 0.026802218114602587 0.056572379367720464
1 0.5998151571164511 0.19966722129783696 0.02033271719038817 0.04326123128119801
1 0.6414048059149723 0.1821963394342762 0.024029574861367836 0.048252911813643926
1 0.6589648798521257 0.2612312811980033 0.024029574861367836 0.056572379367720464
1 0.6585027726432532 0.2079866888519135 0.02310536044362292 0.04658901830282862
1 0.6959334565619224 0.22628951747088186 0.024029574861367836 0.05324459234608985
1 0.7079482439926063 0.29034941763727123 0.027726432532347505 0.051580698835274545
1 0.7763401109057301 0.29034941763727123 0.029574861367837338 0.064891846921797
1 0.7486136783733827 0.22795341098169716 0.025878003696857672 0.06988352745424294
1 0.7402957486136784 0.18302828618968386 0.025878003696857672 0.04658901830282862
1 0.7111829944547134 0.18552412645590682 0.019408502772643253 0.051580698835274545
1 0.6839186691312384 0.15973377703826955 0.025878003696857672 0.04991680532445924
1 0.7204251386321626 0.14392678868552414 0.021256931608133085 0.04159733777038269
1 0.7347504621072088 0.12562396006655574 0.0166358595194085 0.03494176372712147
1 0.743992606284658 0.1264559068219634 0.014787430683918669 0.033277870216306155
1 0.7661737523105361 0.1281198003327787 0.014787430683918669 0.033277870216306155
1 0.7735674676524954 0.12146422628951747 0.014787430683918669 0.033277870216306155
1 0.7906654343807763 0.1372712146422629 0.013863216266173753 0.03494176372712147
1 0.7971349353049908 0.17637271214642264 0.026802218114602587 0.04991680532445924
1 0.7573937153419593 0.16139767054908485 0.01756007393715342 0.033277870216306155
1 0.8105360443622921 0.24459234608985025 0.027726432532347505 0.04991680532445924
1 0.8202402957486137 0.16888519134775376 0.01756007393715342 0.03826955074875208
1 0.8100739371534196 0.1314475873544093 0.015711645101663587 0.033277870216306155
1 0.8299445471349353 0.1497504159733777 0.0166358595194085 0.036605657237936774
1 0.844731977818854 0.18635607321131448 0.018484288354898334 0.03993344425956739
1 0.8646025878003697 0.22628951747088186 0.02310536044362292 0.05324459234608985
1 0.922365988909427 0.2895174708818636 0.029574861367837338 0.0632279534109817
1 0.8817005545286506 0.19633943427620631 0.02033271719038817 0.04326123128119801
1 0.8604436229205176 0.16139767054908485 0.0166358595194085 0.029950083194675542
1 0.8664510166358595 0.12895174708818635 0.015711645101663587 0.03494176372712147
1 0.8923290203327172 0.13227953410981697 0.012014787430683918 0.03494176372712147
1 0.8909426987060998 0.17138103161397672 0.0166358595194085 0.04326123128119801
1 0.9186691312384473 0.20881863560732114 0.018484288354898334 0.04159733777038269
1 0.9214417744916821 0.1821963394342762 0.014787430683918669 0.028286189683860232
1 0.9191312384473198 0.1572379367720466 0.013863216266173753 0.02495840266222962
