1 0.05409219190968956 0.44333333333333336 0.04421448730009407 0.07666666666666667
1 0.07149576669802446 0.5341666666666667 0.047036688617121354 0.09166666666666667
1 0.1312323612417686 0.4316666666666667 0.047977422389463786 0.1
1 0.3847601128880527 0.2 0.018814675446848544 0.03666666666666667
1 0.43273753527751646 0.2225 0.03198494825964252 0.055
1 0.4642521166509878 0.22666666666666668 0.021636876763875823 0.04666666666666667
1 0.48824082784571965 0.22416666666666668 0.03386641580432738 0.065
1 0.5239887111947319 0.1391666666666667 0.024459078080903106 0.05166666666666667
1 0.5719661335841957 0.13083333333333333 0.015051740357478834 0.025
1 0.6204139228598307 0.23750000000000002 0.027281279397930385 0.058333333333333334
1 0.7191909689557855 0.12166666666666667 0.023518344308560677 0.05666666666666667
1 0.9548447789275635 0.095 0.015051740357478834 0.030000000000000002
1 0.9604891815616181 0.13166666666666668 0.018814675446848544 0.04
