1 0.887589013224822 0.15135135135135136 0.013224821973550356 0.02882882882882883
1 0.8367243133265514 0.22162162162162163 0.013224821973550356 0.03963963963963964
1 0.612410986775178 0.17567567567567569 0.014242115971515767 0.03063063063063063
1 0.577822990844354 0.3171171171171171 0.02034587995930824 0.04684684684684685
1 0.48880976602238047 0.1981981981981982 0.01525940996948118 0.03963963963963964
1 0.5132248219735503 0.2 0.01525940996948118 0.036036036036036036
1 0.4064089521871821 0.18558558558558558 0.01525940996948118 0.03963963963963964
1 0.3402848423194303 0.24504504504504504 0.017293997965412002 0.036036036036036036
1 0.2650050864699898 0.24504504504504504 0.023397761953204477 0.04684684684684685
1 0.2380467955239064 0.3900900900900901 0.042726347914547304 0.0990990990990991
