1 0.05013927576601671 0.37272727272727274 0.018570102135561747 0.04132231404958678
1 0.24930362116991645 0.2578512396694215 0.012070566388115135 0.023140495867768594
1 0.2701949860724234 0.26694214876033057 0.014856081708449397 0.021487603305785124
1 0.29201485608170846 0.2603305785123967 0.015784586815227482 0.03471074380165289
1 0.3161559888579387 0.26198347107438014 0.013927576601671309 0.03801652892561983
1 0.33008356545961004 0.2702479338842975 0.015784586815227482 0.03471074380165289
1 0.3203342618384401 0.21818181818181817 0.014856081708449397 0.026446280991735537
1 0.3491179201485608 0.23057851239669422 0.016713091922005572 0.028099173553719006
1 0.351439182915506 0.20578512396694215 0.013927576601671309 0.021487603305785124
1 0.3649025069637883 0.19504132231404958 0.012999071494893221 0.023140495867768594
1 0.38207985143918294 0.18925619834710744 0.012070566388115135 0.03140495867768595
1 0.3969359331476323 0.1975206611570248 0.015784586815227482 0.028099173553719006
1 0.3816155988857939 0.23388429752066114 0.014856081708449397 0.03140495867768595
1 0.361652739090065 0.2743801652892562 0.017641597028783658 0.03636363636363636
1 0.39275766016713093 0.28760330578512394 0.022284122562674095 0.0396694214876033
1 0.43175487465181056 0.23471074380165288 0.018570102135561747 0.03636363636363636
1 0.44196843082636955 0.19090909090909092 0.012999071494893221 0.028099173553719006
1 0.4586815227483751 0.20082644628099172 0.014856081708449397 0.024793388429752067
1 0.467966573816156 0.2330578512396694 0.018570102135561747 0.03305785123966942
1 0.48096564531104924 0.19421487603305784 0.018570102135561747 0.03471074380165289
1 0.4586815227483751 0.14545454545454545 0.012999071494893221 0.01983471074380165
1 0.4911792014856082 0.16942148760330578 0.012999071494893221 0.03140495867768595
1 0.4805013927576602 0.1371900826446281 0.01021355617455896 0.01983471074380165
1 0.5204271123491179 0.20743801652892563 0.015784586815227482 0.03801652892561983
1 0.5287836583101208 0.1677685950413223 0.013927576601671309 0.028099173553719006
1 0.5598885793871866 0.1743801652892562 0.016713091922005572 0.03140495867768595
1 0.5598885793871866 0.12644628099173552 0.011142061281337047 0.024793388429752067
1 0.5766016713091922 0.14380165289256197 0.011142061281337047 0.026446280991735537
1 0.5882079851439183 0.12066115702479338 0.01021355617455896 0.023140495867768594
1 0.6077065923862581 0.11900826446280992 0.01021355617455896 0.023140495867768594
1 0.6072423398328691 0.14545454545454545 0.011142061281337047 0.023140495867768594
1 0.6332404828226555 0.14214876033057852 0.011142061281337047 0.026446280991735537
1 0.6323119777158774 0.11818181818181818 0.009285051067780874 0.01818181818181818
1 0.6722376973073352 0.11900826446280992 0.012999071494893221 0.026446280991735537
1 0.4832869080779944 0.30082644628099175 0.025069637883008356 0.049586776859504134
1 0.5617455896007428 0.2909090909090909 0.02414113277623027 0.05289256198347107
1 0.5687093779015785 0.2231404958677686 0.02321262766945218 0.05619834710743801
1 0.616991643454039 0.24297520661157024 0.017641597028783658 0.04297520661157025
1 0.6295264623955432 0.20165289256198346 0.012999071494893221 0.02975206611570248
1 0.6471680594243269 0.21570247933884296 0.02042711234911792 0.04462809917355372
1 0.6564531104921077 0.2652892561983471 0.02042711234911792 0.04462809917355372
1 0.6188486536675952 0.32231404958677684 0.034354688950789226 0.049586776859504134
1 0.680594243268338 0.19256198347107437 0.014856081708449397 0.028099173553719006
1 0.6759517177344475 0.15537190082644628 0.012999071494893221 0.026446280991735537
1 0.702878365831012 0.15289256198347106 0.012999071494893221 0.024793388429752067
1 0.72330547818013 0.1859504132231405 0.016713091922005572 0.03471074380165289
1 0.6963788300835655 0.23471074380165288 0.016713091922005572 0.03305785123966942
1 0.713091922005571 0.29173553719008266 0.02042711234911792 0.04462809917355372
1 0.7525533890436398 0.22479338842975205 0.015784586815227482 0.04628099173553719
1 0.7534818941504178 0.17107438016528925 0.015784586815227482 0.028099173553719006
1 0.7404828226555246 0.1446280991735537 0.013927576601671309 0.03140495867768595
1 0.7571959145775302 0.13553719008264462 0.013927576601671309 0.026446280991735537
1 0.7790157845868152 0.14545454545454545 0.012999071494893221 0.02975206611570248
1 0.7980501392757661 0.13140495867768595 0.01021355617455896 0.024793388429752067
1 0.8259052924791086 0.14628099173553719 0.012070566388115135 0.03140495867768595
1 0.8059424326833797 0.18264462809917356 0.014856081708449397 0.03471074380165289
1 0.7725162488393686 0.2049586776859504 0.016713091922005572 0.0396694214876033
1 0.8212627669452182 0.2190082644628099 0.015784586815227482 0.03471074380165289
1 0.7636954503249768 0.29669421487603304 0.02321262766945218 0.04793388429752066
1 0.8361188486536676 0.31074380165289256 0.025069637883008356 0.05289256198347107
1 0.8491179201485608 0.2603305785123967 0.02135561745589601 0.04462809917355372
1 0.9294336118848654 0.26776859504132233 0.02042711234911792 0.05289256198347107
1 0.914113277623027 0.24462809917355371 0.017641597028783658 0.05289256198347107
1 0.8946146703806871 0.19586776859504132 0.017641597028783658 0.03471074380165289
1 0.8834726090993501 0.17272727272727273 0.012070566388115135 0.021487603305785124
1 0.883008356545961 0.1537190082644628 0.011142061281337047 0.023140495867768594
1 0.840761374187558 0.18677685950413223 0.015784586815227482 0.03305785123966942
1 0.8472609099350047 0.16446280991735537 0.013927576601671309 0.024793388429752067
