1 0.03411214953271028 0.39933993399339934 0.02710280373831776 0.07260726072607261
1 0.2663551401869159 0.264026402640264 0.014953271028037384 0.033003300330033
1 0.28971962616822433 0.2706270627062706 0.020560747663551402 0.036303630363036306
1 0.3135514018691589 0.2871287128712871 0.019626168224299065 0.039603960396039604
1 0.32570093457943927 0.25165016501650167 0.017757009345794394 0.041254125412541254
1 0.31542056074766356 0.23514851485148516 0.014018691588785047 0.03135313531353135
1 0.3518691588785047 0.2764026402640264 0.02149532710280374 0.04455445544554455
1 0.35373831775700937 0.23102310231023102 0.01588785046728972 0.033003300330033
1 0.41028037383177574 0.29207920792079206 0.022429906542056077 0.04950495049504951
1 0.42149532710280374 0.22772277227722773 0.01869158878504673 0.039603960396039604
1 0.37990654205607477 0.22854785478547854 0.017757009345794394 0.03135313531353135
1 0.3808411214953271 0.21452145214521454 0.014018691588785047 0.026402640264026403
1 0.3901869158878505 0.19966996699669967 0.014018691588785047 0.0297029702970297
1 0.4696261682242991 0.23432343234323433 0.019626168224299065 0.039603960396039604
1 0.45514018691588787 0.22277227722772278 0.016822429906542057 0.036303630363036306
1 0.4341121495327103 0.183993399339934 0.01588785046728972 0.028052805280528052
1 0.44065420560747665 0.20462046204620463 0.017757009345794394 0.033003300330033
1 0.4588785046728972 0.17656765676567657 0.014953271028037384 0.0297029702970297
1 0.4668224299065421 0.20297029702970298 0.01588785046728972 0.033003300330033
1 0.5056074766355141 0.20214521452145215 0.016822429906542057 0.034653465346534656
1 0.48364485981308414 0.1716171617161716 0.014018691588785047 0.0297029702970297
1 0.4766355140186916 0.1551155115511551 0.013084112149532711 0.023102310231023104
1 0.491588785046729 0.13613861386138615 0.011214953271028038 0.024752475247524754
1 0.5116822429906542 0.1674917491749175 0.014018691588785047 0.028052805280528052
1 0.541588785046729 0.16914191419141913 0.014018691588785047 0.028052805280528052
1 0.5495327102803739 0.20132013201320131 0.01869158878504673 0.036303630363036306
1 0.5686915887850468 0.1716171617161716 0.017757009345794394 0.036303630363036306
1 0.5341121495327104 0.1410891089108911 0.014018691588785047 0.028052805280528052
1 0.5584112149532711 0.1542904290429043 0.014018691588785047 0.03135313531353135
1 0.5663551401869159 0.13861386138613863 0.013084112149532711 0.023102310231023104
1 0.572429906542056 0.11716171617161716 0.010280373831775701 0.023102310231023104
1 0.591588785046729 0.15676567656765678 0.013084112149532711 0.026402640264026403
1 0.6154205607476636 0.15924092409240925 0.01588785046728972 0.03135313531353135
1 0.588785046728972 0.1377887788778878 0.011214953271028038 0.024752475247524754
1 0.5939252336448598 0.11056105610561057 0.010280373831775701 0.023102310231023104
1 0.6154205607476636 0.1419141914191419 0.012149532710280374 0.023102310231023104
1 0.6140186915887851 0.12211221122112212 0.013084112149532711 0.023102310231023104
1 0.6294392523364486 0.10396039603960396 0.008411214953271028 0.019801980198019802
1 0.6439252336448599 0.10891089108910891 0.011214953271028038 0.026402640264026403
1 0.6546728971962618 0.11798679867986799 0.012149532710280374 0.028052805280528052
1 0.6728971962616823 0.12623762376237624 0.013084112149532711 0.028052805280528052
1 0.7051401869158879 0.10478547854785479 0.012149532710280374 0.03135313531353135
1 0.6037383177570094 0.2103960396039604 0.020560747663551402 0.041254125412541254
1 0.5738317757009346 0.24834983498349836 0.020560747663551402 0.041254125412541254
1 0.497196261682243 0.2962046204620462 0.024299065420560748 0.04455445544554455
1 0.5504672897196262 0.30445544554455445 0.024299065420560748 0.054455445544554455
1 0.6135514018691589 0.25742574257425743 0.025233644859813085 0.04950495049504951
1 0.611214953271028 0.33085808580858084 0.03364485981308411 0.057755775577557754
1 0.6658878504672897 0.25742574257425743 0.025233644859813085 0.04620462046204621
1 0.6822429906542057 0.3432343234323432 0.029906542056074768 0.066006600660066
1 0.7126168224299065 0.29125412541254125 0.02710280373831776 0.054455445544554455
1 0.6658878504672897 0.21699669966996699 0.019626168224299065 0.04785478547854786
1 0.7121495327102804 0.22194719471947194 0.020560747663551402 0.05115511551155116
1 0.6593457943925234 0.18234323432343236 0.017757009345794394 0.037953795379537955
1 0.6897196261682244 0.15924092409240925 0.014953271028037384 0.041254125412541254
1 0.7098130841121496 0.14521452145214522 0.014018691588785047 0.033003300330033
1 0.705607476635514 0.18564356435643564 0.01869158878504673 0.037953795379537955
1 0.7425233644859813 0.12376237623762376 0.014018691588785047 0.033003300330033
1 0.7504672897196262 0.11551155115511551 0.011214953271028038 0.023102310231023104
1 0.75 0.14521452145214522 0.012149532710280374 0.033003300330033
1 0.7369158878504674 0.16254125412541254 0.014018691588785047 0.03135313531353135
1 0.7532710280373832 0.18894389438943895 0.016822429906542057 0.037953795379537955
1 0.7612149532710281 0.22854785478547854 0.019626168224299065 0.04785478547854786
1 0.7817757009345795 0.29042904290429045 0.023364485981308414 0.052805280528052806
1 0.7733644859813085 0.1740924092409241 0.01588785046728972 0.034653465346534656
1 0.7710280373831776 0.13861386138613863 0.013084112149532711 0.026402640264026403
1 0.7869158878504673 0.12128712871287128 0.011214953271028038 0.024752475247524754
1 0.8070093457943925 0.1476897689768977 0.010280373831775701 0.028052805280528052
1 0.8233644859813084 0.12871287128712872 0.011214953271028038 0.026402640264026403
1 0.8308411214953272 0.14356435643564355 0.013084112149532711 0.033003300330033
1 0.8177570093457944 0.1740924092409241 0.013084112149532711 0.034653465346534656
1 0.8018691588785047 0.19636963696369636 0.014953271028037384 0.0297029702970297
1 0.8495327102803739 0.18976897689768976 0.014953271028037384 0.039603960396039604
1 0.8551401869158879 0.15759075907590758 0.013084112149532711 0.034653465346534656
1 0.8686915887850468 0.15924092409240925 0.012149532710280374 0.028052805280528052
1 0.8733644859813084 0.13943894389438943 0.012149532710280374 0.028052805280528052
1 0.9014018691588785 0.13366336633663367 0.012149532710280374 0.026402640264026403
1 0.8948598130841122 0.1782178217821782 0.012149532710280374 0.033003300330033
1 0.8827102803738318 0.19966996699669967 0.01588785046728972 0.036303630363036306
1 0.8691588785046729 0.22194719471947194 0.016822429906542057 0.037953795379537955
1 0.9257009345794392 0.18481848184818483 0.01588785046728972 0.036303630363036306
1 0.9224299065420561 0.27970297029702973 0.020560747663551402 0.04785478547854786
1 0.9373831775700935 0.16336633663366337 0.013084112149532711 0.033003300330033
