1 0.18251410153102335 0.4705056179775281 0.0507655116841257 0.10393258426966293
1 0.6019339242546333 0.20154494382022473 0.016116035455278 0.03230337078651685
1 0.6156325543916197 0.20997191011235955 0.0177276390008058 0.02949438202247191
1 0.6297340854149879 0.22191011235955055 0.021756647864625302 0.03089887640449438
1 0.6522965350523771 0.21207865168539325 0.0088638195004029 0.025280898876404494
1 0.6631748589846898 0.22331460674157302 0.0177276390008058 0.03089887640449438
1 0.6704270749395649 0.22963483146067415 0.0145044319097502 0.02949438202247191
1 0.7405318291700241 0.2324438202247191 0.016116035455278 0.02949438202247191
1 0.5451248992747784 0.21629213483146068 0.0169218372280419 0.033707865168539325
1 0.5584206285253828 0.25702247191011235 0.0145044319097502 0.03089887640449438
1 0.5874294923448832 0.2366573033707865 0.022562449637389202 0.03230337078651685
1 0.5423045930701047 0.28230337078651685 0.0177276390008058 0.0449438202247191
1 0.38839645447219984 0.25 0.016116035455278 0.02247191011235955
1 0.44923448831587426 0.2422752808988764 0.0153102336825141 0.023876404494382022
1 0.5092667203867848 0.28862359550561795 0.020950846091861403 0.03792134831460674
1 0.4951651893634166 0.26896067415730335 0.021756647864625302 0.02949438202247191
1 0.4222401289282836 0.2830056179775281 0.0177276390008058 0.043539325842696625
1 0.40531829170024175 0.2935393258426966 0.016116035455278 0.03651685393258427
1 0.3513295729250604 0.29213483146067415 0.0128928283642224 0.03932584269662921
1 0.28404512489927475 0.2991573033707865 0.0153102336825141 0.033707865168539325
1 0.22280419016921837 0.3384831460674157 0.012087026591458501 0.03089887640449438
1 0.2570507655116841 0.3419943820224719 0.016116035455278 0.043539325842696625
1 0.2937147461724416 0.3574438202247191 0.0169218372280419 0.043539325842696625
1 0.31547139403706687 0.38623595505617975 0.020145044319097503 0.047752808988764044
1 0.35173247381144235 0.324438202247191 0.0169218372280419 0.03089887640449438
1 0.37832393231265105 0.33286516853932585 0.0136986301369863 0.03089887640449438
1 0.40370668815471394 0.33146067415730335 0.016116035455278 0.03089887640449438
1 0.44238517324738114 0.336376404494382 0.020950846091861403 0.04073033707865169
1 0.4625302175664786 0.30547752808988765 0.016116035455278 0.0351123595505618
1 0.5016116035455278 0.3209269662921348 0.0249798549556809 0.04073033707865169
1 0.5874294923448832 0.32162921348314605 0.0273972602739726 0.042134831460674156
1 0.6248992747784045 0.2872191011235955 0.031426269137792104 0.043539325842696625
1 0.4943593875906527 0.3813202247191011 0.0249798549556809 0.05758426966292135
1 0.5358581788879936 0.3932584269662921 0.0257856567284448 0.056179775280898875
1 0.6023368251410153 0.42275280898876405 0.0362610797743755 0.06179775280898876
1 0.6385979049153908 0.3300561797752809 0.023368251410153102 0.033707865168539325
1 0.6486704270749395 0.36867977528089885 0.0273972602739726 0.04915730337078651
1 0.6821112006446414 0.34269662921348315 0.021756647864625302 0.042134831460674156
1 0.6567284448025785 0.4360955056179775 0.0354552780016116 0.06882022471910113
1 0.7010475423045931 0.46769662921348315 0.0370668815471394 0.07865168539325842
1 0.7356970185334407 0.4023876404494382 0.0354552780016116 0.043539325842696625
1 0.7566478646253021 0.44101123595505615 0.032232070910556 0.05337078651685393
1 0.7687348912167606 0.24508426966292135 0.0177276390008058 0.03230337078651685
1 0.6966156325543916 0.2542134831460674 0.0136986301369863 0.03089887640449438
1 0.6651893634165995 0.2661516853932584 0.0169218372280419 0.0351123595505618
1 0.7131345688960515 0.28230337078651685 0.0145044319097502 0.042134831460674156
1 0.7360999194198227 0.2773876404494382 0.0185334407735697 0.026685393258426966
1 0.757050765511684 0.2851123595505618 0.0185334407735697 0.042134831460674156
1 0.7945205479452054 0.2422752808988764 0.016116035455278 0.02949438202247191
1 0.8235294117647058 0.2584269662921348 0.020950846091861403 0.033707865168539325
1 0.8017727639000806 0.2928370786516854 0.022562449637389202 0.03230337078651685
1 0.8344077356970185 0.30617977528089885 0.0185334407735697 0.03932584269662921
1 0.8489121676067687 0.2633426966292135 0.0153102336825141 0.04073033707865169
1 0.8565672844480258 0.25280898876404495 0.0145044319097502 0.047752808988764044
1 0.806607574536664 0.33707865168539325 0.0177276390008058 0.042134831460674156
1 0.7876712328767123 0.3595505617977528 0.021756647864625302 0.042134831460674156
1 0.8481063658340048 0.3658707865168539 0.0249798549556809 0.0547752808988764
1 0.8021756647864625 0.4803370786516854 0.0298146655922643 0.0702247191011236
1 0.8779210314262691 0.28230337078651685 0.0169218372280419 0.03651685393258427
1 0.8678485092667203 0.3202247191011236 0.0177276390008058 0.03932584269662921
1 0.9165995165189363 0.26474719101123595 0.020145044319097503 0.03792134831460674
1 0.8746978243352135 0.3925561797752809 0.023368251410153102 0.046348314606741575
1 0.902497985495568 0.3595505617977528 0.016116035455278 0.05056179775280899
1 0.9161966156325544 0.3103932584269663 0.016116035455278 0.02247191011235955
1 0.894037066881547 0.4571629213483146 0.031426269137792104 0.06882022471910113
1 0.5076551168412571 0.24719101123595505 0.020950846091861403 0.02247191011235955
1 0.7264302981466559 0.2521067415730337 0.0185334407735697 0.03792134831460674
1 0.8049959709911362 0.27106741573033705 0.016116035455278 0.03651685393258427
1 0.9149879129734085 0.3258426966292135 0.0185334407735697 0.0646067415730337
1 0.8323932312651088 0.44452247191011235 0.0273972602739726 0.06320224719101124
1 0.5644641418211119 0.24157303370786515 0.012087026591458501 0.03089887640449438
1 0.4641418211120064 0.2675561797752809 0.019339242546333603 0.0351123595505618
1 0.4359387590652699 0.3033707865168539 0.019339242546333603 0.03932584269662921
