1 0.602783203125 0.3821614583333333 0.07763671875 0.10286458333333333
1 0.343017578125 0.6321614583333333 0.10009765625 0.140625
1 0.147705078125 0.5680338541666666 0.08642578125 0.12174479166666666
1 0.224609375 0.5432942708333333 0.0751953125 0.09700520833333333
1 0.227783203125 0.474609375 0.04052734375 0.06510416666666666
1 0.2734375 0.4612630208333333 0.03125 0.052734375
1 0.30126953125 0.4964192708333333 0.044921875 0.08138020833333333
1 0.326416015625 0.484375 0.03564453125 0.0625
1 0.364990234375 0.4716796875 0.03173828125 0.05794270833333333
1 0.189697265625 0.4599609375 0.03076171875 0.06184895833333333
1 0.162841796875 0.5022786458333333 0.04736328125 0.06705729166666666
1 0.1298828125 0.47916666666666663 0.0361328125 0.061197916666666664
1 0.093017578125 0.46647135416666663 0.03759765625 0.051432291666666664
1 0.064453125 0.5260416666666666 0.0615234375 0.08984375
1 0.032958984375 0.4944661458333333 0.05126953125 0.07356770833333333
