1 0.10893032384690872 0.37130434782608696 0.047105004906771344 0.08521739130434783
1 0.3184494602551521 0.23043478260869565 0.018645731108930322 0.04
1 0.3341511285574092 0.19391304347826088 0.018645731108930322 0.03304347826086956
1 0.3547595682041217 0.19478260869565217 0.014720314033366044 0.034782608695652174
1 0.4160942100098135 0.20173913043478262 0.017664376840039252 0.034782608695652174
1 0.4244357212953876 0.17217391304347826 0.014720314033366044 0.02434782608695652
1 0.44946025515210986 0.20869565217391306 0.017664376840039252 0.03826086956521739
1 0.4749754661432777 0.23478260869565218 0.02158979391560353 0.03826086956521739
1 0.528459273797841 0.2773913043478261 0.018645731108930322 0.043478260869565216
1 0.48086359175662413 0.18173913043478263 0.013738959764474975 0.03304347826086956
1 0.4568204121687929 0.14869565217391306 0.008832188420019626 0.026086956521739132
1 0.4695780176643768 0.12869565217391304 0.008832188420019626 0.017391304347826087
1 0.4720314033366045 0.15043478260869567 0.009813542688910696 0.022608695652173914
1 0.4950932286555446 0.15304347826086956 0.010794896957801765 0.020869565217391306
1 0.5294406280667321 0.1582608695652174 0.018645731108930322 0.03130434782608696
1 0.5053974484789009 0.13478260869565217 0.011776251226692836 0.019130434782608695
1 0.5368007850834151 0.11739130434782609 0.011776251226692836 0.019130434782608695
1 0.5534838076545633 0.11826086956521739 0.009813542688910696 0.017391304347826087
1 0.5878312070657506 0.11304347826086956 0.011776251226692836 0.02782608695652174
1 0.585377821393523 0.17043478260869566 0.014720314033366044 0.034782608695652174
1 0.6045142296368988 0.11565217391304349 0.013738959764474975 0.03304347826086956
1 0.6393523061825318 0.11826086956521739 0.012757605495583905 0.03130434782608696
1 0.6663395485770363 0.10956521739130436 0.013738959764474975 0.017391304347826087
1 0.6378802747791953 0.15130434782608695 0.013738959764474975 0.020869565217391306
1 0.6305201177625123 0.20956521739130435 0.016683022571148183 0.036521739130434785
1 0.5848871442590775 0.23304347826086957 0.017664376840039252 0.03826086956521739
1 0.5520117762512267 0.18347826086956523 0.016683022571148183 0.036521739130434785
1 0.585377821393523 0.2843478260869565 0.02060843964671246 0.043478260869565216
1 0.6211972522080471 0.29391304347826086 0.01962708537782139 0.04869565217391304
1 0.6388616290480863 0.24782608695652175 0.013738959764474975 0.03304347826086956
1 0.6776251226692835 0.2591304347826087 0.018645731108930322 0.03826086956521739
1 0.6722276741903827 0.21565217391304348 0.013738959764474975 0.04173913043478261
1 0.6683022571148184 0.17304347826086958 0.015701668302257114 0.029565217391304348
1 0.6894013738959764 0.12521739130434784 0.008832188420019626 0.02434782608695652
1 0.7060843964671246 0.1982608695652174 0.012757605495583905 0.03130434782608696
1 0.7212953876349362 0.22434782608695653 0.013738959764474975 0.03826086956521739
1 0.7414131501472031 0.16782608695652174 0.016683022571148183 0.026086956521739132
1 0.7605495583905789 0.14695652173913043 0.013738959764474975 0.026086956521739132
1 0.7522080471050049 0.12173913043478261 0.012757605495583905 0.02434782608695652
1 0.7836113837095191 0.1426086956521739 0.012757605495583905 0.02782608695652174
1 0.7747791952894995 0.18695652173913044 0.014720314033366044 0.036521739130434785
1 0.7929342492639843 0.20695652173913046 0.013738959764474975 0.034782608695652174
1 0.8454367026496564 0.14956521739130435 0.010794896957801765 0.02434782608695652
1 0.8366045142296369 0.1782608695652174 0.012757605495583905 0.029565217391304348
1 0.8336604514229636 0.22 0.016683022571148183 0.036521739130434785
1 0.8542688910696761 0.18695652173913044 0.012757605495583905 0.036521739130434785
1 0.8837095191364082 0.14869565217391306 0.012757605495583905 0.03304347826086956
1 0.9106967615309126 0.1808695652173913 0.013738959764474975 0.03130434782608696
1 0.9224730127576054 0.16521739130434784 0.009813542688910696 0.034782608695652174
1 0.9352306182531893 0.23478260869565218 0.013738959764474975 0.04173913043478261
1 0.8837095191364082 0.2008695652173913 0.014720314033366044 0.029565217391304348
1 0.8945044160942099 0.24608695652173915 0.010794896957801765 0.036521739130434785
1 0.9263984298331697 0.24956521739130436 0.013738959764474975 0.036521739130434785
1 0.9381746810598626 0.30521739130434783 0.017664376840039252 0.043478260869565216
1 0.9102060843964671 0.3173913043478261 0.02060843964671246 0.05739130434782609
1 0.8577036310107948 0.3026086956521739 0.017664376840039252 0.04869565217391304
1 0.8297350343473994 0.3721739130434783 0.0225711481844946 0.05565217391304348
1 0.7276741903827281 0.3695652173913044 0.030421982335623158 0.06434782608695652
1 0.6889106967615308 0.31130434782608696 0.02944062806673209 0.059130434782608696
1 0.8096172718351324 0.30782608695652175 0.01962708537782139 0.052173913043478265
1 0.8989205103042197 0.4295652173913044 0.02551521099116781 0.06956521739130435
1 0.8130520117762512 0.26956521739130435 0.016683022571148183 0.03130434782608696
1 0.7060843964671246 0.16869565217391305 0.016683022571148183 0.034782608695652174
1 0.8179587831207065 0.1782608695652174 0.016683022571148183 0.043478260869565216
1 0.6795878312070657 0.12173913043478261 0.012757605495583905 0.03130434782608696
1 0.7006869479882237 0.12695652173913044 0.011776251226692836 0.02782608695652174
1 0.6668302257114818 0.12869565217391304 0.012757605495583905 0.02434782608695652
1 0.563297350343474 0.1547826086956522 0.015701668302257114 0.03826086956521739
1 0.5368007850834151 0.14 0.013738959764474975 0.026086956521739132
1 0.5672227674190382 0.1391304347826087 0.013738959764474975 0.03130434782608696
1 0.5951913640824337 0.1547826086956522 0.016683022571148183 0.03826086956521739
1 0.41658488714425906 0.16 0.012757605495583905 0.02782608695652174
1 0.8626104023552502 0.29304347826086957 0.01962708537782139 0.04695652173913044
1 0.9371933267909714 0.21043478260869566 0.017664376840039252 0.04173913043478261
1 0.9445534838076545 0.18869565217391304 0.012757605495583905 0.03304347826086956
