1 0.9405781584582442 0.1768642447418738 0.011777301927194861 0.028680688336520075
1 0.9041755888650964 0.19789674952198852 0.009635974304068522 0.028680688336520075
1 0.933083511777302 0.21319311663479923 0.011777301927194861 0.028680688336520075
1 0.9170235546038544 0.25047801147227533 0.0139186295503212 0.04206500956022945
1 0.8800856531049251 0.23613766730401528 0.017130620985010708 0.04397705544933078
1 0.8704496788008566 0.2954110898661568 0.017130620985010708 0.05162523900573614
1 0.854389721627409 0.14818355640535372 0.010706638115631693 0.028680688336520075
1 0.8779443254817988 0.15009560229445507 0.010706638115631693 0.028680688336520075
1 0.8549250535331906 0.20076481835564053 0.016059957173447537 0.03824091778202677
1 0.8195931477516061 0.12619502868068833 0.011777301927194861 0.02294455066921606
1 0.826017130620985 0.1711281070745698 0.011777301927194861 0.03632887189292543
1 0.8078158458244111 0.1921606118546845 0.0139186295503212 0.03632887189292543
1 0.7869379014989294 0.22370936902485658 0.01284796573875803 0.03824091778202677
1 0.7906852248394005 0.130019120458891 0.009635974304068522 0.026768642447418736
1 0.8046038543897217 0.1577437858508604 0.011777301927194861 0.028680688336520075
1 0.7821199143468951 0.16252390057361377 0.0139186295503212 0.03824091778202677
1 0.771948608137045 0.16921606118546845 0.01284796573875803 0.03632887189292543
1 0.7392933618843683 0.1806883365200765 0.011777301927194861 0.028680688336520075
1 0.6970021413276232 0.17399617590822178 0.01284796573875803 0.03441682600382409
1 0.7109207708779444 0.18738049713193117 0.017130620985010708 0.04206500956022945
1 0.7125267665952891 0.23804971319311663 0.018201284796573878 0.04780114722753346
1 0.6584582441113491 0.19885277246653918 0.017130620985010708 0.04206500956022945
1 0.6338329764453962 0.2074569789674952 0.017130620985010708 0.04397705544933078
1 0.6638115631691649 0.23709369024856597 0.021413276231263385 0.04206500956022945
1 0.5952890792291221 0.22466539196940727 0.019271948608137045 0.04780114722753346
1 0.6097430406852249 0.10420650095602293 0.007494646680942184 0.021032504780114723
1 0.5974304068522485 0.1338432122370937 0.01284796573875803 0.030592734225621414
1 0.6150963597430407 0.1673040152963671 0.011777301927194861 0.028680688336520075
1 0.6472162740899358 0.14149139579349904 0.011777301927194861 0.026768642447418736
1 0.6557815845824412 0.12045889101338432 0.009635974304068522 0.02294455066921606
1 0.6916488222698073 0.11089866156787763 0.010706638115631693 0.026768642447418736
1 0.7168094218415418 0.11854684512428298 0.007494646680942184 0.02294455066921606
1 0.5711991434689507 0.12619502868068833 0.011777301927194861 0.02294455066921606
1 0.5797644539614561 0.17495219885277247 0.0139186295503212 0.03250478011472275
1 0.5251605995717346 0.12715105162523901 0.009635974304068522 0.021032504780114723
1 0.5224839400428266 0.16252390057361377 0.01284796573875803 0.030592734225621414
1 0.5385438972162742 0.1453154875717017 0.010706638115631693 0.026768642447418736
1 0.5337259100642399 0.22370936902485658 0.0139186295503212 0.03441682600382409
1 0.47537473233404715 0.2055449330783939 0.01284796573875803 0.03632887189292543
1 0.5165952890792291 0.19120458891013384 0.016059957173447537 0.03441682600382409
1 0.4973233404710921 0.12810707456978968 0.009635974304068522 0.019120458891013385
1 0.39775160599571735 0.16156787762906308 0.0139186295503212 0.028680688336520075
1 0.41702355460385443 0.1701720841300191 0.011777301927194861 0.026768642447418736
1 0.4314775160599572 0.1682600382409178 0.010706638115631693 0.026768642447418736
1 0.4486081370449679 0.1577437858508604 0.010706638115631693 0.024856596558317397
1 0.46413276231263384 0.1768642447418738 0.0139186295503212 0.028680688336520075
1 0.4668094218415418 0.13575525812619502 0.01284796573875803 0.026768642447418736
1 0.471627408993576 0.15678776290630975 0.011777301927194861 0.03441682600382409
1 0.4844753747323341 0.14435946462715105 0.011777301927194861 0.024856596558317397
1 0.4063169164882227 0.22275334608030592 0.024625267665952893 0.055449330783938815
1 0.3270877944325482 0.19598470363288717 0.0139186295503212 0.028680688336520075
1 0.35706638115631695 0.2045889101338432 0.0139186295503212 0.030592734225621414
