1 0.11368421052631579 0.398686679174484 0.035789473684210524 0.07692307692307693
1 0.321578947368421 0.2270168855534709 0.02 0.0375234521575985
1 0.3294736842105263 0.19418386491557224 0.01894736842105263 0.03564727954971857
1 0.35210526315789475 0.19418386491557224 0.017894736842105262 0.03189493433395872
1 0.4257894736842105 0.16885553470919323 0.013684210526315788 0.0300187617260788
1 0.42 0.20168855534709193 0.016842105263157894 0.03189493433395872
1 0.4421052631578947 0.14165103189493433 0.010526315789473684 0.020637898686679174
1 0.45473684210526316 0.17448405253283303 0.014736842105263158 0.0300187617260788
1 0.45210526315789473 0.20825515947467166 0.017894736842105262 0.03377110694183865
1 0.46736842105263154 0.14165103189493433 0.01894736842105263 0.039399624765478425
1 0.47736842105263155 0.1894934333958724 0.02 0.03377110694183865
1 0.48526315789473684 0.2298311444652908 0.023157894736842106 0.043151969981238276
1 0.49526315789473685 0.12570356472795496 0.013684210526315788 0.0225140712945591
1 0.5052631578947369 0.11632270168855535 0.01263157894736842 0.0225140712945591
1 0.5173684210526316 0.15572232645403378 0.022105263157894735 0.03377110694183865
1 0.541578947368421 0.17823639774859287 0.022105263157894735 0.0300187617260788
1 0.5394736842105263 0.14915572232645402 0.015789473684210527 0.03189493433395872
1 0.5568421052631579 0.16135084427767354 0.021052631578947368 0.0375234521575985
1 0.5494736842105263 0.12101313320825516 0.014736842105263158 0.024390243902439025
1 0.5842105263157895 0.11069418386491557 0.014736842105263158 0.0225140712945591
1 0.5805263157894737 0.13414634146341464 0.015789473684210527 0.028142589118198873
1 0.5921052631578947 0.15947467166979362 0.015789473684210527 0.0300187617260788
1 0.6057894736842105 0.13227016885553472 0.015789473684210527 0.03564727954971857
1 0.6073684210526316 0.09662288930581614 0.010526315789473684 0.020637898686679174
1 0.6421052631578947 0.09568480300187618 0.010526315789473684 0.0225140712945591
1 0.6310526315789473 0.1397748592870544 0.015789473684210527 0.028142589118198873
1 0.6642105263157895 0.09568480300187618 0.010526315789473684 0.01876172607879925
1 0.66 0.11163227016885553 0.01263157894736842 0.020637898686679174
1 0.6584210526315789 0.13414634146341464 0.015789473684210527 0.028142589118198873
1 0.6789473684210526 0.1200750469043152 0.010526315789473684 0.0225140712945591
1 0.7063157894736842 0.1200750469043152 0.01263157894736842 0.026266416510318948
1 0.6410526315789473 0.19418386491557224 0.01894736842105263 0.039399624765478425
1 0.7610526315789473 0.11726078799249531 0.01263157894736842 0.028142589118198873
1 0.7710526315789473 0.1275797373358349 0.013684210526315788 0.026266416510318948
1 0.7878947368421052 0.13133208255159476 0.013684210526315788 0.026266416510318948
1 0.5268421052631579 0.2673545966228893 0.022105263157894735 0.05065666041275797
1 0.5794736842105263 0.2448405253283302 0.022105263157894735 0.039399624765478425
1 0.5578947368421052 0.29080675422138835 0.02526315789473684 0.052532833020637895
1 0.851578947368421 0.14915572232645402 0.01263157894736842 0.03189493433395872
1 0.8873684210526316 0.13696060037523453 0.010526315789473684 0.026266416510318948
1 0.88 0.14915572232645402 0.01263157894736842 0.03189493433395872
1 0.9178947368421052 0.1622889305816135 0.01263157894736842 0.03189493433395872
1 0.9463157894736842 0.16885553470919323 0.01263157894736842 0.0300187617260788
1 0.8742105263157894 0.17073170731707318 0.011578947368421053 0.03377110694183865
1 0.9084210526315789 0.17917448405253283 0.014736842105263158 0.03564727954971857
1 0.9547368421052631 0.20356472795497185 0.01263157894736842 0.03564727954971857
1 0.9352631578947368 0.23639774859287055 0.022105263157894735 0.0450281425891182
1 0.9294736842105263 0.2804878048780488 0.021052631578947368 0.05065666041275797
1 0.9173684210526316 0.32926829268292684 0.022105263157894735 0.058161350844277676
1 0.63 0.28236397748592873 0.028421052631578948 0.06191369606003752
1 0.6326315789473684 0.24577861163227016 0.01894736842105263 0.0375234521575985
1 0.718421052631579 0.1529080675422139 0.015789473684210527 0.03189493433395872
1 0.7057894736842105 0.1697936210131332 0.015789473684210527 0.03189493433395872
1 0.6857894736842105 0.16416510318949343 0.015789473684210527 0.03564727954971857
1 0.6721052631578948 0.199812382739212 0.02 0.04690431519699812
1 0.6742105263157895 0.25140712945590993 0.017894736842105262 0.04878048780487805
1 0.7342105263157894 0.21388367729831145 0.02 0.0450281425891182
1 0.7621052631578947 0.14634146341463414 0.014736842105263158 0.03377110694183865
1 0.7526315789473684 0.16604127579737335 0.014736842105263158 0.03189493433395872
1 0.7773684210526316 0.18198874296435272 0.015789473684210527 0.0375234521575985
1 0.7963157894736842 0.16135084427767354 0.013684210526315788 0.03377110694183865
1 0.8331578947368421 0.16604127579737335 0.013684210526315788 0.03564727954971857
1 0.893157894736842 0.21857410881801126 0.017894736842105262 0.05065666041275797
1 0.8610526315789474 0.18855534709193245 0.016842105263157894 0.039399624765478425
1 0.8352631578947368 0.2073170731707317 0.015789473684210527 0.03564727954971857
1 0.8173684210526315 0.1894934333958724 0.013684210526315788 0.04127579737335835
1 0.7984210526315789 0.21200750469043153 0.015789473684210527 0.04878048780487805
1 0.82 0.23827392120075047 0.021052631578947368 0.04127579737335835
1 0.8710526315789473 0.2626641651031895 0.022105263157894735 0.05628517823639775
1 0.8536842105263158 0.300187617260788 0.023157894736842106 0.05628517823639775
1 0.8431578947368421 0.3517823639774859 0.027368421052631577 0.06566604127579738
1 0.8015789473684211 0.28424015009380865 0.02631578947368421 0.06191369606003752
1 0.7542105263157894 0.3771106941838649 0.030526315789473683 0.075046904315197
1 0.6989473684210527 0.3030018761726079 0.027368421052631577 0.06191369606003752
1 0.4831578947368421 0.15666041275797374 0.014736842105263158 0.028142589118198873
1 0.5321052631578947 0.1303939962476548 0.015789473684210527 0.020637898686679174
