1 0.27678571428571425 0.39433962264150946 0.05987394957983193 0.1320754716981132
1 0.3802521008403361 0.5264150943396226 0.07563025210084033 0.14339622641509434
1 0.35136554621848737 0.2169811320754717 0.026260504201680673 0.06037735849056604
1 0.40388655462184875 0.2669811320754717 0.026260504201680673 0.05849056603773585
1 0.42016806722689076 0.21037735849056605 0.021008403361344536 0.035849056603773584
1 0.46691176470588236 0.22830188679245284 0.022058823529411763 0.04150943396226415
1 0.4978991596638655 0.22075471698113208 0.02310924369747899 0.04905660377358491
1 0.5793067226890756 0.2528301886792453 0.024159663865546216 0.05660377358490566
1 0.6397058823529411 0.22830188679245284 0.0273109243697479 0.06415094339622641
1 0.5257352941176471 0.07641509433962264 0.01365546218487395 0.02830188679245283
1 0.5745798319327731 0.11226415094339623 0.01680672268907563 0.02830188679245283
1 0.6024159663865546 0.10943396226415095 0.015756302521008403 0.022641509433962266
1 0.6365546218487395 0.12075471698113208 0.010504201680672268 0.026415094339622643
1 0.6654411764705882 0.10471698113207548 0.01995798319327731 0.024528301886792454
