1 0.123125 0.33864915572232646 0.07375 0.10694183864915573
1 0.18875 0.349906191369606 0.065 0.11444652908067542
1 0.225 0.400562851782364 0.07 0.12195121951219512
1 0.28750000000000003 0.41275797373358347 0.0775 0.13133208255159476
1 0.3675 0.4446529080675422 0.09 0.1425891181988743
1 0.36125 0.33864915572232646 0.0575 0.09568480300187618
1 0.333125 0.325515947467167 0.04125 0.07692307692307693
1 0.505 0.34803001876172607 0.0625 0.11069418386491557
1 0.5075000000000001 0.2861163227016886 0.05 0.07692307692307693
1 0.563125 0.324577861163227 0.05375 0.10506566604127579
1 0.591875 0.44183864915572235 0.10125 0.17073170731707318
1 0.606875 0.37523452157598497 0.06375 0.0975609756097561
1 0.6168750000000001 0.3123827392120075 0.05625 0.08067542213883677
1 0.676875 0.2945590994371482 0.03875 0.07879924953095685
1 0.7025 0.3517823639774859 0.055 0.11069418386491557
1 0.758125 0.3893058161350844 0.07875 0.11444652908067542
1 0.7325 0.4971857410881801 0.11750000000000001 0.1951219512195122
1 0.873125 0.41369606003752346 0.09375 0.14821763602251406
1 0.9625 0.3977485928705441 0.075 0.1575984990619137
1 0.91125 0.3602251407129456 0.0525 0.1125703564727955
1 0.8143750000000001 0.33677298311444653 0.058750000000000004 0.11444652908067542
1 0.859375 0.2945590994371482 0.04625 0.07879924953095685
1 0.899375 0.300187617260788 0.04125 0.0825515947467167
1 0.943125 0.2898686679174484 0.03375 0.06566604127579738
1 0.973125 0.29831144465290804 0.03625 0.0600375234521576
