1 0.1298828125 0.650390625 0.107421875 0.16276041666666666
1 0.43359375 0.650390625 0.09375 0.12630208333333331
1 0.8447265625 0.6380208333333333 0.099609375 0.1171875
1 0.9775390625 0.4973958333333333 0.044921875 0.07552083333333333
1 0.9072265625 0.4817708333333333 0.0390625 0.05989583333333333
1 0.7939453125 0.4661458333333333 0.03515625 0.046875
1 0.8115234375 0.43815104166666663 0.02734375 0.037760416666666664
1 0.7373046875 0.4427083333333333 0.02734375 0.046875
1 0.6708984375 0.4954427083333333 0.048828125 0.07421875
1 0.64501953125 0.4466145833333333 0.0302734375 0.049479166666666664
1 0.5625 0.49283854166666663 0.046875 0.07161458333333333
1 0.5732421875 0.4524739583333333 0.03515625 0.04036458333333333
1 0.56005859375 0.4368489583333333 0.0283203125 0.04296875
1 0.3486328125 0.521484375 0.048828125 0.08723958333333333
1 0.36572265625 0.44791666666666663 0.0302734375 0.049479166666666664
1 0.259765625 0.4544270833333333 0.04296875 0.0703125
1 0.2861328125 0.462890625 0.029296875 0.03515625
1 0.16796875 0.42447916666666663 0.02734375 0.041666666666666664
1 0.125 0.46875 0.0390625 0.05208333333333333
1 0.09912109375 0.45963541666666663 0.0263671875 0.03645833333333333
1 0.06787109375 0.46875 0.0380859375 0.046875
1 0.01611328125 0.509765625 0.0302734375 0.07942708333333333
