1 0.07303370786516854 0.4381188118811881 0.04681647940074907 0.09735973597359736
1 0.25140449438202245 0.27887788778877887 0.015917602996254682 0.033003300330033
1 0.29213483146067415 0.2706270627062706 0.018726591760299626 0.0429042904290429
1 0.30290262172284643 0.25495049504950495 0.017790262172284646 0.041254125412541254
1 0.3192883895131086 0.21287128712871287 0.016853932584269662 0.033003300330033
1 0.33146067415730335 0.2400990099009901 0.02247191011235955 0.04785478547854786
1 0.34831460674157305 0.26815181518151815 0.016853932584269662 0.034653465346534656
1 0.3352059925093633 0.283003300330033 0.0149812734082397 0.034653465346534656
1 0.4297752808988764 0.2607260726072607 0.026217228464419477 0.04950495049504951
1 0.3506554307116105 0.21122112211221122 0.015917602996254682 0.036303630363036306
1 0.3693820224719101 0.21122112211221122 0.015917602996254682 0.036303630363036306
1 0.3796816479400749 0.2136963696369637 0.015917602996254682 0.034653465346534656
1 0.4002808988764045 0.20214521452145215 0.015917602996254682 0.034653465346534656
1 0.42696629213483145 0.20874587458745875 0.016853932584269662 0.034653465346534656
1 0.4105805243445693 0.1674917491749175 0.017790262172284646 0.028052805280528052
1 0.42930711610486894 0.17986798679867988 0.015917602996254682 0.036303630363036306
1 0.45880149812734083 0.21287128712871287 0.016853932584269662 0.036303630363036306
1 0.44147940074906367 0.19636963696369636 0.017790262172284646 0.033003300330033
1 0.45880149812734083 0.16336633663366337 0.0149812734082397 0.0297029702970297
1 0.46769662921348315 0.18564356435643564 0.017790262172284646 0.034653465346534656
1 0.49250936329588013 0.21947194719471946 0.028089887640449437 0.0429042904290429
1 0.5182584269662921 0.20462046204620463 0.019662921348314606 0.0429042904290429
1 0.48220973782771537 0.16006600660066006 0.013108614232209739 0.026402640264026403
1 0.45271535580524347 0.1410891089108911 0.012172284644194757 0.028052805280528052
1 0.4695692883895131 0.1485148514851485 0.012172284644194757 0.026402640264026403
1 0.48735955056179775 0.13036303630363036 0.012172284644194757 0.023102310231023104
1 0.5168539325842697 0.15264026402640266 0.0149812734082397 0.03135313531353135
1 0.5529026217228464 0.1485148514851485 0.017790262172284646 0.036303630363036306
1 0.5351123595505618 0.13366336633663367 0.014044943820224719 0.036303630363036306
1 0.5585205992509363 0.10973597359735973 0.012172284644194757 0.02145214521452145
1 0.5720973782771536 0.1773927392739274 0.018726591760299626 0.03135313531353135
1 0.5786516853932584 0.15264026402640266 0.018726591760299626 0.03135313531353135
1 0.5912921348314607 0.11798679867986799 0.014044943820224719 0.024752475247524754
1 0.5889513108614233 0.09735973597359736 0.0149812734082397 0.019801980198019802
1 0.6221910112359551 0.1311881188118812 0.014044943820224719 0.03135313531353135
1 0.6264044943820225 0.09570957095709572 0.011235955056179775 0.026402640264026403
1 0.6427902621722846 0.09900990099009901 0.012172284644194757 0.026402640264026403
1 0.6568352059925093 0.11468646864686469 0.015917602996254682 0.034653465346534656
1 0.673689138576779 0.11138613861386139 0.019662921348314606 0.034653465346534656
1 0.6952247191011236 0.09323432343234324 0.015917602996254682 0.034653465346534656
1 0.4892322097378277 0.2978547854785479 0.027153558052434457 0.054455445544554455
1 0.5463483146067416 0.2978547854785479 0.03089887640449438 0.057755775577557754
1 0.6109550561797753 0.3217821782178218 0.03651685393258427 0.06930693069306931
1 0.5660112359550562 0.24834983498349836 0.02153558052434457 0.05115511551155116
1 0.6132958801498127 0.25412541254125415 0.024344569288389514 0.052805280528052806
1 0.6095505617977528 0.19306930693069307 0.024344569288389514 0.04620462046204621
1 0.6540262172284644 0.19636963696369636 0.023408239700374533 0.04620462046204621
1 0.6596441947565543 0.1674917491749175 0.02153558052434457 0.034653465346534656
1 0.6942883895131087 0.1716171617161716 0.019662921348314606 0.039603960396039604
1 0.6914794007490637 0.14026402640264027 0.015917602996254682 0.0297029702970297
1 0.7069288389513109 0.1353135313531353 0.016853932584269662 0.0297029702970297
1 0.699438202247191 0.21699669966996699 0.02059925093632959 0.04455445544554455
1 0.6727528089887641 0.23844884488448845 0.023408239700374533 0.04785478547854786
1 0.6741573033707865 0.3201320132013201 0.03745318352059925 0.07590759075907591
1 0.7167602996254682 0.2706270627062706 0.03464419475655431 0.0627062706270627
1 0.7317415730337079 0.15594059405940594 0.019662921348314606 0.037953795379537955
1 0.7439138576779026 0.1311881188118812 0.015917602996254682 0.03135313531353135
1 0.7434456928838952 0.11386138613861387 0.0149812734082397 0.023102310231023104
1 0.7710674157303371 0.12458745874587458 0.012172284644194757 0.028052805280528052
1 0.7467228464419475 0.1971947194719472 0.019662921348314606 0.041254125412541254
1 0.7682584269662921 0.2202970297029703 0.02153558052434457 0.057755775577557754
1 0.7546816479400749 0.16419141914191418 0.016853932584269662 0.041254125412541254
1 0.7935393258426966 0.2953795379537954 0.02902621722846442 0.06930693069306931
1 0.8103932584269663 0.23597359735973597 0.02153558052434457 0.0594059405940594
1 0.7991573033707865 0.1707920792079208 0.02153558052434457 0.04455445544554455
1 0.7935393258426966 0.132013201320132 0.014044943820224719 0.033003300330033
1 0.7851123595505618 0.11716171617161716 0.014044943820224719 0.0297029702970297
1 0.8043071161048689 0.12128712871287128 0.013108614232209739 0.028052805280528052
1 0.8235018726591761 0.13861386138613863 0.015917602996254682 0.033003300330033
1 0.850187265917603 0.18151815181518152 0.018726591760299626 0.0429042904290429
1 0.851123595505618 0.1485148514851485 0.018726591760299626 0.039603960396039604
1 0.8712546816479401 0.22194719471947194 0.015917602996254682 0.05115511551155116
1 0.900749063670412 0.20132013201320131 0.02059925093632959 0.039603960396039604
1 0.9283707865168539 0.19554455445544555 0.017790262172284646 0.041254125412541254
1 0.9311797752808989 0.1551155115511551 0.017790262172284646 0.033003300330033
1 0.8984082397003745 0.1410891089108911 0.012172284644194757 0.028052805280528052
1 0.8909176029962547 0.15841584158415842 0.014044943820224719 0.033003300330033
1 0.8829588014981273 0.13943894389438943 0.0149812734082397 0.028052805280528052
