1 0.12636363636363637 0.6021798365122616 0.11818181818181818 0.16893732970027248
1 0.31545454545454543 0.5653950953678474 0.07818181818181819 0.1553133514986376
1 0.34363636363636363 0.4100817438692098 0.05454545454545454 0.09536784741144413
1 0.3463636363636364 0.167574931880109 0.05272727272727273 0.08991825613079019
1 0.4827272727272727 0.47956403269754766 0.06727272727272728 0.11989100817438691
1 0.649090909090909 0.7643051771117166 0.15636363636363637 0.21525885558583105
1 0.7727272727272727 0.5940054495912807 0.09818181818181818 0.13623978201634876
1 0.6672727272727272 0.3542234332425068 0.04727272727272727 0.07084468664850135
1 0.7263636363636363 0.33923705722070846 0.04181818181818182 0.06267029972752043
1 0.7654545454545455 0.38283378746594005 0.05454545454545454 0.08446866485013624
1 0.8218181818181818 0.34877384196185285 0.04 0.07629427792915532
1 0.8954545454545455 0.35967302452316074 0.05272727272727273 0.08174386920980926
1 0.9590909090909091 0.4359673024523161 0.07090909090909091 0.1307901907356948
