1 0.03296703296703297 0.425561797752809 0.02511773940345369 0.0646067415730337
1 0.23116169544740975 0.34129213483146065 0.016483516483516484 0.03932584269662921
1 0.25627943485086346 0.37008426966292135 0.01805337519623234 0.043539325842696625
1 0.29395604395604397 0.363061797752809 0.02119309262166405 0.04073033707865169
1 0.28532182103610676 0.30758426966292135 0.016483516483516484 0.03932584269662921
1 0.32967032967032966 0.35814606741573035 0.020408163265306124 0.042134831460674156
1 0.3512558869701727 0.32935393258426965 0.016483516483516484 0.03230337078651685
1 0.3500784929356358 0.29564606741573035 0.0141287284144427 0.03230337078651685
1 0.38265306122448983 0.26474719101123595 0.013343799058084773 0.026685393258426966
1 0.39992150706436425 0.27106741573033705 0.011773940345368918 0.03089887640449438
1 0.402668759811617 0.30196629213483145 0.017268445839874413 0.03651685393258427
1 0.4014913657770801 0.3356741573033708 0.02119309262166405 0.03932584269662921
1 0.4266091051805338 0.3110955056179775 0.016483516483516484 0.0351123595505618
1 0.43014128728414447 0.27106741573033705 0.0141287284144427 0.03651685393258427
1 0.4222919937205652 0.2443820224719101 0.012558869701726845 0.03089887640449438
1 0.44191522762951335 0.3419943820224719 0.01883830455259027 0.046348314606741575
1 0.45486656200941916 0.41362359550561795 0.027472527472527476 0.05758426966292135
1 0.4642857142857143 0.3047752808988764 0.014913657770800628 0.033707865168539325
1 0.46310832025117743 0.27247191011235955 0.012558869701726845 0.028089887640449437
1 0.4642857142857143 0.24297752808988762 0.011773940345368918 0.03089887640449438
1 0.4556514913657771 0.24367977528089887 0.008634222919937207 0.026685393258426966
1 0.49568288854003145 0.26896067415730335 0.013343799058084773 0.03230337078651685
1 0.49332810047095765 0.3181179775280899 0.019623233908948195 0.03792134831460674
1 0.5066718995290425 0.27808988764044945 0.014913657770800628 0.033707865168539325
1 0.5270800627943485 0.300561797752809 0.016483516483516484 0.033707865168539325
1 0.5208006279434851 0.3532303370786517 0.022762951334379906 0.04073033707865169
1 0.533359497645212 0.4080056179775281 0.027472527472527476 0.046348314606741575
1 0.5149136577708007 0.2542134831460674 0.012558869701726845 0.03089887640449438
1 0.5313971742543171 0.25140449438202245 0.015698587127158558 0.03651685393258427
1 0.5494505494505495 0.22331460674157302 0.01098901098901099 0.025280898876404494
1 0.5604395604395604 0.22612359550561797 0.012558869701726845 0.02247191011235955
1 0.5604395604395604 0.24648876404494383 0.012558869701726845 0.02949438202247191
1 0.565149136577708 0.26474719101123595 0.0141287284144427 0.02949438202247191
1 0.5879120879120879 0.22542134831460672 0.01098901098901099 0.02949438202247191
1 0.5926216640502355 0.21067415730337077 0.01098901098901099 0.025280898876404494
1 0.6067503924646782 0.22542134831460672 0.0141287284144427 0.03230337078651685
1 0.5851648351648352 0.24719101123595505 0.013343799058084773 0.02247191011235955
1 0.5824175824175825 0.33707865168539325 0.02197802197802198 0.0449438202247191
1 0.5820251177394035 0.39396067415730335 0.02433281004709576 0.04915730337078651
1 0.5820251177394035 0.44030898876404495 0.03218210361067504 0.05758426966292135
1 0.6173469387755103 0.46980337078651685 0.030612244897959186 0.07443820224719101
1 0.6401098901098902 0.37219101123595505 0.022762951334379906 0.05056179775280899
1 0.6283359497645212 0.3497191011235955 0.01805337519623234 0.03651685393258427
1 0.6145996860282575 0.30758426966292135 0.01883830455259027 0.03651685393258427
1 0.6212715855572999 0.23103932584269662 0.011773940345368918 0.03230337078651685
1 0.6255886970172685 0.25140449438202245 0.0141287284144427 0.03089887640449438
1 0.6499215070643642 0.22331460674157302 0.0141287284144427 0.025280898876404494
1 0.6565934065934066 0.23595505617977527 0.013343799058084773 0.028089887640449437
1 0.6726844583987441 0.22752808988764045 0.0141287284144427 0.028089887640449437
1 0.6805337519623235 0.2521067415730337 0.0141287284144427 0.03230337078651685
1 0.6699372056514914 0.3082865168539326 0.01805337519623234 0.04073033707865169
1 0.6687598116169545 0.35814606741573035 0.02197802197802198 0.0449438202247191
1 0.7036891679748823 0.4080056179775281 0.027472527472527476 0.05196629213483146
1 0.685243328100471 0.4866573033707865 0.03924646781789639 0.0800561797752809
1 0.7492150706436421 0.4318820224719101 0.027472527472527476 0.06882022471910113
1 0.7040816326530612 0.2914325842696629 0.015698587127158558 0.0351123595505618
1 0.7123233908948196 0.2584269662921348 0.016483516483516484 0.03932584269662921
1 0.7209576138147568 0.24648876404494383 0.010204081632653062 0.02949438202247191
1 0.7346938775510204 0.23314606741573032 0.0141287284144427 0.028089887640449437
1 0.7354788069073783 0.2675561797752809 0.01098901098901099 0.02949438202247191
1 0.7456828885400314 0.28651685393258425 0.0141287284144427 0.042134831460674156
1 0.7605965463108321 0.2542134831460674 0.01098901098901099 0.025280898876404494
1 0.7535321821036107 0.25140449438202245 0.012558869701726845 0.028089887640449437
1 0.793956043956044 0.27036516853932585 0.014913657770800628 0.03230337078651685
1 0.815541601255887 0.2584269662921348 0.0141287284144427 0.033707865168539325
1 0.8257456828885401 0.2816011235955056 0.0141287284144427 0.03792134831460674
1 0.8308477237048666 0.273876404494382 0.011773940345368918 0.033707865168539325
1 0.8449764521193093 0.2654494382022472 0.011773940345368918 0.03651685393258427
1 0.8638147566718996 0.2837078651685393 0.013343799058084773 0.033707865168539325
1 0.9054160125588697 0.2837078651685393 0.011773940345368918 0.02247191011235955
1 0.903061224489796 0.30969101123595505 0.013343799058084773 0.03230337078651685
1 0.8873626373626374 0.3103932584269663 0.013343799058084773 0.033707865168539325
1 0.8806907378335951 0.32935393258426965 0.012558869701726845 0.03230337078651685
1 0.8547880690737835 0.31601123595505615 0.015698587127158558 0.03651685393258427
1 0.8905023547880692 0.35252808988764045 0.019623233908948195 0.03932584269662921
1 0.8540031397174255 0.3595505617977528 0.017268445839874413 0.042134831460674156
1 0.8127943485086343 0.3202247191011236 0.014913657770800628 0.042134831460674156
1 0.7904238618524333 0.31320224719101125 0.015698587127158558 0.033707865168539325
1 0.8108320251177394 0.3384831460674157 0.01883830455259027 0.042134831460674156
1 0.8339874411302983 0.3707865168539326 0.022762951334379906 0.05337078651685393
1 0.8740188383045526 0.45856741573033705 0.02590266875981162 0.06039325842696629
1 0.8206436420722135 0.45435393258426965 0.030612244897959186 0.05196629213483146
1 0.7864992150706437 0.36095505617977525 0.02197802197802198 0.047752808988764044
1 0.7916012558869702 0.5105337078651685 0.03218210361067504 0.06601123595505617
