1 0.20933014354066987 0.5180806675938804 0.04704944178628389 0.07649513212795549
1 0.4274322169059011 0.2698191933240612 0.019138755980861243 0.041724617524339355
1 0.4270334928229665 0.21974965229485396 0.018341307814992026 0.041724617524339355
1 0.45534290271132377 0.23643949930458968 0.017543859649122806 0.036161335187760775
1 0.48604465709728867 0.31154381084840055 0.024720893141945775 0.05006954102920723
1 0.5442583732057417 0.3574408901251738 0.027910685805422646 0.04728789986091794
1 0.7288676236044657 0.18358831710709317 0.02073365231259968 0.05006954102920723
1 0.7488038277511961 0.16133518776077885 0.019138755980861243 0.03337969401947149
1 0.7220893141945773 0.14673157162726008 0.018341307814992026 0.02920723226703755
1 0.886762360446571 0.22183588317107092 0.017543859649122806 0.048678720445062586
