1 0.1516724336793541 0.32071428571428573 0.0726643598615917 0.09285714285714286
1 0.19377162629757785 0.49357142857142855 0.08073817762399077 0.11285714285714285
1 0.2773933102652826 0.5178571428571429 0.07958477508650519 0.13
1 0.4411764705882353 0.5314285714285715 0.07035755478662054 0.11142857142857143
1 0.45271049596309115 0.43285714285714283 0.04728950403690888 0.07142857142857142
1 0.5074971164936563 0.47285714285714286 0.0530565167243368 0.09142857142857143
1 0.5547866205305652 0.31642857142857145 0.050749711649365634 0.06714285714285714
1 0.5870818915801614 0.5485714285714286 0.09919261822376009 0.16857142857142857
1 0.632641291810842 0.4421428571428571 0.05651672433679354 0.07571428571428572
1 0.7179930795847751 0.505 0.08650519031141869 0.11
1 0.7641291810841984 0.4521428571428571 0.049596309111880045 0.07
1 0.734717416378316 0.36214285714285716 0.05536332179930796 0.07857142857142857
1 0.8933102652825836 0.3392857142857143 0.061130334486735875 0.09571428571428571
