1 0.3985032740879327 0.19831932773109245 0.014967259120673527 0.023529411764705882
1 0.42890551917680075 0.2605042016806723 0.023386342376052385 0.047058823529411764
1 0.45509822263797944 0.2277310924369748 0.01777362020579981 0.03529411764705882
1 0.4452759588400374 0.18151260504201683 0.01683816651075772 0.033613445378151266
1 0.4845650140318054 0.15210084033613447 0.014967259120673527 0.03529411764705882
1 0.4985968194574369 0.17899159663865546 0.01683816651075772 0.03865546218487395
1 0.5720299345182414 0.13277310924369748 0.01777362020579981 0.023529411764705882
1 0.4883068288119738 0.3008403361344538 0.022450888681010292 0.05042016806722689
1 0.5954162768942938 0.2638655462184874 0.023386342376052385 0.05042016806722689
1 0.6969130028063611 0.17647058823529413 0.01683816651075772 0.030252100840336138
1 0.7478952291861553 0.1285714285714286 0.019644527595884004 0.04537815126050421
