1 0.18039772727272727 0.4538714991762768 0.05397727272727273 0.1070840197693575
1 0.23816287878787878 0.36655683690280066 0.04450757575757576 0.1070840197693575
1 0.27698863636363635 0.20757825370675453 0.02556818181818182 0.04612850082372323
1 0.34138257575757575 0.27759472817133446 0.019886363636363636 0.044481054365733116
1 0.3560606060606061 0.2602965403624382 0.01893939393939394 0.036243822075782535
1 0.4375 0.2808896210873147 0.02840909090909091 0.051070840197693576
1 0.4237689393939394 0.22158154859967052 0.019886363636363636 0.03789126853377265
1 0.41145833333333337 0.18780889621087316 0.017992424242424244 0.032948929159802305
1 0.45217803030303033 0.22322899505766064 0.02556818181818182 0.047775947281713346
1 0.4616477272727273 0.18204283360790774 0.017992424242424244 0.03459637561779242
1 0.48295454545454547 0.19934102141680396 0.01893939393939394 0.036243822075782535
1 0.46448863636363635 0.15074135090609556 0.016098484848484848 0.02800658978583196
1 0.4791666666666667 0.15321252059308071 0.013257575757575758 0.029654036243822075
1 0.4891098484848485 0.16392092257001648 0.017992424242424244 0.03130148270181219
1 0.4928977272727273 0.13509060955518945 0.014204545454545456 0.026359143327841845
1 0.5184659090909091 0.17380560131795716 0.017992424242424244 0.03130148270181219
1 0.540719696969697 0.13920922570016475 0.017045454545454544 0.03459637561779242
1 0.5691287878787878 0.15238879736408567 0.015151515151515152 0.03130148270181219
1 0.5743371212121212 0.11614497528830313 0.016098484848484848 0.02800658978583196
1 0.5913825757575758 0.1598023064250412 0.014204545454545456 0.036243822075782535
1 0.5482954545454546 0.2042833607907743 0.02462121212121212 0.03953871499176277
1 0.4928977272727273 0.31054365733113676 0.027462121212121212 0.060955518945634266
1 0.6330492424242424 0.23805601317957167 0.029356060606060608 0.051070840197693576
1 0.6515151515151515 0.12685337726523888 0.022727272727272728 0.05271828665568369
1 0.6671401515151515 0.2504118616144975 0.02556818181818182 0.05930807248764415
1 0.6964962121212122 0.16062602965403625 0.019886363636363636 0.03789126853377265
1 0.7249053030303031 0.14827018121911037 0.016098484848484848 0.032948929159802305
1 0.7405303030303031 0.16309719934102143 0.01893939393939394 0.036243822075782535
1 0.7092803030303031 0.09555189456342669 0.013257575757575758 0.029654036243822075
1 0.7168560606060607 0.07660626029654036 0.011363636363636364 0.02800658978583196
1 0.7410037878787878 0.07413509060955518 0.014204545454545456 0.029654036243822075
1 0.7660984848484849 0.10378912685337727 0.013257575757575758 0.026359143327841845
1 0.7585227272727273 0.14332784184514002 0.015151515151515152 0.03953871499176277
1 0.7684659090909091 0.16886326194398682 0.016098484848484848 0.04118616144975289
1 0.7301136363636364 0.2784184514003295 0.03409090909090909 0.05930807248764415
1 0.7878787878787878 0.26935749588138386 0.032196969696969696 0.060955518945634266
1 0.8134469696969697 0.18204283360790774 0.01893939393939394 0.04118616144975289
1 0.828125 0.1301482701812191 0.016098484848484848 0.036243822075782535
1 0.8655303030303031 0.1787479406919275 0.015151515151515152 0.03459637561779242
1 0.8882575757575758 0.2298187808896211 0.017045454545454544 0.047775947281713346
