1 0.15900079302141157 0.31484049930651875 0.029341792228390166 0.047156726768377254
1 0.16732751784298175 0.37933425797503467 0.047581284694686754 0.09015256588072122
1 0.21887390959555908 0.28502080443828015 0.03330689928628073 0.04576976421636616
1 0.23076923076923078 0.3072122052704577 0.03330689928628073 0.056865464632454926
1 0.27557494052339415 0.25173370319001387 0.026169706582077717 0.03744798890429959
1 0.2930214115781126 0.23786407766990292 0.02775574940523394 0.04854368932038835
1 0.317208564631245 0.24271844660194175 0.03013481363996828 0.049930651872399444
1 0.34179222839016654 0.24965325936199723 0.023790642347343377 0.07212205270457697
1 0.4020618556701031 0.22122052704576978 0.022204599524187154 0.059639389736477116
1 0.4246629659000793 0.22954230235783635 0.02775574940523394 0.059639389736477116
1 0.37073750991276766 0.3640776699029126 0.046788263283108644 0.09015256588072122
1 0.36161776367961934 0.434119278779473 0.04440919904837431 0.09153952843273232
1 0.34694686756542426 0.5319001386962552 0.05313243457573354 0.10957004160887657
