1 0.03884297520661157 0.5426666666666666 0.0743801652892562 0.24266666666666667
1 0.18016528925619835 0.7186666666666667 0.16198347107438016 0.264
1 0.29421487603305785 0.592 0.12892561983471074 0.192
1 0.3785123966942149 0.8053333333333333 0.1487603305785124 0.2773333333333333
1 0.4570247933884297 0.6853333333333333 0.14049586776859505 0.19733333333333333
1 0.4661157024793388 0.5599999999999999 0.12231404958677686 0.224
1 0.5652892561983471 0.9053333333333333 0.17851239669421487 0.18933333333333333
1 0.7033057851239669 0.7986666666666666 0.1537190082644628 0.17866666666666667
1 0.7876033057851239 0.896 0.18347107438016527 0.208
1 0.88099173553719 0.7999999999999999 0.1487603305785124 0.256
1 0.9512396694214876 0.7666666666666666 0.09090909090909091 0.2533333333333333
1 0.693388429752066 0.08666666666666667 0.15702479338842976 0.16799999999999998
