1 0.05612244897959184 0.33501006036217307 0.03741496598639456 0.06237424547283703
1 0.046485260770975055 0.295774647887324 0.024943310657596373 0.044265593561368215
1 0.108843537414966 0.26760563380281693 0.022675736961451247 0.04024144869215292
1 0.30895691609977327 0.40442655935613686 0.05102040816326531 0.1006036217303823
1 0.27380952380952384 0.2233400402414487 0.021541950113378686 0.044265593561368215
1 0.30498866213151926 0.21730382293762576 0.022675736961451247 0.044265593561368215
1 0.3197278911564626 0.2183098591549296 0.022675736961451247 0.04225352112676057
1 0.3775510204081633 0.2494969818913481 0.0272108843537415 0.05633802816901409
1 0.43480725623582767 0.2525150905432596 0.030612244897959183 0.05432595573440644
1 0.39965986394557823 0.3853118712273642 0.062358276643990934 0.1348088531187123
