1 0.18456375838926173 0.3356521739130435 0.037392138063279 0.08695652173913043
1 0.37967401725790983 0.18347826086956523 0.015340364333652923 0.03304347826086956
1 0.39837008628954934 0.19130434782608696 0.016299137104506232 0.034782608695652174
1 0.39213806327900286 0.22869565217391305 0.01725790987535954 0.04
1 0.4022051773729626 0.15217391304347827 0.012464046021093 0.029565217391304348
1 0.43288590604026844 0.1956521739130435 0.012464046021093 0.03304347826086956
1 0.4520613614573346 0.23652173913043478 0.018216682646212845 0.04521739130434783
1 0.47938638542665385 0.2173913043478261 0.01725790987535954 0.04521739130434783
1 0.4568552253116011 0.1982608695652174 0.016299137104506232 0.03826086956521739
1 0.43288590604026844 0.1356521739130435 0.010546500479386385 0.02434782608695652
1 0.4424736337488015 0.15913043478260872 0.012464046021093 0.03304347826086956
1 0.45637583892617445 0.16260869565217392 0.011505273250239693 0.029565217391304348
1 0.4760306807286673 0.1756521739130435 0.014381591562799615 0.034782608695652174
1 0.5057526366251198 0.18608695652173915 0.016299137104506232 0.03826086956521739
1 0.47507190795781395 0.14695652173913043 0.012464046021093 0.026086956521739132
1 0.46883988494726747 0.13391304347826088 0.011505273250239693 0.017391304347826087
1 0.48945349952061357 0.12956521739130436 0.010546500479386385 0.026086956521739132
1 0.5023969319271332 0.10956521739130436 0.009587727708533077 0.02434782608695652
1 0.5417066155321189 0.14434782608695654 0.011505273250239693 0.02782608695652174
1 0.5536912751677852 0.1565217391304348 0.014381591562799615 0.03826086956521739
1 0.5407478427612655 0.18347826086956523 0.015340364333652923 0.036521739130434785
1 0.5805369127516778 0.12434782608695652 0.012464046021093 0.029565217391304348
1 0.5910834132310642 0.09391304347826088 0.00862895493767977 0.02434782608695652
1 0.6150527325023969 0.08869565217391305 0.00862895493767977 0.02434782608695652
1 0.6088207094918504 0.11478260869565218 0.011505273250239693 0.02782608695652174
1 0.6275167785234899 0.10956521739130436 0.010546500479386385 0.02434782608695652
1 0.6241610738255033 0.13217391304347825 0.013422818791946308 0.02782608695652174
1 0.5896452540747843 0.15739130434782608 0.015340364333652923 0.036521739130434785
1 0.5934803451581975 0.1426086956521739 0.015340364333652923 0.02782608695652174
1 0.5632790028763183 0.2669565217391304 0.020134228187919462 0.04
1 0.6131351869606902 0.24173913043478262 0.023969319271332692 0.059130434782608696
1 0.6265580057526365 0.2808695652173913 0.027804410354745925 0.05739130434782609
1 0.6428571428571428 0.21043478260869566 0.018216682646212845 0.04521739130434783
1 0.6960690316395014 0.31826086956521743 0.023010546500479387 0.08347826086956522
1 0.7301054650047938 0.2669565217391304 0.02588686481303931 0.05739130434782609
1 0.758868648130393 0.23304347826086957 0.018216682646212845 0.052173913043478265
1 0.7545541706615532 0.19478260869565217 0.019175455417066153 0.04173913043478261
1 0.7919463087248322 0.2669565217391304 0.023010546500479387 0.04695652173913044
1 0.7885906040268456 0.22 0.014381591562799615 0.036521739130434785
1 0.8360498561840843 0.3234782608695652 0.02109300095877277 0.059130434782608696
1 0.887823585810163 0.25478260869565217 0.015340364333652923 0.05391304347826087
1 0.9046021093000959 0.24521739130434783 0.016299137104506232 0.03826086956521739
1 0.8983700862895493 0.22521739130434784 0.013422818791946308 0.04
1 0.9314477468839885 0.30695652173913046 0.018216682646212845 0.050434782608695654
1 0.8408437200383508 0.2165217391304348 0.015340364333652923 0.04
1 0.9333652924256951 0.24434782608695654 0.012464046021093 0.026086956521739132
1 0.9031639501438159 0.19217391304347828 0.011505273250239693 0.036521739130434785
1 0.9405560882070949 0.14956521739130435 0.009587727708533077 0.02782608695652174
1 0.9443911792905081 0.18173913043478263 0.011505273250239693 0.029565217391304348
1 0.9592521572387344 0.1982608695652174 0.012464046021093 0.034782608695652174
1 0.8796740172579098 0.16782608695652174 0.012464046021093 0.03304347826086956
1 0.8628954937679769 0.18347826086956523 0.011505273250239693 0.03304347826086956
1 0.8302972195589645 0.16782608695652174 0.011505273250239693 0.03304347826086956
1 0.8441994247363375 0.14521739130434783 0.012464046021093 0.036521739130434785
1 0.7809204218600191 0.17652173913043478 0.012464046021093 0.03304347826086956
1 0.7670182166826461 0.15130434782608695 0.013422818791946308 0.02782608695652174
1 0.783796740172579 0.12347826086956522 0.010546500479386385 0.02434782608695652
1 0.7895493767976989 0.14956521739130435 0.012464046021093 0.034782608695652174
1 0.7171620325982742 0.1791304347826087 0.013422818791946308 0.03826086956521739
1 0.7344199424736337 0.16608695652173913 0.013422818791946308 0.03304347826086956
1 0.7444870565675934 0.12260869565217392 0.010546500479386385 0.029565217391304348
1 0.6677852348993288 0.19478260869565217 0.018216682646212845 0.03826086956521739
1 0.6639501438159155 0.08782608695652175 0.00862895493767977 0.026086956521739132
1 0.6687440076701822 0.11739130434782609 0.012464046021093 0.029565217391304348
1 0.6917545541706616 0.10434782608695653 0.010546500479386385 0.02434782608695652
1 0.7051773729626079 0.10782608695652174 0.010546500479386385 0.02782608695652174
1 0.6970278044103547 0.15217391304347827 0.013422818791946308 0.03304347826086956
