1 0.044876886417791896 0.1915807560137457 0.011914217633042096 0.03608247422680412
1 0.07426528991262907 0.4166666666666667 0.019857029388403495 0.04639175257731959
1 0.07069102462271644 0.49054982817869414 0.019062748212867353 0.05326460481099656
1 0.13502779984114377 0.5893470790378007 0.025416997617156472 0.06529209621993128
1 0.20611596505162827 0.42869415807560135 0.019857029388403495 0.06013745704467354
1 0.11834789515488482 0.2233676975945017 0.012708498808578236 0.037800687285223365
1 0.1699761715647339 0.25773195876288657 0.014297061159650515 0.041237113402061855
1 0.16243050039714058 0.17697594501718214 0.016679904686258934 0.037800687285223365
1 0.17950754567116758 0.18298969072164947 0.012708498808578236 0.03951890034364261
1 0.2382843526608419 0.2929553264604811 0.011119936457505957 0.0429553264604811
1 0.22756155679110404 0.3367697594501718 0.015091342335186655 0.054982817869415807
1 0.19817315329626686 0.12714776632302405 0.010325655281969817 0.027491408934707903
1 0.22517871326449562 0.13659793814432988 0.011914217633042096 0.029209621993127148
1 0.24185861795075456 0.10824742268041238 0.015091342335186655 0.037800687285223365
1 0.28673550436854645 0.1606529209621993 0.012708498808578236 0.03608247422680412
1 0.29070691024622713 0.18986254295532645 0.011119936457505957 0.03951890034364261
1 0.3097696584590945 0.23281786941580757 0.014297061159650515 0.03608247422680412
1 0.3419380460683082 0.19673539518900343 0.013502779984114376 0.03608247422680412
1 0.5603653693407465 0.468213058419244 0.024622716441620333 0.070446735395189
1 0.3550436854646545 0.08419243986254295 0.009531374106433677 0.03436426116838488
1 0.37609213661636215 0.17783505154639176 0.015091342335186655 0.03951890034364261
1 0.41739475774424145 0.1718213058419244 0.013502779984114376 0.03436426116838488
1 0.3951548848292295 0.08676975945017182 0.010325655281969817 0.029209621993127148
1 0.4221604447974583 0.09020618556701031 0.011914217633042096 0.02577319587628866
1 0.47617156473391575 0.06701030927835051 0.011914217633042096 0.030927835051546393
1 0.4583002382843526 0.1254295532646048 0.012708498808578236 0.030927835051546393
1 0.4682287529785544 0.16237113402061856 0.015091342335186655 0.029209621993127148
1 0.4872915011914217 0.17439862542955326 0.013502779984114376 0.029209621993127148
1 0.4821286735504368 0.23625429553264604 0.015885623510722795 0.03951890034364261
1 0.47378872120730736 0.2869415807560137 0.021445591739475772 0.037800687285223365
1 0.5579825258141382 0.3024054982817869 0.016679904686258934 0.041237113402061855
1 0.5071485305798252 0.10824742268041238 0.008737092930897538 0.020618556701030927
1 0.5190627482128674 0.08161512027491409 0.010325655281969817 0.022336769759450172
1 0.5377283558379666 0.17697594501718214 0.011119936457505957 0.030927835051546393
1 0.5659253375694996 0.1993127147766323 0.018268467037331215 0.041237113402061855
1 0.6171564733915806 0.2388316151202749 0.015885623510722795 0.03436426116838488
1 0.5671167593328038 0.13745704467353953 0.012708498808578236 0.027491408934707903
1 0.5786338363780779 0.13402061855670103 0.008737092930897538 0.024054982817869414
1 0.568308181096108 0.09450171821305842 0.010325655281969817 0.027491408934707903
1 0.6771247021445591 0.32989690721649484 0.016679904686258934 0.05154639175257732
1 0.613979348689436 0.11254295532646048 0.012708498808578236 0.02577319587628866
1 0.6401906274821286 0.14776632302405499 0.012708498808578236 0.03436426116838488
1 0.6850675138999205 0.20103092783505155 0.015091342335186655 0.030927835051546393
1 0.7037331215250198 0.16924398625429554 0.012708498808578236 0.03951890034364261
1 0.7001588562351072 0.2027491408934708 0.011914217633042096 0.03436426116838488
1 0.7005559968228753 0.26804123711340205 0.014297061159650515 0.037800687285223365
1 0.7593328038125496 0.3427835051546392 0.022239872915011914 0.04639175257731959
1 0.7279586973788721 0.23281786941580757 0.011914217633042096 0.03608247422680412
1 0.7581413820492454 0.2027491408934708 0.016679904686258934 0.030927835051546393
1 0.8030182684670373 0.23281786941580757 0.014297061159650515 0.03951890034364261
1 0.8403494837172358 0.27319587628865977 0.017474185861795076 0.05154639175257732
1 0.915409054805401 0.3642611683848797 0.02621127879269261 0.054982817869415807
1 0.4797458300238284 0.10996563573883161 0.020651310563939634 0.05154639175257732
1 0.04646544876886417 0.24828178694158076 0.013502779984114376 0.0429553264604811
