1 0.19265639165911153 0.36858974358974356 0.04442429737080689 0.08974358974358974
1 0.2842248413417951 0.21394230769230768 0.017225747960108794 0.03685897435897436
1 0.3046237533998187 0.2267628205128205 0.01813236627379873 0.03685897435897436
1 0.32230281051677245 0.2219551282051282 0.019038984587488667 0.04326923076923077
1 0.34768812330009063 0.23317307692307693 0.019038984587488667 0.046474358974358976
1 0.37080689029918407 0.24679487179487178 0.019945602901178604 0.04487179487179487
1 0.4156844968268359 0.24919871794871795 0.02085222121486854 0.046474358974358976
1 0.329102447869447 0.1778846153846154 0.01813236627379873 0.038461538461538464
1 0.35176790571169536 0.18830128205128205 0.01813236627379873 0.03685897435897436
1 0.36944696282864914 0.18349358974358973 0.019038984587488667 0.04006410256410256
1 0.38531278331822305 0.19631410256410256 0.019945602901178604 0.04006410256410256
1 0.4184043517679057 0.19471153846153846 0.019038984587488667 0.03685897435897436
1 0.44786944696282865 0.23237179487179485 0.02357207615593835 0.041666666666666664
1 0.41749773345421576 0.15865384615384615 0.017225747960108794 0.035256410256410256
1 0.4329102447869447 0.17067307692307693 0.019038984587488667 0.03685897435897436
1 0.45376246600181325 0.14503205128205127 0.017225747960108794 0.030448717948717948
1 0.46872166817769717 0.17548076923076922 0.021758839528558477 0.04006410256410256
1 0.4968268359020852 0.21634615384615383 0.02357207615593835 0.04487179487179487
1 0.5 0.17708333333333331 0.019038984587488667 0.03685897435897436
1 0.48640072529465095 0.15705128205128205 0.019038984587488667 0.035256410256410256
1 0.46826835902085223 0.12900641025641024 0.013599274705349048 0.027243589743589744
1 0.485494106980961 0.13060897435897437 0.013599274705349048 0.024038461538461536
1 0.5371713508612874 0.1778846153846154 0.017225747960108794 0.038461538461538464
1 0.5253853127833182 0.15625 0.015412511332728921 0.03685897435897436
1 0.5058930190389845 0.14102564102564102 0.012692656391659111 0.03205128205128205
1 0.5022665457842248 0.12099358974358974 0.012692656391659111 0.030448717948717948
1 0.5249320036264733 0.12099358974358974 0.014505893019038985 0.030448717948717948
1 0.5471441523118767 0.1642628205128205 0.017225747960108794 0.030448717948717948
1 0.5453309156844969 0.14022435897435898 0.013599274705349048 0.027243589743589744
1 0.5480507706255666 0.11458333333333333 0.013599274705349048 0.030448717948717948
1 0.5625566636446057 0.14583333333333331 0.011786038077969175 0.028846153846153844
1 0.5738893925657298 0.13060897435897437 0.012692656391659111 0.030448717948717948
1 0.5793291024478694 0.1794871794871795 0.021758839528558477 0.035256410256410256
1 0.5815956482320943 0.11057692307692307 0.011786038077969175 0.028846153846153844
1 0.5933816863100635 0.1298076923076923 0.013599274705349048 0.03205128205128205
1 0.6033544877606528 0.1482371794871795 0.013599274705349048 0.027243589743589744
1 0.599274705349048 0.10977564102564102 0.012692656391659111 0.030448717948717948
1 0.6201269265639165 0.14903846153846154 0.014505893019038985 0.03205128205128205
1 0.6223934723481415 0.12099358974358974 0.015412511332728921 0.027243589743589744
1 0.629193109700816 0.10897435897435898 0.012692656391659111 0.028846153846153844
1 0.6446056210335449 0.09935897435897435 0.014505893019038985 0.02564102564102564
1 0.6550317316409792 0.12740384615384615 0.015412511332728921 0.030448717948717948
1 0.6586582048957389 0.11137820512820512 0.011786038077969175 0.024038461538461536
1 0.6799637352674524 0.11939102564102563 0.012692656391659111 0.030448717948717948
1 0.6772438803263826 0.10336538461538461 0.012692656391659111 0.024038461538461536
1 0.7021758839528558 0.11057692307692307 0.013599274705349048 0.03205128205128205
1 0.499546690843155 0.27323717948717946 0.025385312783318223 0.0625
1 0.5729827742520399 0.28125 0.025385312783318223 0.05929487179487179
1 0.6033544877606528 0.31169871794871795 0.029918404351767906 0.07532051282051282
1 0.5861287398005439 0.23637820512820512 0.02629193109700816 0.052884615384615384
1 0.6196736174070716 0.24679487179487178 0.024478694469628286 0.05448717948717949
1 0.6228467815049864 0.19951923076923075 0.01813236627379873 0.04006410256410256
1 0.6636446056210336 0.2636217948717949 0.021758839528558477 0.049679487179487176
1 0.6740707162284678 0.34615384615384615 0.03173164097914778 0.07371794871794872
1 0.6681776971894833 0.1907051282051282 0.01813236627379873 0.041666666666666664
1 0.6985494106980961 0.1578525641025641 0.017225747960108794 0.04326923076923077
1 0.7116953762466002 0.1875 0.016319129646418858 0.041666666666666664
1 0.7262012692656392 0.2844551282051282 0.025385312783318223 0.056089743589743585
1 0.7280145058930191 0.21554487179487178 0.02357207615593835 0.046474358974358976
1 0.7561196736174071 0.19951923076923075 0.019945602901178604 0.046474358974358976
1 0.7375339981867634 0.14342948717948717 0.015412511332728921 0.030448717948717948
1 0.7466001813236627 0.1546474358974359 0.017225747960108794 0.03685897435897436
1 0.7520398912058024 0.13221153846153846 0.017225747960108794 0.03365384615384615
1 0.7638259292837716 0.1546474358974359 0.013599274705349048 0.03685897435897436
1 0.7792384406165005 0.13221153846153846 0.013599274705349048 0.027243589743589744
1 0.8055303717135086 0.15384615384615385 0.015412511332728921 0.028846153846153844
1 0.7887579329102448 0.21634615384615383 0.019945602901178604 0.04487179487179487
1 0.7737987307343608 0.23878205128205127 0.02085222121486854 0.05128205128205128
1 0.786038077969175 0.2876602564102564 0.021758839528558477 0.0625
1 0.7737987307343608 0.35657051282051283 0.029918404351767906 0.06570512820512821
1 0.8227561196736174 0.38381410256410253 0.03354487760652765 0.07852564102564102
1 0.829102447869447 0.30288461538461536 0.022665457842248413 0.0641025641025641
1 0.8322756119673618 0.24118589743589744 0.021758839528558477 0.052884615384615384
1 0.8563009972801451 0.2692307692307692 0.019038984587488667 0.04487179487179487
1 0.8834995466908432 0.23076923076923075 0.019038984587488667 0.04487179487179487
1 0.9170444242973708 0.33092948717948717 0.02629193109700816 0.0625
1 0.8699002719854941 0.422275641025641 0.03354487760652765 0.07852564102564102
1 0.9229374433363554 0.2860576923076923 0.02357207615593835 0.04006410256410256
1 0.9270172257479601 0.23317307692307693 0.017225747960108794 0.04006410256410256
