1 0.08958333333333333 0.3375 0.05694444444444444 0.10416666666666667
1 0.2138888888888889 0.3677083333333333 0.058333333333333334 0.09791666666666667
1 0.21319444444444446 0.509375 0.07083333333333333 0.12708333333333333
1 0.3111111111111111 0.6739583333333333 0.11388888888888889 0.18958333333333333
1 0.08472222222222223 0.8760416666666666 0.1638888888888889 0.23541666666666666
1 0.025 0.5802083333333333 0.04722222222222222 0.15625
1 0.4388888888888889 0.5510416666666667 0.08888888888888889 0.13958333333333334
1 0.5354166666666667 0.5802083333333333 0.06805555555555556 0.11458333333333333
1 0.71875 0.6260416666666666 0.14583333333333334 0.24375
1 0.5840277777777778 0.378125 0.05694444444444444 0.10625
1 0.4388888888888889 0.39479166666666665 0.06944444444444445 0.10208333333333333
1 0.35555555555555557 0.3854166666666667 0.07222222222222223 0.09166666666666666
1 0.6881944444444444 0.31875 0.06805555555555556 0.11666666666666667
1 0.9673611111111111 0.5375 0.06527777777777778 0.125
