1 0.17419038272816487 0.39361702127659576 0.05397448478900883 0.08865248226950355
1 0.3179587831207066 0.2349290780141844 0.017664376840039252 0.04078014184397163
1 0.323846908734053 0.2101063829787234 0.01962708537782139 0.03368794326241135
1 0.3493621197252208 0.20390070921985815 0.01962708537782139 0.03900709219858156
1 0.41462217860647693 0.19592198581560283 0.018645731108930322 0.04078014184397163
1 0.44111874386653577 0.21187943262411346 0.02060843964671246 0.03723404255319149
1 0.4190382728164867 0.1622340425531915 0.013738959764474975 0.03368794326241135
1 0.43081452404317955 0.17464539007092197 0.015701668302257114 0.030141843971631204
1 0.45485770363101075 0.17553191489361702 0.018645731108930322 0.035460992907801414
1 0.46516192345436697 0.15070921985815602 0.013738959764474975 0.028368794326241134
1 0.4764474975466143 0.12943262411347517 0.012757605495583905 0.028368794326241134
1 0.493621197252208 0.14450354609929078 0.011776251226692836 0.026595744680851064
1 0.49705593719332675 0.15780141843971632 0.014720314033366044 0.031914893617021274
1 0.48871442590775266 0.21453900709219859 0.01962708537782139 0.0425531914893617
1 0.4818449460255152 0.18971631205673758 0.01962708537782139 0.031914893617021274
1 0.5294406280667321 0.2712765957446808 0.0225711481844946 0.04964539007092199
1 0.507360157016683 0.1400709219858156 0.011776251226692836 0.024822695035460994
1 0.5171736997055937 0.14095744680851063 0.013738959764474975 0.03368794326241135
1 0.5166830225711482 0.11436170212765957 0.012757605495583905 0.030141843971631204
1 0.5382728164867516 0.125 0.010794896957801765 0.02304964539007092
1 0.55053974484789 0.12677304964539007 0.013738959764474975 0.030141843971631204
1 0.5402355250245339 0.15159574468085105 0.012757605495583905 0.03368794326241135
1 0.556918547595682 0.16666666666666666 0.014720314033366044 0.035460992907801414
1 0.5475956820412169 0.1906028368794326 0.017664376840039252 0.03723404255319149
1 0.57801766437684 0.1400709219858156 0.015701668302257114 0.031914893617021274
1 0.5932286555446515 0.10992907801418439 0.012757605495583905 0.024822695035460994
1 0.6251226692836114 0.09929078014184398 0.011776251226692836 0.024822695035460994
1 0.6211972522080471 0.11879432624113474 0.013738959764474975 0.028368794326241134
1 0.60549558390579 0.14627659574468085 0.013738959764474975 0.03723404255319149
1 0.5932286555446515 0.17198581560283688 0.018645731108930322 0.031914893617021274
1 0.5971540726202158 0.23847517730496454 0.018645731108930322 0.04078014184397163
1 0.5785083415112855 0.2907801418439716 0.02649656526005888 0.05319148936170213
1 0.6064769381746811 0.30407801418439717 0.033366045142296366 0.07624113475177305
1 0.6452404317958783 0.1976950354609929 0.018645731108930322 0.044326241134751775
1 0.6437684003925417 0.10106382978723404 0.011776251226692836 0.024822695035460994
1 0.6452404317958783 0.13120567375886524 0.014720314033366044 0.035460992907801414
1 0.6437684003925417 0.1453900709219858 0.015701668302257114 0.028368794326241134
1 0.6643768400392541 0.10638297872340426 0.011776251226692836 0.031914893617021274
1 0.6810598626104023 0.14184397163120566 0.013738959764474975 0.028368794326241134
1 0.689892051030422 0.12411347517730496 0.009813542688910696 0.028368794326241134
1 0.705593719332679 0.12145390070921985 0.013738959764474975 0.03368794326241135
1 0.7149165848871442 0.1702127659574468 0.014720314033366044 0.031914893617021274
1 0.6800785083415113 0.17464539007092197 0.015701668302257114 0.03723404255319149
1 0.6741903827281648 0.2154255319148936 0.015701668302257114 0.03723404255319149
1 0.6859666339548577 0.2624113475177305 0.02158979391560353 0.0425531914893617
1 0.7208047105004907 0.22872340425531915 0.0225711481844946 0.04609929078014184
1 0.7144259077526987 0.19858156028368795 0.017664376840039252 0.035460992907801414
1 0.705593719332679 0.3191489361702128 0.02944062806673209 0.06382978723404255
1 0.7600588812561334 0.125 0.014720314033366044 0.030141843971631204
1 0.7698724239450441 0.12943262411347517 0.012757605495583905 0.031914893617021274
1 0.7649656526005888 0.15070921985815602 0.012757605495583905 0.035460992907801414
1 0.7517173699705593 0.17641843971631205 0.015701668302257114 0.04078014184397163
1 0.7836113837095191 0.18351063829787234 0.016683022571148183 0.04078014184397163
1 0.7428851815505397 0.38652482269503546 0.03140333660451423 0.0673758865248227
1 0.7934249263984298 0.1347517730496454 0.016683022571148183 0.028368794326241134
1 0.803729146221786 0.16489361702127658 0.013738959764474975 0.028368794326241134
1 0.7978410206084395 0.20212765957446807 0.013738959764474975 0.0425531914893617
1 0.81648675171737 0.19237588652482268 0.013738959764474975 0.03368794326241135
1 0.8297350343473994 0.17464539007092197 0.012757605495583905 0.03368794326241135
1 0.846908734052993 0.14893617021276595 0.015701668302257114 0.031914893617021274
1 0.8611383709519136 0.1870567375886525 0.014720314033366044 0.03723404255319149
1 0.8473994111874386 0.20921985815602837 0.016683022571148183 0.04609929078014184
1 0.8135426889106967 0.2695035460992908 0.01962708537782139 0.05319148936170213
1 0.7801766437684003 0.29609929078014185 0.023552502453385672 0.06382978723404255
1 0.8346418056918546 0.35726950354609927 0.02649656526005888 0.06560283687943262
1 0.8562315996074582 0.3102836879432624 0.02060843964671246 0.05673758865248227
1 0.8832188420019627 0.22606382978723405 0.015701668302257114 0.044326241134751775
1 0.8738959764474975 0.1879432624113475 0.012757605495583905 0.028368794326241134
1 0.8876349362119724 0.149822695035461 0.012757605495583905 0.030141843971631204
1 0.8861629048086358 0.16666666666666666 0.015701668302257114 0.031914893617021274
1 0.8925417075564278 0.20301418439716312 0.016683022571148183 0.044326241134751775
1 0.8945044160942099 0.1870567375886525 0.014720314033366044 0.03368794326241135
1 0.916584887144259 0.17198581560283688 0.011776251226692836 0.031914893617021274
1 0.923945044160942 0.17553191489361702 0.014720314033366044 0.0425531914893617
1 0.9499509322865554 0.1728723404255319 0.015701668302257114 0.03368794326241135
1 0.9401373895976447 0.19858156028368795 0.013738959764474975 0.035460992907801414
1 0.9435721295387635 0.23581560283687944 0.016683022571148183 0.0425531914893617
1 0.9244357212953875 0.23847517730496454 0.017664376840039252 0.04078014184397163
1 0.9332679097154072 0.28723404255319146 0.02158979391560353 0.06028368794326241
1 0.8802747791952894 0.2845744680851064 0.01962708537782139 0.054964539007092195
1 0.9249263984298332 0.374113475177305 0.02453385672227674 0.0673758865248227
1 0.901864573110893 0.42109929078014185 0.03140333660451423 0.07624113475177305
