1 0.0140625 0.30117647058823527 0.025 0.09411764705882353
1 0.1125 0.3117647058823529 0.046875 0.08235294117647059
1 0.1921875 0.4341176470588235 0.10625000000000001 0.18588235294117644
1 0.2578125 0.328235294117647 0.043750000000000004 0.08705882352941176
1 0.32890625 0.3717647058823529 0.0546875 0.10352941176470587
1 0.415625 0.3364705882352941 0.040625 0.07058823529411765
1 0.47734375 0.3670588235294117 0.045312500000000006 0.07058823529411765
1 0.52265625 0.4705882352941176 0.1015625 0.16941176470588235
1 0.5078125 0.34117647058823525 0.03125 0.06117647058823529
1 0.6273437500000001 0.36588235294117644 0.0421875 0.08235294117647059
1 0.7039062500000001 0.3729411764705882 0.035937500000000004 0.0588235294117647
1 0.7359375 0.44235294117647056 0.065625 0.11294117647058823
1 0.8187500000000001 0.38235294117647056 0.034375 0.07294117647058823
1 0.9187500000000001 0.3905882352941176 0.03125 0.07058823529411765
1 0.9851562500000001 0.4117647058823529 0.029687500000000002 0.09411764705882353
