1 0.8448139350752177 0.26180555555555557 0.00791765637371338 0.02638888888888889
1 0.8634204275534442 0.2826388888888889 0.013460015835312747 0.034722222222222224
1 0.8606492478226444 0.3236111111111111 0.012668250197941409 0.03888888888888889
1 0.8764845605700712 0.3284722222222222 0.012668250197941409 0.0375
1 0.9034045922406967 0.28402777777777777 0.009501187648456057 0.02638888888888889
1 0.9022169437846397 0.3076388888888889 0.010292953285827395 0.029166666666666667
1 0.8899445764053839 0.3229166666666667 0.011084718923198733 0.034722222222222224
1 0.9049881235154393 0.3701388888888889 0.01583531274742676 0.05416666666666667
1 0.881631037212985 0.4652777777777778 0.026128266033254157 0.058333333333333334
1 0.8321456848772762 0.37430555555555556 0.02058590657165479 0.05416666666666667
1 0.839667458432304 0.35347222222222224 0.018210609659540775 0.04861111111111111
1 0.8186856690419635 0.46111111111111114 0.025336500395882817 0.05555555555555556
1 0.7878068091844813 0.4826388888888889 0.022169437846397466 0.0625
1 0.7842438638163103 0.36180555555555555 0.018210609659540775 0.04583333333333334
1 0.7949326999208234 0.3423611111111111 0.01583531274742676 0.04583333333333334
1 0.8083927157561361 0.3111111111111111 0.014251781472684084 0.03888888888888889
1 0.8127474267616785 0.2576388888888889 0.011876484560570071 0.029166666666666667
1 0.8242280285035629 0.28125 0.011084718923198733 0.034722222222222224
1 0.833729216152019 0.27708333333333335 0.011084718923198733 0.034722222222222224
1 0.7933491686460807 0.28402777777777777 0.012668250197941409 0.0375
1 0.785827395091053 0.29930555555555555 0.015043547110055422 0.0375
1 0.733174980205859 0.23541666666666666 0.009501187648456057 0.029166666666666667
1 0.7367379255740301 0.2638888888888889 0.010292953285827395 0.02777777777777778
1 0.7470308788598574 0.2847222222222222 0.011876484560570071 0.03888888888888889
1 0.7553444180522565 0.25 0.009501187648456057 0.02777777777777778
1 0.7715756136183689 0.25 0.011876484560570071 0.02777777777777778
1 0.6733966745843231 0.22708333333333333 0.010292953285827395 0.02361111111111111
1 0.6777513855898654 0.26180555555555557 0.012668250197941409 0.03194444444444445
1 0.6872525732383215 0.3027777777777778 0.01583531274742676 0.03888888888888889
1 0.7090261282660332 0.25277777777777777 0.010292953285827395 0.030555555555555558
1 0.7133808392715756 0.2673611111111111 0.011084718923198733 0.029166666666666667
1 0.6460807600950118 0.2847222222222222 0.014251781472684084 0.036111111111111115
1 0.6532066508313539 0.23333333333333334 0.009501187648456057 0.02777777777777778
1 0.6397466349960411 0.22430555555555556 0.009501187648456057 0.02361111111111111
1 0.6607284243863816 0.3201388888888889 0.0166270783847981 0.0375
1 0.6631037212984956 0.36875 0.018210609659540775 0.04861111111111111
1 0.6912114014251781 0.41944444444444445 0.025336500395882817 0.0638888888888889
1 0.6167854315122724 0.23125 0.011084718923198733 0.02638888888888889
1 0.6175771971496437 0.2569444444444445 0.014251781472684084 0.030555555555555558
1 0.5894695170229611 0.21180555555555555 0.008709422011084718 0.02361111111111111
1 0.5819477434679334 0.23333333333333334 0.009501187648456057 0.025
1 0.5807600950118764 0.2534722222222222 0.010292953285827395 0.02361111111111111
1 0.5558194774346793 0.22291666666666668 0.009501187648456057 0.02361111111111111
1 0.5395882818685669 0.23125 0.008709422011084718 0.02361111111111111
1 0.56215360253365 0.2673611111111111 0.011084718923198733 0.03194444444444445
1 0.5534441805225653 0.2881944444444445 0.014251781472684084 0.034722222222222224
1 0.5791765637371338 0.33819444444444446 0.018210609659540775 0.043055555555555555
1 0.6128266033254156 0.3111111111111111 0.01583531274742676 0.036111111111111115
1 0.5285035629453682 0.25 0.013460015835312747 0.02777777777777778
1 0.509501187648456 0.2569444444444445 0.011876484560570071 0.03333333333333333
1 0.49129057798891523 0.27361111111111114 0.015043547110055422 0.03333333333333333
1 0.44457640538400633 0.25277777777777777 0.010292953285827395 0.02777777777777778
1 0.4893111638954869 0.3215277777777778 0.014251781472684084 0.04027777777777778
1 0.42874109263657956 0.2701388888888889 0.013460015835312747 0.03194444444444445
1 0.43586698337292157 0.34444444444444444 0.0166270783847981 0.044444444444444446
1 0.391132224861441 0.3055555555555556 0.011084718923198733 0.02777777777777778
1 0.4168646080760095 0.25277777777777777 0.010292953285827395 0.025
1 0.39509105304829767 0.3506944444444445 0.02058590657165479 0.043055555555555555
1 0.37094220110847187 0.3402777777777778 0.015043547110055422 0.036111111111111115
1 0.339667458432304 0.30347222222222225 0.014251781472684084 0.03194444444444445
1 0.3250197941409343 0.3625 0.01979414093428345 0.04722222222222222
1 0.24980205859065716 0.36597222222222225 0.0166270783847981 0.043055555555555555
1 0.2862232779097387 0.36458333333333337 0.018210609659540775 0.04027777777777778
1 0.2743467933491686 0.3159722222222222 0.015043547110055422 0.03194444444444445
1 0.2173396674584323 0.3472222222222222 0.015043547110055422 0.03333333333333333
1 0.45249406175771967 0.3215277777777778 0.0166270783847981 0.034722222222222224
1 0.5249406175771971 0.3597222222222222 0.019002375296912115 0.05277777777777778
1 0.45170229612034835 0.4201388888888889 0.021377672209026127 0.05694444444444444
1 0.5075217735550277 0.44236111111111115 0.030087094220110844 0.05416666666666667
1 0.5665083135391924 0.45 0.027711797307996833 0.0638888888888889
1 0.5665083135391924 0.3944444444444445 0.022961203483768802 0.05
1 0.7466349960411718 0.43680555555555556 0.023752969121140142 0.059722222222222225
1 0.6761678543151227 0.5437500000000001 0.03167062549485352 0.07361111111111111
1 0.6163895486935866 0.4756944444444445 0.026128266033254157 0.06527777777777778
1 0.6377672209026128 0.3729166666666667 0.021377672209026127 0.05694444444444444
1 0.45051464766429133 0.24305555555555555 0.009501187648456057 0.022222222222222223
1 0.4996041171813143 0.28541666666666665 0.01583531274742676 0.034722222222222224
1 0.3345209817893903 0.3451388888888889 0.0166270783847981 0.03194444444444445
1 0.12945368171021376 0.53125 0.03721298495645289 0.0763888888888889
