1 0.8958333333333333 0.25768667642752563 0.010416666666666666 0.029282576866764276
1 0.865017361111111 0.25988286969253294 0.013020833333333332 0.03367496339677892
1 0.87890625 0.2657393850658858 0.013020833333333332 0.027818448023426062
1 0.8776041666666666 0.27891654465592974 0.013888888888888888 0.03367496339677892
1 0.87109375 0.3235724743777453 0.014756944444444444 0.03806734992679356
1 0.8940972222222222 0.3389458272327965 0.017361111111111112 0.048316251830161056
1 0.9270833333333333 0.2986822840409956 0.012152777777777776 0.029282576866764276
1 0.9214409722222222 0.3235724743777453 0.013020833333333332 0.03513909224011713
1 0.9453125 0.32430453879941434 0.013888888888888888 0.03953147877013177
1 0.9605034722222222 0.37554904831625185 0.016493055555555556 0.04538799414348463
1 0.9678819444444444 0.30380673499267935 0.012152777777777776 0.03074670571010249
1 0.8871527777777777 0.4011713030746706 0.026041666666666664 0.055636896046852125
1 0.943142361111111 0.48462664714494874 0.02690972222222222 0.06734992679355783
1 0.87109375 0.4670571010248902 0.028645833333333332 0.05856515373352855
1 0.8446180555555555 0.5153733528550513 0.029513888888888888 0.07027818448023426
1 0.7973090277777777 0.43704245973645683 0.0234375 0.0629575402635432
1 0.8342013888888888 0.3616398243045388 0.01909722222222222 0.04685212298682284
1 0.8472222222222222 0.34480234260614934 0.017361111111111112 0.04538799414348463
1 0.8346354166666666 0.30014641288433386 0.013020833333333332 0.03513909224011713
1 0.8285590277777777 0.2430453879941435 0.013020833333333332 0.029282576866764276
1 0.7769097222222222 0.232796486090776 0.012152777777777776 0.029282576866764276
1 0.7495659722222222 0.24231332357247437 0.013020833333333332 0.03074670571010249
1 0.7591145833333333 0.2554904831625183 0.014756944444444444 0.03953147877013177
1 0.7981770833333333 0.2445095168374817 0.011284722222222222 0.029282576866764276
1 0.7886284722222222 0.28843338213762815 0.014756944444444444 0.03513909224011713
1 0.7183159722222222 0.25988286969253294 0.013020833333333332 0.03367496339677892
1 0.7261284722222222 0.30014641288433386 0.016493055555555556 0.040995607613469986
1 0.6783854166666666 0.20937042459736457 0.011284722222222222 0.02635431918008785
1 0.6953125 0.21815519765739386 0.010416666666666666 0.02635431918008785
1 0.6901041666666666 0.22840409956076135 0.012152777777777776 0.029282576866764276
1 0.6801215277777778 0.2825768667642753 0.016493055555555556 0.03806734992679356
1 0.6944444444444444 0.3162518301610542 0.022569444444444444 0.043923865300146414
1 0.6440972222222222 0.3052708638360176 0.017361111111111112 0.03953147877013177
1 0.6532118055555555 0.36530014641288433 0.019965277777777776 0.05124450951683748
1 0.6749131944444444 0.3784773060029283 0.021701388888888888 0.0629575402635432
1 0.7026909722222222 0.36676427525622257 0.021701388888888888 0.05417276720351391
1 0.6059027777777778 0.335285505124451 0.020833333333333332 0.04978038067349927
1 0.6514756944444444 0.2547584187408492 0.014756944444444444 0.03806734992679356
1 0.6193576388888888 0.19765739385065886 0.011284722222222222 0.020497803806734993
1 0.6176215277777778 0.22620790629575405 0.011284722222222222 0.024890190336749635
1 0.6480034722222222 0.2225475841874085 0.013020833333333332 0.02635431918008785
1 0.609375 0.25036603221083453 0.013888888888888888 0.029282576866764276
1 0.572048611111111 0.21815519765739386 0.010416666666666666 0.02342606149341142
1 0.578125 0.24816983894582723 0.013888888888888888 0.03074670571010249
1 0.5607638888888888 0.2781844802342606 0.01909722222222222 0.040995607613469986
1 0.5425347222222222 0.2540263543191801 0.017361111111111112 0.03074670571010249
1 0.5217013888888888 0.24231332357247437 0.013888888888888888 0.03367496339677892
1 0.5086805555555556 0.27013177159590046 0.012152777777777776 0.03074670571010249
1 0.5208333333333333 0.2781844802342606 0.015625 0.03513909224011713
1 0.5399305555555556 0.36749633967789164 0.022569444444444444 0.04978038067349927
1 0.5421006944444444 0.41947291361639827 0.028645833333333332 0.0629575402635432
1 0.4717881944444444 0.4114202049780381 0.03211805555555555 0.07320644216691069
1 0.5065104166666666 0.328696925329429 0.016493055555555556 0.03367496339677892
1 0.4661458333333333 0.3191800878477306 0.020833333333333332 0.03806734992679356
1 0.4270833333333333 0.26061493411420206 0.010416666666666666 0.02635431918008785
1 0.453125 0.26207906295754024 0.013888888888888888 0.032210834553440704
1 0.46484375 0.27013177159590046 0.013020833333333332 0.03074670571010249
1 0.46484375 0.2430453879941435 0.013020833333333332 0.029282576866764276
1 0.38671875 0.26207906295754024 0.013020833333333332 0.029282576866764276
1 0.40234375 0.3089311859443631 0.014756944444444444 0.032210834553440704
1 0.4097222222222222 0.3308931185944363 0.020833333333333332 0.03806734992679356
1 0.44748263888888884 0.3484626647144949 0.0234375 0.043923865300146414
1 0.3797743055555555 0.34333821376281115 0.019965277777777776 0.0424597364568082
1 0.3450520833333333 0.30014641288433386 0.014756944444444444 0.032210834553440704
1 0.3485243055555555 0.33382137628111275 0.016493055555555556 0.03806734992679356
1 0.2743055555555555 0.3184480234260615 0.013888888888888888 0.03367496339677892
1 0.2738715277777778 0.38726207906295756 0.019965277777777776 0.0424597364568082
1 0.3103298611111111 0.3931185944363104 0.019965277777777776 0.04538799414348463
1 0.21137152777777776 0.34773060029282576 0.014756944444444444 0.036603221083455345
1 0.24305555555555555 0.376281112737921 0.01909722222222222 0.04978038067349927
1 0.12456597222222221 0.5571010248901903 0.035590277777777776 0.0746705710102489
1 0.6245659722222222 0.3828696925329429 0.019965277777777776 0.04538799414348463
1 0.5967881944444444 0.46193265007320644 0.028645833333333332 0.06881405563689605
1 0.6414930555555555 0.48535871156661786 0.029513888888888888 0.0629575402635432
1 0.7174479166666666 0.5424597364568082 0.03211805555555555 0.07759882869692533
1 0.734375 0.4128843338213763 0.026041666666666664 0.05856515373352855
1 0.5824652777777778 0.21742313323572476 0.012152777777777776 0.021961932650073207
