1 0.1740909090909091 0.20840064620355414 0.022727272727272728 0.035541195476575124
1 0.18363636363636363 0.2431340872374798 0.02 0.05654281098546042
1 0.20136363636363636 0.37883683360258485 0.04454545454545455 0.1050080775444265
1 0.2909090909090909 0.2189014539579968 0.023636363636363636 0.030694668820678516
1 0.30272727272727273 0.17609046849757676 0.01818181818181818 0.03231017770597738
1 0.3922727272727273 0.1938610662358643 0.013636363636363636 0.035541195476575124
1 0.40454545454545454 0.19628432956381262 0.016363636363636365 0.037156704361873995
1 0.4168181818181818 0.2172859450726979 0.02090909090909091 0.04361873990306947
1 0.5672727272727273 0.1631663974151858 0.025454545454545455 0.051696284329563816
1 0.6086363636363636 0.09935379644588045 0.01 0.017770597738287562
1 0.6554545454545454 0.11712439418416802 0.016363636363636365 0.02746365105008078
1 0.7527272727272727 0.14135702746365106 0.014545454545454545 0.024232633279483037
1 0.7677272727272727 0.14781906300484654 0.011818181818181818 0.02746365105008078
1 0.82 0.2617124394184168 0.02 0.048465266558966075
1 0.8672727272727273 0.1938610662358643 0.014545454545454545 0.03231017770597738
1 0.9395454545454546 0.1825525040387722 0.013636363636363636 0.03231017770597738
1 0.8886363636363637 0.2536348949919225 0.019090909090909092 0.035541195476575124
1 0.9186363636363636 0.252827140549273 0.017272727272727273 0.037156704361873995
