1 0.1078125 0.4121951219512195 0.040625 0.07804878048780488
1 0.1484375 0.49878048780487805 0.040625 0.07560975609756097
1 0.09453125000000001 0.7475609756097561 0.045312500000000006 0.08048780487804878
1 0.18046875 0.7585365853658537 0.0328125 0.06829268292682927
1 0.25625000000000003 0.7548780487804878 0.037500000000000006 0.06097560975609756
1 0.2234375 0.5085365853658537 0.037500000000000006 0.05121951219512195
1 0.2609375 0.35853658536585364 0.034375 0.05365853658536585
1 0.2828125 0.552439024390244 0.034375 0.05609756097560976
1 0.31796875 0.5036585365853659 0.0234375 0.05121951219512195
1 0.35546875 0.5195121951219512 0.0328125 0.06829268292682927
1 0.39687500000000003 0.4792682926829268 0.028125 0.06097560975609756
1 0.43203125000000003 0.4841463414634146 0.029687500000000002 0.06097560975609756
1 0.43203125000000003 0.5475609756097561 0.0328125 0.06097560975609756
1 0.48671875000000003 0.5036585365853659 0.029687500000000002 0.06585365853658537
1 0.503125 0.5231707317073171 0.034375 0.05609756097560976
1 0.56875 0.5280487804878049 0.034375 0.06097560975609756
1 0.5578125 0.46219512195121953 0.034375 0.06097560975609756
1 0.55 0.3548780487804878 0.025 0.06585365853658537
1 0.6078125000000001 0.4524390243902439 0.025 0.05121951219512195
1 0.484375 0.35365853658536583 0.03125 0.058536585365853655
1 0.6585937500000001 0.4719512195121951 0.035937500000000004 0.06097560975609756
1 0.7234375000000001 0.4475609756097561 0.028125 0.06585365853658537
1 0.76328125 0.4426829268292683 0.0328125 0.05609756097560976
1 0.77265625 0.3780487804878049 0.029687500000000002 0.05365853658536585
1 0.8500000000000001 0.47804878048780486 0.040625 0.07317073170731707
1 0.9164062500000001 0.7426829268292683 0.0421875 0.09024390243902439
1 0.78828125 0.7304878048780488 0.0421875 0.06585365853658537
1 0.7171875000000001 0.7670731707317073 0.037500000000000006 0.06585365853658537
1 0.6820312500000001 0.7658536585365854 0.035937500000000004 0.06341463414634146
1 0.6984375 0.6817073170731708 0.034375 0.06585365853658537
1 0.640625 0.5536585365853659 0.043750000000000004 0.06341463414634146
1 0.7523437500000001 0.5439024390243903 0.0328125 0.06341463414634146
1 0.6125 0.7658536585365854 0.034375 0.06829268292682927
1 0.5554687500000001 0.7609756097560976 0.0421875 0.07317073170731707
1 0.478125 0.7463414634146341 0.043750000000000004 0.07804878048780488
1 0.4140625 0.7402439024390244 0.043750000000000004 0.07073170731707316
1 0.3171875 0.7560975609756098 0.040625 0.06341463414634146
