1 0.1727129337539432 0.3734525447042641 0.0362776025236593 0.06464924346629987
1 0.16443217665615142 0.33837689133425036 0.027602523659305992 0.04126547455295736
1 0.22318611987381703 0.31017881705639616 0.033123028391167195 0.05364511691884457
1 0.23186119873817035 0.26753782668500686 0.025236593059936908 0.03988995873452545
1 0.2811514195583596 0.24552957359009628 0.01971608832807571 0.037138927097661624
1 0.34936908517350157 0.515130674002751 0.0583596214511041 0.10041265474552957
1 0.36514195583596215 0.4436038514442916 0.04889589905362776 0.07840440165061899
1 0.32689274447949523 0.34456671251719395 0.04022082018927445 0.07840440165061899
1 0.3024447949526814 0.22145804676753783 0.022870662460567823 0.04676753782668501
1 0.32373817034700314 0.2407152682255846 0.01971608832807571 0.04676753782668501
1 0.35173501577287064 0.23383768913342504 0.02365930599369085 0.04951856946354883
1 0.37657728706624605 0.2200825309491059 0.027602523659305992 0.055020632737276476
1 0.3974763406940063 0.21389270976616231 0.025236593059936908 0.048143053645116916
