1 0.07890625000000001 0.66015625 0.06875 0.11406250000000001
1 0.23398437500000002 0.259375 0.01171875 0.043750000000000004
1 0.24921875000000002 0.26875 0.018750000000000003 0.05
1 0.28828125 0.23125 0.0140625 0.028125
1 0.3046875 0.2484375 0.0140625 0.037500000000000006
1 0.32109375 0.20234375000000002 0.0171875 0.0390625
1 0.34687500000000004 0.215625 0.0140625 0.046875
1 0.38046875 0.2578125 0.015625 0.037500000000000006
1 0.35781250000000003 0.22265625 0.0140625 0.0421875
1 0.37617187500000004 0.19375 0.013281250000000001 0.021875000000000002
1 0.405859375 0.18046875 0.01171875 0.035937500000000004
1 0.44062500000000004 0.19921875 0.0140625 0.0328125
1 0.40937500000000004 0.23515625 0.0171875 0.035937500000000004
1 0.446875 0.2890625 0.018750000000000003 0.05
1 0.483984375 0.23359375000000002 0.017968750000000002 0.0390625
1 0.50703125 0.20078125000000002 0.0125 0.0328125
1 0.539453125 0.22734375 0.01953125 0.035937500000000004
1 0.44257812500000004 0.1625 0.01640625 0.025
1 0.46406250000000004 0.1640625 0.0140625 0.028125
1 0.487890625 0.1703125 0.01171875 0.037500000000000006
1 0.5046875000000001 0.15546875000000002 0.0140625 0.0328125
1 0.52578125 0.16328125000000002 0.0140625 0.0328125
1 0.5652343750000001 0.1421875 0.01171875 0.034375
1 0.587890625 0.13671875 0.01171875 0.0390625
1 0.606640625 0.12734375 0.01171875 0.0328125
1 0.6359375 0.12890625 0.0125 0.0390625
1 0.661328125 0.14375000000000002 0.013281250000000001 0.037500000000000006
1 0.6195312500000001 0.16718750000000002 0.0125 0.03125
1 0.586328125 0.2015625 0.017968750000000002 0.037500000000000006
1 0.6117187500000001 0.20859375000000002 0.018750000000000003 0.029687500000000002
1 0.625 0.28125 0.025 0.05
1 0.5808593750000001 0.32265625000000003 0.01953125 0.0390625
1 0.60546875 0.36562500000000003 0.021875000000000002 0.05
1 0.66171875 0.37734375000000003 0.018750000000000003 0.0546875
1 0.73046875 0.38359375 0.0234375 0.0578125
1 0.80078125 0.43281250000000004 0.026562500000000003 0.059375000000000004
1 0.8671875 0.49062500000000003 0.0234375 0.059375000000000004
1 0.884375 0.38984375000000004 0.0171875 0.0546875
1 0.9382812500000001 0.41250000000000003 0.021875000000000002 0.05625
1 0.971875 0.34921875 0.0140625 0.0421875
1 0.9476562500000001 0.35625 0.0171875 0.040625
1 0.9261718750000001 0.31875000000000003 0.014843750000000001 0.046875
1 0.8679687500000001 0.3015625 0.0203125 0.040625
1 0.810546875 0.31015625 0.01953125 0.051562500000000004
1 0.75703125 0.28359375000000003 0.015625 0.045312500000000006
1 0.72265625 0.25390625 0.0171875 0.045312500000000006
1 0.6671875 0.24531250000000002 0.0171875 0.034375
1 0.701171875 0.21171875 0.01015625 0.045312500000000006
1 0.663671875 0.18359375 0.01953125 0.035937500000000004
1 0.69140625 0.15390625000000002 0.015625 0.0328125
1 0.7210937500000001 0.15625 0.0125 0.037500000000000006
1 0.7445312500000001 0.22421875000000002 0.0171875 0.051562500000000004
1 0.784765625 0.203125 0.014843750000000001 0.040625
1 0.780859375 0.16562500000000002 0.01171875 0.03125
1 0.81015625 0.1859375 0.009375000000000001 0.034375
1 0.8269531250000001 0.225 0.01171875 0.046875
1 0.794140625 0.253125 0.022656250000000003 0.034375
1 0.8617187500000001 0.225 0.0125 0.037500000000000006
1 0.880859375 0.23203125000000002 0.013281250000000001 0.029687500000000002
1 0.9031250000000001 0.21796875000000002 0.0125 0.035937500000000004
1 0.9500000000000001 0.23750000000000002 0.0125 0.040625
1 0.978515625 0.24765625000000002 0.01171875 0.0328125
1 0.9753906250000001 0.29921875000000003 0.01640625 0.0421875
1 0.9281250000000001 0.25859375 0.0125 0.0421875
1 0.887890625 0.27187500000000003 0.02109375 0.043750000000000004
1 0.903515625 0.25078125 0.014843750000000001 0.0390625
1 0.751953125 0.18828125 0.01640625 0.029687500000000002
1 0.85703125 0.35390625000000003 0.018750000000000003 0.045312500000000006
1 0.5437500000000001 0.16875 0.0140625 0.034375
1 0.568359375 0.1546875 0.014843750000000001 0.040625
1 0.5925781250000001 0.1765625 0.017968750000000002 0.043750000000000004
1 0.83203125 0.2109375 0.0140625 0.046875
