1 0.5375 0.5698324022346368 0.075 0.1564245810055866
1 0.2520833333333333 0.2532588454376164 0.022916666666666665 0.0595903165735568
1 0.3255208333333333 0.19925512104283055 0.015625 0.0297951582867784
1 0.3796875 0.164804469273743 0.015625 0.024208566108007448
1 0.3927083333333333 0.21973929236499068 0.025 0.040968342644320296
1 0.42083333333333334 0.21973929236499068 0.014583333333333334 0.037243947858473
1 0.4453125 0.2346368715083799 0.015625 0.0335195530726257
1 0.4671875 0.15735567970204842 0.015625 0.03165735567970205
1 0.4744791666666667 0.17132216014897578 0.015625 0.0260707635009311
1 0.5182291666666666 0.19646182495344505 0.021875 0.03910614525139665
1 0.5541666666666667 0.20297951582867785 0.022916666666666665 0.0335195530726257
1 0.6776041666666667 0.12942271880819367 0.019791666666666666 0.054003724394785846
1 0.6328125 0.16387337057728119 0.026041666666666668 0.037243947858473
1 0.6317708333333333 0.25977653631284914 0.02395833333333333 0.061452513966480445
1 0.7067708333333333 0.1564245810055866 0.019791666666666666 0.048417132216014895
1 0.7432291666666666 0.1787709497206704 0.019791666666666666 0.0446927374301676
1 0.7802083333333333 0.1945996275605214 0.01875 0.03910614525139665
1 0.834375 0.2579143389199255 0.022916666666666665 0.03910614525139665
1 0.9265625 0.27281191806331473 0.021875 0.042830540037243944
1 0.95 0.20391061452513967 0.0125 0.03910614525139665
1 0.578125 0.12756052141527002 0.0125 0.024208566108007448
