1 0.321875 0.371536523929471 0.1125 0.1486146095717884
1 0.21640625000000002 0.22921914357682618 0.07968750000000001 0.12090680100755667
1 0.14375000000000002 0.17884130982367757 0.06875 0.10075566750629722
1 0.18906250000000002 0.14105793450881612 0.07187500000000001 0.10075566750629722
1 0.34609375000000003 0.030226700251889168 0.045312500000000006 0.055415617128463476
1 0.38828125 0.163727959697733 0.0578125 0.10075566750629722
1 0.49140625000000004 0.20906801007556675 0.0703125 0.12594458438287154
1 0.60703125 0.27581863979848864 0.09843750000000001 0.14357682619647355
1 0.53671875 0.43828715365239296 0.1265625 0.24181360201511334
1 0.7640625000000001 0.2808564231738035 0.109375 0.1889168765743073
1 0.87265625 0.21662468513853902 0.0765625 0.14105793450881612
