1 0.13560111835973904 0.28725165562913907 0.0195712954333644 0.0380794701986755
1 0.3699906803355079 0.22847682119205298 0.0260950605778192 0.059602649006622516
1 0.4091332712022367 0.19701986754966888 0.020503261882572225 0.039735099337748346
1 0.43336439888164024 0.25496688741721857 0.024231127679403542 0.04966887417218543
1 0.4002795899347623 0.33774834437086093 0.034482758620689655 0.056291390728476824
1 0.49207828518173347 0.2855960264900662 0.027958993476234855 0.054635761589403975
1 0.4557315936626281 0.22350993377483444 0.024231127679403542 0.046357615894039736
1 0.4790307548928238 0.18625827814569537 0.020503261882572225 0.0380794701986755
1 0.4897483690587139 0.152317880794702 0.013979496738117428 0.03642384105960265
1 0.49953401677539605 0.18625827814569537 0.020503261882572225 0.041390728476821195
1 0.630009319664492 0.2433774834437086 0.024231127679403542 0.052980132450331126
1 0.5717614165890028 0.13493377483443708 0.017707362534948742 0.03145695364238411
1 0.6947809878844361 0.19039735099337748 0.0195712954333644 0.04966887417218543
