1 0.2727272727272727 0.22113502935420742 0.013303769401330377 0.03131115459882583
1 0.3237250554323725 0.2436399217221135 0.019955654101995565 0.029354207436399216
1 0.3287139689578714 0.19863013698630136 0.01662971175166297 0.033268101761252444
1 0.37472283813747226 0.19275929549902152 0.015521064301552107 0.033268101761252444
1 0.39523281596452325 0.19275929549902152 0.014412416851441241 0.033268101761252444
1 0.3902439024390244 0.16829745596868884 0.013303769401330377 0.023483365949119372
1 0.401330376940133 0.24168297455968688 0.015521064301552107 0.04500978473581213
1 0.421840354767184 0.23874755381604695 0.02993348115299335 0.06262230919765166
1 0.4523281596452328 0.24951076320939333 0.026607538802660754 0.04892367906066536
1 0.4883592017738359 0.22309197651663404 0.02106430155210643 0.043052837573385516
1 0.4661862527716186 0.2025440313111546 0.018847006651884702 0.0410958904109589
1 0.4406873614190687 0.17123287671232876 0.012195121951219513 0.029354207436399216
1 0.4318181818181818 0.14774951076320939 0.009977827050997782 0.025440313111545987
1 0.46674057649667405 0.1360078277886497 0.011086474501108647 0.029354207436399216
1 0.4750554323725055 0.15949119373776907 0.018847006651884702 0.033268101761252444
1 0.5221729490022173 0.175146771037182 0.017738359201773836 0.03718199608610567
1 0.5559866962305987 0.18688845401174167 0.02106430155210643 0.0410958904109589
1 0.5376940133037694 0.1634050880626223 0.015521064301552107 0.029354207436399216
1 0.5083148558758315 0.14677103718199608 0.012195121951219513 0.023483365949119372
1 0.5027716186252772 0.13405088062622308 0.012195121951219513 0.01761252446183953
1 0.5033259423503326 0.12133072407045009 0.013303769401330377 0.019569471624266144
1 0.5260532150776053 0.12524461839530332 0.012195121951219513 0.023483365949119372
1 0.5365853658536586 0.1350293542074364 0.015521064301552107 0.023483365949119372
1 0.5703991130820399 0.1350293542074364 0.014412416851441241 0.023483365949119372
1 0.5864745011086474 0.11741682974559686 0.013303769401330377 0.0273972602739726
1 0.606430155210643 0.11448140900195694 0.011086474501108647 0.025440313111545987
1 0.6069844789356984 0.1643835616438356 0.018847006651884702 0.03913894324853229
1 0.61529933481153 0.12818003913894324 0.011086474501108647 0.025440313111545987
1 0.6258314855875832 0.1360078277886497 0.012195121951219513 0.029354207436399216
1 0.6319290465631929 0.11350293542074363 0.011086474501108647 0.03131115459882583
1 0.6574279379157428 0.11448140900195694 0.013303769401330377 0.033268101761252444
1 0.6646341463414634 0.13013698630136986 0.014412416851441241 0.03718199608610567
1 0.6862527716186253 0.12622309197651663 0.015521064301552107 0.033268101761252444
1 0.5776053215077606 0.2446183953033268 0.022172949002217293 0.043052837573385516
1 0.5809312638580931 0.2690802348336595 0.026607538802660754 0.05675146771037182
1 0.6247228381374723 0.2455968688845401 0.02328159645232816 0.05283757338551859
1 0.6158536585365854 0.22602739726027396 0.018847006651884702 0.03718199608610567
1 0.6413525498891353 0.19667318982387474 0.018847006651884702 0.04892367906066536
1 0.6225055432372506 0.16536203522504891 0.018847006651884702 0.033268101761252444
1 0.6601995565410199 0.18395303326810175 0.018847006651884702 0.03913894324853229
1 0.6690687361419069 0.2181996086105675 0.02328159645232816 0.04892367906066536
1 0.6784922394678492 0.273972602739726 0.028824833702882482 0.050880626223091974
1 0.708980044345898 0.18786692759295498 0.018847006651884702 0.03913894324853229
1 0.7028824833702882 0.16927592954990214 0.017738359201773836 0.033268101761252444
1 0.7339246119733924 0.13894324853228962 0.015521064301552107 0.03131115459882583
1 0.7511086474501109 0.13111545988258316 0.012195121951219513 0.03131115459882583
1 0.7644124168514412 0.15459882583170254 0.018847006651884702 0.043052837573385516
1 0.7394678492239468 0.18590998043052837 0.015521064301552107 0.03131115459882583
1 0.7605321507760532 0.2045009784735812 0.019955654101995565 0.0410958904109589
1 0.7233924611973392 0.23776908023483365 0.02106430155210643 0.04892367906066536
1 0.7328159645232816 0.2876712328767123 0.026607538802660754 0.05870841487279843
1 0.770509977827051 0.25048923679060664 0.022172949002217293 0.043052837573385516
1 0.7849223946784922 0.22602739726027396 0.019955654101995565 0.0410958904109589
1 0.8009977827050998 0.15851272015655576 0.014412416851441241 0.03131115459882583
1 0.7832594235033259 0.14090019569471623 0.014412416851441241 0.03131115459882583
1 0.7976718403547672 0.1350293542074364 0.014412416851441241 0.0273972602739726
1 0.8131929046563193 0.14677103718199608 0.014412416851441241 0.03131115459882583
1 0.8342572062084257 0.13894324853228962 0.012195121951219513 0.03131115459882583
1 0.8453436807095344 0.149706457925636 0.014412416851441241 0.029354207436399216
1 0.8542128603104213 0.14677103718199608 0.014412416851441241 0.0273972602739726
1 0.8453436807095344 0.16927592954990214 0.014412416851441241 0.033268101761252444
1 0.8497782705099778 0.19569471624266144 0.01662971175166297 0.03913894324853229
1 0.8481152993348116 0.30332681017612523 0.026607538802660754 0.06262230919765166
1 0.8009977827050998 0.286692759295499 0.02771618625277162 0.060665362035225046
1 0.8885809312638581 0.25244618395303325 0.02106430155210643 0.0547945205479452
1 0.8791574279379157 0.18199608610567514 0.017738359201773836 0.03522504892367906
1 0.885809312638581 0.16144814090019569 0.013303769401330377 0.029354207436399216
1 0.9029933481152993 0.20939334637964774 0.018847006651884702 0.043052837573385516
1 0.9090909090909091 0.18101761252446183 0.013303769401330377 0.033268101761252444
1 0.9168514412416852 0.15557729941291584 0.015521064301552107 0.029354207436399216
1 0.9235033259423503 0.22700587084148727 0.019955654101995565 0.050880626223091974
1 0.9373614190687362 0.273972602739726 0.025498891352549888 0.043052837573385516
1 0.9190687361419069 0.37181996086105673 0.022172949002217293 0.050880626223091974
1 0.9523281596452328 0.21526418786692758 0.015521064301552107 0.03913894324853229
1 0.9395787139689579 0.18786692759295498 0.014412416851441241 0.03522504892367906
1 0.9462305986696231 0.16829745596868884 0.012195121951219513 0.0273972602739726
