1 0.09517045454545456 0.5744485294117647 0.07832792207792208 0.11825980392156862
1 0.18445616883116883 0.5912990196078431 0.07508116883116883 0.12867647058823528
1 0.2445211038961039 0.4966299019607843 0.05073051948051949 0.08149509803921569
1 0.34293831168831174 0.5113357843137255 0.06331168831168832 0.11213235294117647
1 0.3999594155844156 0.6069240196078431 0.08806818181818182 0.15992647058823528
1 0.5040584415584416 0.5091911764705882 0.0625 0.1017156862745098
1 0.6112012987012987 0.4889705882352941 0.05925324675324676 0.12377450980392157
1 0.6860795454545455 0.46568627450980393 0.05478896103896104 0.08823529411764705
1 0.8518668831168832 0.6372549019607843 0.09334415584415585 0.19607843137254902
1 0.8721590909090909 0.5067401960784313 0.07224025974025974 0.13602941176470587
