1 0.8900279589934762 0.15358931552587646 0.011183597390493943 0.02671118530884808
1 0.8536812674743709 0.14858096828046746 0.014911463187325256 0.0333889816360601
1 0.8448275862068966 0.18030050083472454 0.013979496738117428 0.04006677796327212
1 0.8597390493942217 0.2278797996661102 0.017707362534948742 0.05175292153589316
1 0.8881640260950605 0.19198664440734559 0.014911463187325256 0.04006677796327212
1 0.9226467847157502 0.2345575959933222 0.014911463187325256 0.048414023372287146
1 0.9305684995340168 0.2612687813021703 0.017707362534948742 0.05843071786310518
1 0.8387698042870456 0.3088480801335559 0.022367194780987885 0.06343906510851419
1 0.8280521901211556 0.20701168614357263 0.017707362534948742 0.04674457429048414
1 0.7698042870456663 0.2871452420701169 0.024231127679403542 0.05342237061769616
1 0.7623485554520038 0.22203672787979967 0.01863932898415657 0.05008347245409015
1 0.7670083876980428 0.1994991652754591 0.01863932898415657 0.048414023372287146
1 0.7907735321528425 0.14190317195325544 0.012115563839701771 0.0333889816360601
1 0.8038210624417521 0.16026711185308848 0.013979496738117428 0.0333889816360601
1 0.8070829450139795 0.12437395659432388 0.011183597390493943 0.028380634390651086
1 0.8280521901211556 0.15108514190317196 0.013979496738117428 0.028380634390651086
1 0.771668219944082 0.1302170283806344 0.011183597390493943 0.03005008347245409
1 0.7539608574091332 0.1669449081803005 0.0130475302889096 0.03005008347245409
1 0.7343895619757689 0.19449081803005008 0.016775396085740912 0.035058430717863104
1 0.7241379310344828 0.15776293823038398 0.014911463187325256 0.03171953255425709
1 0.7325256290773532 0.11101836393989983 0.011183597390493943 0.028380634390651086
1 0.7180801491146318 0.1310517529215359 0.013979496738117428 0.035058430717863104
1 0.7101584342963653 0.17612687813021705 0.014911463187325256 0.041736227045075125
1 0.7036346691519105 0.21285475792988315 0.01863932898415657 0.045075125208681135
1 0.7078285181733457 0.27545909849749584 0.02516309412861137 0.06010016694490818
1 0.6672879776328052 0.2554257095158598 0.022367194780987885 0.04674457429048414
1 0.6663560111835973 0.1986644407345576 0.01863932898415657 0.04006677796327212
1 0.6551724137931034 0.1686143572621035 0.014911463187325256 0.04006677796327212
1 0.6877912395153775 0.14357262103505844 0.016775396085740912 0.03672787979966611
1 0.6817334575955265 0.11519198664440734 0.013979496738117428 0.03005008347245409
1 0.6444547996272134 0.11853088480801335 0.012115563839701771 0.03005008347245409
1 0.6328052190121155 0.1327212020033389 0.0130475302889096 0.03171953255425709
1 0.6146318732525629 0.12020033388981637 0.012115563839701771 0.0333889816360601
1 0.6183597390493942 0.13939899833055092 0.012115563839701771 0.03171953255425709
1 0.630009319664492 0.1986644407345576 0.016775396085740912 0.05342237061769616
1 0.6383970177073626 0.29465776293823037 0.0260950605778192 0.05843071786310518
1 0.6113699906803355 0.25041736227045075 0.01863932898415657 0.05676126878130217
1 0.554520037278658 0.24457429048414023 0.020503261882572225 0.05175292153589316
1 0.5675675675675675 0.27879799666110183 0.022367194780987885 0.05676126878130217
1 0.5633737185461323 0.12020033388981637 0.012115563839701771 0.02671118530884808
1 0.5913327120223671 0.12103505843071787 0.010251630941286113 0.028380634390651086
1 0.5554520037278657 0.14774624373956594 0.011183597390493943 0.03171953255425709
1 0.5675675675675675 0.1652754590984975 0.014911463187325256 0.03672787979966611
1 0.5792171481826655 0.15191986644407346 0.017707362534948742 0.03672787979966611
1 0.5414725069897484 0.18363939899833057 0.016775396085740912 0.04340567612687813
1 0.5079217148182665 0.1669449081803005 0.0130475302889096 0.03005008347245409
1 0.4962721342031687 0.15025041736227046 0.012115563839701771 0.03005008347245409
1 0.4636533084808947 0.13856427378964942 0.010251630941286113 0.02671118530884808
1 0.44408201304753026 0.17278797996661102 0.013979496738117428 0.028380634390651086
1 0.49207828518173347 0.1903171953255426 0.016775396085740912 0.03672787979966611
1 0.4720410065237651 0.2278797996661102 0.0195712954333644 0.048414023372287146
1 0.43942218080149115 0.2337228714524207 0.021435228331780055 0.05008347245409015
1 0.4538676607642125 0.1969949916527546 0.011183597390493943 0.0333889816360601
1 0.4086672879776328 0.18697829716193656 0.013979496738117428 0.03005008347245409
1 0.40167753960857405 0.21118530884808015 0.0130475302889096 0.035058430717863104
1 0.3830382106244175 0.18781302170283806 0.0130475302889096 0.028380634390651086
1 0.3560111835973905 0.22036727879799667 0.016775396085740912 0.03672787979966611
1 0.33271202236719477 0.21869782971619367 0.0130475302889096 0.03005008347245409
1 0.3173345759552656 0.2303839732888147 0.013979496738117428 0.03005008347245409
1 0.28191985088536814 0.23873121869782973 0.013979496738117428 0.03672787979966611
1 0.29310344827586204 0.2654424040066778 0.0195712954333644 0.04340567612687813
1 0.3466915191053122 0.24874791318864775 0.016775396085740912 0.04006677796327212
1 0.3685927306616962 0.25041736227045075 0.021435228331780055 0.04340567612687813
1 0.39049394221808015 0.28130217028380633 0.020503261882572225 0.045075125208681135
1 0.483690587138863 0.2979966611018364 0.024231127679403542 0.05509181969949917
1 0.4804287045666356 0.18781302170283806 0.013979496738117428 0.041736227045075125
1 0.18499534016775396 0.5150250417362271 0.05498602050326188 0.11519198664440734
