1 0.084375 0.8021077283372365 0.115625 0.1990632318501171
1 0.05390625 0.6873536299765808 0.07968750000000001 0.1288056206088993
1 0.18515625000000002 0.7716627634660421 0.07968750000000001 0.12412177985948478
1 0.22109375 0.6498829039812646 0.0703125 0.11007025761124122
1 0.2984375 0.8255269320843092 0.153125 0.2646370023419204
1 0.37734375000000003 0.752927400468384 0.09531250000000001 0.1756440281030445
1 0.39296875000000003 0.6791569086651054 0.07968750000000001 0.13114754098360656
1 0.51328125 0.468384074941452 0.06406250000000001 0.12177985948477751
1 0.47265625 0.7330210772833724 0.0734375 0.14988290398126464
1 0.55 0.8091334894613583 0.1 0.20374707259953162
1 0.55703125 0.6861826697892272 0.09843750000000001 0.1451990632318501
1 0.6453125000000001 0.6861826697892272 0.0625 0.117096018735363
1 0.68671875 0.7060889929742389 0.07968750000000001 0.1288056206088993
1 0.690625 0.8138173302107728 0.15625 0.18969555035128804
1 0.703125 0.9180327868852459 0.146875 0.16393442622950818
1 0.8718750000000001 0.9121779859484778 0.19375 0.1756440281030445
1 0.8421875000000001 0.7798594847775175 0.12812500000000002 0.1920374707259953
1 0.8578125000000001 0.6733021077283372 0.065625 0.11475409836065574
1 0.8148437500000001 0.6615925058548009 0.0546875 0.1053864168618267
1 0.9 0.7540983606557377 0.084375 0.17330210772833723
