1 0.05700934579439253 0.5399334442595674 0.056074766355140186 0.11480865224625625
1 0.2542056074766355 0.27287853577371046 0.01869158878504673 0.03993344425956739
1 0.27616822429906546 0.2545757071547421 0.017757009345794394 0.033277870216306155
1 0.2990654205607477 0.25374376039933444 0.020560747663551402 0.03494176372712147
1 0.3182242990654206 0.26788685524126454 0.019626168224299065 0.04326123128119801
1 0.3397196261682243 0.25873544093178036 0.019626168224299065 0.03826955074875208
1 0.31261682242990657 0.22628951747088186 0.01588785046728972 0.033277870216306155
1 0.3429906542056075 0.21713810316139767 0.020560747663551402 0.03826955074875208
1 0.3658878504672897 0.21048252911813645 0.01588785046728972 0.03161397670549085
1 0.3785046728971963 0.2113144758735441 0.014953271028037384 0.033277870216306155
1 0.3869158878504673 0.19384359400998336 0.013084112149532711 0.028286189683860232
1 0.40420560747663553 0.2787021630615641 0.02897196261682243 0.051580698835274545
1 0.40560747663551405 0.17138103161397672 0.013084112149532711 0.026622296173044926
1 0.42570093457943925 0.21048252911813645 0.017757009345794394 0.03161397670549085
1 0.4457943925233645 0.2146422628951747 0.01869158878504673 0.03993344425956739
1 0.46261682242990654 0.23710482529118138 0.024299065420560748 0.04492512479201331
1 0.4607476635514019 0.19717138103161397 0.014953271028037384 0.03494176372712147
1 0.45700934579439256 0.1605657237936772 0.016822429906542057 0.03161397670549085
1 0.4523364485981309 0.13394342762063227 0.011214953271028038 0.021630615640599003
1 0.42943925233644864 0.1638935108153078 0.017757009345794394 0.03494176372712147
1 0.47710280373831776 0.15806988352745424 0.01588785046728972 0.033277870216306155
1 0.48130841121495327 0.1264559068219634 0.011214953271028038 0.02329450915141431
1 0.4719626168224299 0.13643926788685523 0.011214953271028038 0.019966722129783693
1 0.5112149532710281 0.18136439267886856 0.016822429906542057 0.029950083194675542
1 0.4995327102803738 0.1638935108153078 0.01588785046728972 0.03161397670549085
1 0.516822429906542 0.13810316139767057 0.014953271028037384 0.026622296173044926
1 0.5289719626168224 0.1264559068219634 0.013084112149532711 0.029950083194675542
1 0.5490654205607477 0.1572379367720466 0.01588785046728972 0.03494176372712147
1 0.5401869158878505 0.1930116472545757 0.016822429906542057 0.033277870216306155
1 0.5682242990654206 0.15557404326123128 0.01869158878504673 0.03494176372712147
1 0.5761682242990654 0.14309484193011648 0.014018691588785047 0.029950083194675542
1 0.555607476635514 0.10981697171381032 0.012149532710280374 0.026622296173044926
1 0.5813084112149532 0.11980033277870217 0.009345794392523366 0.02329450915141431
1 0.6177570093457945 0.13560732113144758 0.016822429906542057 0.028286189683860232
1 0.6051401869158879 0.11813643926788686 0.012149532710280374 0.026622296173044926
1 0.5962616822429907 0.09234608985024959 0.016822429906542057 0.028286189683860232
1 0.6233644859813084 0.09400998336106489 0.011214953271028038 0.021630615640599003
1 0.6303738317757009 0.1156405990016639 0.014018691588785047 0.02495840266222962
1 0.6397196261682243 0.09816971713810316 0.014018691588785047 0.026622296173044926
1 0.6682242990654206 0.11480865224625625 0.013084112149532711 0.026622296173044926
1 0.688785046728972 0.09234608985024959 0.013084112149532711 0.03494176372712147
1 0.4855140186915888 0.29367720465890185 0.025233644859813085 0.06156405990016639
1 0.5485981308411215 0.27787021630615644 0.026168224299065422 0.056572379367720464
1 0.5677570093457944 0.2454242928452579 0.02149532710280374 0.04492512479201331
1 0.6056074766355141 0.24459234608985025 0.026168224299065422 0.04658901830282862
1 0.6079439252336449 0.1988352745424293 0.02149532710280374 0.04492512479201331
1 0.6537383177570094 0.17304492512479203 0.02149532710280374 0.036605657237936774
1 0.6630841121495328 0.20216306156405991 0.02149532710280374 0.048252911813643926
1 0.6570093457943925 0.24625623960066556 0.020560747663551402 0.04991680532445924
1 0.6710280373831776 0.33111480865224624 0.029906542056074768 0.06655574043261231
1 0.6032710280373832 0.31863560732113144 0.030841121495327105 0.05490848585690516
1 0.7158878504672898 0.2753743760399335 0.024299065420560748 0.051580698835274545
1 0.7037383177570093 0.2146422628951747 0.01869158878504673 0.04658901830282862
1 0.6906542056074767 0.17054908485856907 0.01869158878504673 0.03494176372712147
1 0.6920560747663552 0.1372712146422629 0.01588785046728972 0.03161397670549085
1 0.6995327102803739 0.1314475873544093 0.017757009345794394 0.036605657237936774
1 0.7308411214953271 0.11813643926788686 0.016822429906542057 0.036605657237936774
1 0.7439252336448599 0.17803660565723795 0.020560747663551402 0.04326123128119801
1 0.7598130841121495 0.22296173044925124 0.020560747663551402 0.04326123128119801
1 0.7775700934579439 0.2978369384359401 0.026168224299065422 0.06988352745424294
1 0.7621495327102804 0.15557404326123128 0.017757009345794394 0.03494176372712147
1 0.7504672897196262 0.0973377703826955 0.013084112149532711 0.03161397670549085
1 0.7621495327102804 0.12728785357737105 0.01588785046728972 0.028286189683860232
1 0.7429906542056075 0.13477537437603992 0.014953271028037384 0.026622296173044926
1 0.7929906542056075 0.11813643926788686 0.010280373831775701 0.026622296173044926
1 0.7985981308411215 0.13477537437603992 0.012149532710280374 0.026622296173044926
1 0.8070093457943925 0.12396006655574043 0.010280373831775701 0.028286189683860232
1 0.8098130841121496 0.1605657237936772 0.014018691588785047 0.04159733777038269
1 0.7981308411214953 0.17304492512479203 0.016822429906542057 0.04326123128119801
1 0.8285046728971963 0.13643926788685523 0.014018691588785047 0.033277870216306155
1 0.8411214953271028 0.1805324459234609 0.01869158878504673 0.03494176372712147
1 0.8514018691588785 0.14891846921797006 0.013084112149532711 0.03494176372712147
1 0.8672897196261683 0.12479201331114809 0.011214953271028038 0.029950083194675542
1 0.8630841121495327 0.14891846921797006 0.014018691588785047 0.02495840266222962
1 0.8682242990654206 0.21963394342762063 0.016822429906542057 0.04326123128119801
1 0.8794392523364486 0.1772046589018303 0.014953271028037384 0.03494176372712147
1 0.8873831775700934 0.1589018302828619 0.014018691588785047 0.03826955074875208
1 0.9014018691588785 0.13061564059900166 0.012149532710280374 0.028286189683860232
1 0.927570093457944 0.15307820299500832 0.012149532710280374 0.026622296173044926
1 0.92196261682243 0.1896838602329451 0.017757009345794394 0.04326123128119801
1 0.9154205607476635 0.28369384359401 0.02149532710280374 0.05490848585690516
