1 0.06963758954909398 0.7883782883782884 0.10598398651495997 0.19080919080919082
1 0.12905604719764013 0.6684981684981685 0.08997050147492626 0.14885114885114886
1 0.26485461441213654 0.6307026307026307 0.07796038769490098 0.14185814185814186
1 0.3092077538980194 0.7945387945387945 0.1763590391908976 0.2564102564102564
1 0.3938053097345133 0.7650682650682651 0.11378002528445007 0.17082917082917082
1 0.3906447534766119 0.6496836496836497 0.09608091024020228 0.14652014652014653
1 0.44648124736620315 0.6195471195471195 0.0716392751790982 0.15551115551115552
1 0.6343236409608092 0.3747918747918748 0.05962916139907291 0.11888111888111888
1 0.6487568478718921 0.6378621378621379 0.07711757269279393 0.1322011322011322
1 0.6923725242309313 0.678987678987679 0.09270965023177413 0.12121212121212122
1 0.6814159292035399 0.7738927738927739 0.10029498525073746 0.1864801864801865
1 0.86346396965866 0.6658341658341659 0.07585335018963338 0.12753912753912755
1 0.8957016434892542 0.6878121878121878 0.07248209018120523 0.12554112554112554
1 0.9613358617783397 0.7047952047952047 0.0773282764433207 0.22344322344322345
