1 0.058984375000000006 0.5351288056206089 0.022656250000000003 0.04918032786885246
1 0.103515625 0.531615925058548 0.02421875 0.046838407494145196
1 0.14570312500000002 0.5298594847775175 0.030468750000000003 0.04566744730679157
1 0.1921875 0.5345433255269321 0.0234375 0.040983606557377046
1 0.24335937500000002 0.538056206088993 0.030468750000000003 0.04800936768149883
1 0.2921875 0.5421545667447307 0.021875000000000002 0.04215456674473068
1 0.333984375 0.5421545667447307 0.025781250000000002 0.03747072599531616
1 0.39140625 0.531615925058548 0.026562500000000003 0.03981264637002342
1 0.444921875 0.5322014051522248 0.025781250000000002 0.04332552693208431
1 0.5015625 0.5199063231850117 0.028125 0.046838407494145196
1 0.571875 0.525175644028103 0.028125 0.05269320843091335
1 0.6414062500000001 0.5193208430913349 0.03125 0.05503512880562061
1 0.7113281250000001 0.5322014051522248 0.03359375 0.06440281030444965
1 0.7777343750000001 0.5240046838407494 0.032031250000000004 0.04800936768149883
1 0.84375 0.5392271662763466 0.034375 0.05269320843091335
1 0.968359375 0.525175644028103 0.03828125 0.06206088992974239
1 0.14960937500000002 0.8653395784543325 0.08359375000000001 0.13817330210772832
