1 0.16468253968253968 0.388086642599278 0.051587301587301584 0.11191335740072203
1 0.37896825396825395 0.44855595667870035 0.06746031746031746 0.13176895306859207
1 0.36259920634920634 0.2328519855595668 0.0248015873015873 0.05415162454873646
1 0.40922619047619047 0.19223826714801445 0.020833333333333332 0.04151624548736462
1 0.42857142857142855 0.19945848375451264 0.01984126984126984 0.04512635379061372
1 0.45287698412698413 0.19945848375451264 0.020833333333333332 0.052346570397111915
1 0.470734126984127 0.22292418772563177 0.020833333333333332 0.048736462093862815
1 0.4444444444444444 0.2509025270758123 0.023809523809523808 0.04693140794223827
1 0.44940476190476186 0.08664259927797835 0.015873015873015872 0.039711191335740074
1 0.5912698412698413 0.19945848375451264 0.021825396825396824 0.048736462093862815
1 0.6418650793650793 0.21931407942238268 0.023809523809523808 0.052346570397111915
1 0.5967261904761905 0.09566787003610108 0.01488095238095238 0.02888086642599278
1 0.6413690476190476 0.09476534296028881 0.012896825396825396 0.02707581227436823
1 0.6681547619047619 0.10379061371841156 0.01488095238095238 0.023465703971119134
