1 0.018581081081081082 0.43043478260869567 0.02364864864864865 0.043478260869565216
1 0.24957770270270271 0.35434782608695653 0.017736486486486486 0.036231884057971016
1 0.28082770270270274 0.36231884057971014 0.021114864864864864 0.0463768115942029
1 0.30278716216216217 0.3818840579710145 0.021114864864864864 0.04782608695652174
1 0.3006756756756757 0.3253623188405797 0.018581081081081082 0.036231884057971016
1 0.3602195945945946 0.38115942028985506 0.024493243243243243 0.0463768115942029
1 0.3944256756756757 0.3652173913043478 0.018581081081081082 0.03768115942028986
1 0.390625 0.34057971014492755 0.017736486486486486 0.03188405797101449
1 0.3762668918918919 0.3101449275362319 0.01942567567567568 0.034782608695652174
1 0.4222972972972973 0.3601449275362319 0.02364864864864865 0.036231884057971016
1 0.40625 0.27898550724637683 0.015202702702702704 0.03333333333333333
1 0.4227195945945946 0.29492753623188406 0.014358108108108109 0.036231884057971016
1 0.43074324324324326 0.3159420289855073 0.016891891891891893 0.03188405797101449
1 0.44679054054054057 0.27753623188405796 0.013513513513513514 0.030434782608695653
1 0.4539695945945946 0.2956521739130435 0.017736486486486486 0.03188405797101449
1 0.46621621621621623 0.32753623188405795 0.02364864864864865 0.03768115942028986
1 0.4742398648648649 0.3601449275362319 0.026182432432432436 0.042028985507246375
1 0.49493243243243246 0.32028985507246377 0.02195945945945946 0.03768115942028986
1 0.48099662162162166 0.26231884057971017 0.014358108108108109 0.026086956521739132
1 0.49155405405405406 0.2528985507246377 0.013513513513513514 0.02753623188405797
1 0.5088682432432433 0.2876811594202899 0.0160472972972973 0.030434782608695653
1 0.5375844594594595 0.2963768115942029 0.0160472972972973 0.030434782608695653
1 0.5464527027027027 0.3318840579710145 0.02027027027027027 0.03768115942028986
1 0.543918918918919 0.26594202898550723 0.015202702702702704 0.03333333333333333
1 0.5616554054054055 0.2717391304347826 0.016891891891891893 0.0391304347826087
1 0.5865709459459459 0.30434782608695654 0.01942567567567568 0.03768115942028986
1 0.5895270270270271 0.2753623188405797 0.016891891891891893 0.03188405797101449
1 0.5755912162162162 0.24202898550724639 0.0160472972972973 0.026086956521739132
1 0.5945945945945946 0.2398550724637681 0.013513513513513514 0.021739130434782608
1 0.5992398648648649 0.26014492753623186 0.0160472972972973 0.030434782608695653
1 0.6245777027027027 0.26304347826086955 0.014358108108108109 0.030434782608695653
1 0.6313344594594595 0.2427536231884058 0.01266891891891892 0.02463768115942029
1 0.6389358108108109 0.22246376811594204 0.0160472972972973 0.02753623188405797
1 0.6516047297297297 0.23478260869565218 0.014358108108108109 0.03188405797101449
1 0.6651182432432433 0.24420289855072463 0.014358108108108109 0.03333333333333333
1 0.6722972972972974 0.263768115942029 0.018581081081081082 0.026086956521739132
1 0.6879222972972974 0.23478260869565218 0.014358108108108109 0.02318840579710145
1 0.6980574324324325 0.24492753623188407 0.01266891891891892 0.03188405797101449
1 0.7141047297297297 0.24710144927536232 0.014358108108108109 0.02753623188405797
1 0.7119932432432433 0.286231884057971 0.018581081081081082 0.03333333333333333
1 0.6592060810810811 0.3108695652173913 0.021114864864864864 0.042028985507246375
1 0.6186655405405406 0.3463768115942029 0.024493243243243243 0.043478260869565216
1 0.6334459459459459 0.39420289855072466 0.030405405405405407 0.052173913043478265
1 0.6393581081081081 0.44855072463768114 0.030405405405405407 0.06811594202898551
1 0.6967905405405406 0.46956521739130436 0.033783783783783786 0.06086956521739131
1 0.691722972972973 0.39855072463768115 0.028716216216216218 0.057971014492753624
1 0.6756756756756757 0.3536231884057971 0.02195945945945946 0.04057971014492753
1 0.722972972972973 0.37318840579710144 0.02364864864864865 0.050724637681159424
1 0.7094594594594595 0.33260869565217394 0.02027027027027027 0.0391304347826087
1 0.7516891891891893 0.31231884057971016 0.018581081081081082 0.042028985507246375
1 0.7339527027027027 0.26594202898550723 0.016891891891891893 0.030434782608695653
1 0.7719594594594595 0.2391304347826087 0.013513513513513514 0.028985507246376812
1 0.7690033783783784 0.26594202898550723 0.0160472972972973 0.036231884057971016
1 0.778293918918919 0.2826086956521739 0.0160472972972973 0.03768115942028986
1 0.7934966216216217 0.2963768115942029 0.0160472972972973 0.0391304347826087
1 0.5240709459459459 0.41304347826086957 0.03125 0.057971014492753624
1 0.5641891891891893 0.38623188405797104 0.02195945945945946 0.04492753623188406
1 0.5663006756756757 0.4217391304347826 0.02787162162162162 0.0463768115942029
1 0.8129222972972974 0.24492753623188407 0.0160472972972973 0.028985507246376812
1 0.840793918918919 0.26304347826086955 0.014358108108108109 0.030434782608695653
1 0.8733108108108109 0.2702898550724638 0.015202702702702704 0.030434782608695653
1 0.8918918918918919 0.27753623188405796 0.013513513513513514 0.02753623188405797
1 0.9070945945945946 0.2753623188405797 0.011824324324324325 0.03188405797101449
1 0.8885135135135136 0.30144927536231886 0.013513513513513514 0.03188405797101449
1 0.8796452702702703 0.32318840579710145 0.017736486486486486 0.03768115942028986
1 0.8496621621621622 0.31956521739130433 0.018581081081081082 0.036231884057971016
1 0.8441722972972974 0.37681159420289856 0.024493243243243243 0.0463768115942029
1 0.9070945945945946 0.33405797101449275 0.016891891891891893 0.03333333333333333
1 0.9286317567567568 0.3079710144927536 0.0160472972972973 0.036231884057971016
1 0.9691722972972974 0.2963768115942029 0.0160472972972973 0.021739130434782608
1 0.9704391891891893 0.3159420289855073 0.015202702702702704 0.026086956521739132
1 0.9581925675675677 0.3355072463768116 0.017736486486486486 0.03333333333333333
1 0.961570945945946 0.37318840579710144 0.017736486486486486 0.042028985507246375
1 0.9505912162162162 0.41304347826086957 0.022804054054054057 0.04927536231884058
1 0.9058277027027027 0.3826086956521739 0.022804054054054057 0.043478260869565216
1 0.8931587837837839 0.4340579710144928 0.024493243243243243 0.04492753623188406
1 0.9425675675675677 0.486231884057971 0.028716216216216218 0.06231884057971015
1 0.8758445945945946 0.4557971014492754 0.033783783783783786 0.0536231884057971
1 0.8268581081081081 0.42246376811594205 0.028716216216216218 0.0536231884057971
1 0.7723817567567568 0.4210144927536232 0.03293918918918919 0.05652173913043478
1 0.8669763513513514 0.5420289855072464 0.03462837837837838 0.06666666666666667
1 0.7440878378378378 0.5260869565217391 0.037162162162162164 0.08405797101449275
