1 0.2016666666666667 0.3775 0.03666666666666667 0.065
1 0.20500000000000002 0.34 0.030000000000000002 0.05
1 0.29500000000000004 0.38 0.03666666666666667 0.07
1 0.29000000000000004 0.5025000000000001 0.060000000000000005 0.105
1 0.36333333333333334 0.445 0.04666666666666667 0.09
1 0.3466666666666667 0.3375 0.03333333333333333 0.055
1 0.31 0.31 0.02666666666666667 0.05
1 0.43500000000000005 0.3025 0.043333333333333335 0.055
1 0.45333333333333337 0.3725 0.04 0.085
1 0.42500000000000004 0.26 0.030000000000000002 0.04
1 0.5066666666666667 0.23750000000000002 0.03333333333333333 0.055
1 0.5266666666666667 0.3925 0.05333333333333334 0.095
1 0.43333333333333335 0.6525 0.08666666666666667 0.155
1 0.6516666666666667 0.2425 0.043333333333333335 0.075
1 0.7733333333333334 0.3725 0.07333333333333333 0.145
1 0.9033333333333334 0.3325 0.06666666666666667 0.115
