1 0.4796747967479675 0.5354166666666667 0.08130081300813008 0.1375
1 0.4037940379403794 0.4979166666666667 0.07046070460704607 0.12916666666666665
1 0.11382113821138211 0.4 0.06504065040650406 0.09166666666666666
1 0.07994579945799458 0.3520833333333333 0.02981029810298103 0.04583333333333333
1 0.04200542005420054 0.39375 0.04607046070460705 0.07083333333333333
1 0.04878048780487805 0.35 0.03252032520325203 0.05
1 0.13685636856368563 0.3416666666666667 0.024390243902439025 0.058333333333333334
1 0.15176151761517614 0.32708333333333334 0.02710027100271003 0.04583333333333333
1 0.16531165311653118 0.38125 0.037940379403794036 0.07083333333333333
1 0.2073170731707317 0.3833333333333333 0.02981029810298103 0.058333333333333334
1 0.2181571815718157 0.325 0.02981029810298103 0.05
1 0.2588075880758808 0.32708333333333334 0.024390243902439025 0.04583333333333333
1 0.2981029810298103 0.40625 0.04878048780487805 0.07083333333333333
1 0.33604336043360433 0.425 0.04336043360433604 0.06666666666666667
1 0.28319783197831977 0.3458333333333333 0.02981029810298103 0.05
1 0.33604336043360433 0.3125 0.02168021680216802 0.041666666666666664
1 0.36314363143631434 0.3208333333333333 0.02710027100271003 0.03333333333333333
1 0.4146341463414634 0.3333333333333333 0.03252032520325203 0.041666666666666664
1 0.43089430894308944 0.37916666666666665 0.04336043360433604 0.058333333333333334
1 0.45121951219512196 0.3125 0.02981029810298103 0.058333333333333334
1 0.491869918699187 0.3770833333333333 0.03523035230352303 0.0625
1 0.510840108401084 0.34375 0.02981029810298103 0.04583333333333333
1 0.48509485094850946 0.31875 0.02710027100271003 0.04583333333333333
1 0.5013550135501355 0.3020833333333333 0.02168021680216802 0.0375
1 0.5311653116531165 0.3104166666666667 0.02168021680216802 0.0375
1 0.5555555555555556 0.30625 0.016260162601626015 0.04583333333333333
1 0.5745257452574526 0.3645833333333333 0.037940379403794036 0.0625
1 0.6124661246612466 0.3625 0.02710027100271003 0.05
1 0.6097560975609756 0.3145833333333333 0.016260162601626015 0.0375
1 0.6463414634146342 0.3104166666666667 0.024390243902439025 0.05416666666666667
1 0.6842818428184282 0.3145833333333333 0.018970189701897018 0.04583333333333333
1 0.7073170731707317 0.24791666666666667 0.02168021680216802 0.029166666666666667
1 0.5487804878048781 0.4583333333333333 0.056910569105691054 0.09166666666666666
1 0.6273712737127372 0.4395833333333333 0.04607046070460705 0.0875
1 0.6937669376693767 0.4708333333333333 0.05962059620596206 0.1
1 0.7601626016260162 0.5833333333333334 0.08943089430894309 0.175
1 0.8346883468834688 0.51875 0.06504065040650406 0.12083333333333333
1 0.8888888888888888 0.4395833333333333 0.04878048780487805 0.07916666666666666
1 0.8373983739837398 0.38958333333333334 0.037940379403794036 0.0625
1 0.7899728997289973 0.39791666666666664 0.04607046070460705 0.07916666666666666
1 0.7371273712737128 0.35625 0.02710027100271003 0.04583333333333333
1 0.7113821138211383 0.3333333333333333 0.024390243902439025 0.041666666666666664
1 0.7926829268292683 0.3416666666666667 0.024390243902439025 0.05
1 0.7615176151761518 0.3458333333333333 0.02710027100271003 0.05
1 0.8360433604336044 0.3541666666666667 0.02981029810298103 0.05
1 0.8658536585365854 0.36875 0.02981029810298103 0.05416666666666667
1 0.9010840108401084 0.3645833333333333 0.024390243902439025 0.04583333333333333
1 0.8997289972899729 0.33958333333333335 0.02168021680216802 0.0375
1 0.964769647696477 0.38958333333333334 0.03252032520325203 0.0625
1 0.9701897018970189 0.3416666666666667 0.02710027100271003 0.05
1 0.9878048780487805 0.36875 0.024390243902439025 0.04583333333333333
1 0.9308943089430894 0.37083333333333335 0.024390243902439025 0.058333333333333334
