1 0.5816176470588236 0.4624724061810154 0.033823529411764704 0.0640176600441501
1 0.5683823529411764 0.6986754966887417 0.08970588235294118 0.17880794701986755
1 0.5286764705882353 0.9039735099337748 0.17205882352941176 0.18763796909492272
1 0.7073529411764706 0.6203090507726269 0.07352941176470588 0.1280353200883002
1 0.8176470588235294 0.6898454746136865 0.11470588235294117 0.17880794701986755
1 0.8639705882352942 0.5441501103752759 0.057352941176470586 0.09933774834437085
1 0.961764705882353 0.5927152317880795 0.06764705882352941 0.12582781456953643
1 0.5470588235294117 0.5386313465783664 0.055882352941176466 0.07505518763796909
1 0.41323529411764703 0.5055187637969095 0.061764705882352944 0.08830022075055188
1 0.31985294117647056 0.6048565121412803 0.07794117647058824 0.11037527593818984
1 0.2088235294117647 0.8543046357615894 0.14411764705882352 0.23841059602649006
1 0.051470588235294115 0.5838852097130243 0.08235294117647059 0.16114790286975716
1 0.14191176470588235 0.5375275938189845 0.07205882352941176 0.10816777041942605
1 0.24485294117647058 0.4768211920529801 0.04852941176470588 0.06181015452538631
