1 0.12255859375 0.4159369527145359 0.0537109375 0.10683012259194397
1 0.2919921875 0.2040280210157618 0.013671875 0.03327495621716287
1 0.3095703125 0.21103327495621715 0.01171875 0.03327495621716287
1 0.3251953125 0.21015761821366025 0.013671875 0.03152364273204904
1 0.34130859375 0.23380035026269702 0.0185546875 0.040280210157618214
1 0.34716796875 0.202276707530648 0.0146484375 0.03677758318739054
1 0.34228515625 0.16549912434325745 0.0126953125 0.03327495621716287
1 0.3525390625 0.18651488616462347 0.01171875 0.03327495621716287
1 0.36962890625 0.20140105078809106 0.0146484375 0.03502626970227671
1 0.38916015625 0.20140105078809106 0.0166015625 0.03852889667250438
1 0.4013671875 0.2486865148861646 0.01953125 0.04553415061295972
1 0.400390625 0.1646234676007005 0.015625 0.03152364273204904
1 0.39697265625 0.15499124343257442 0.0166015625 0.02626970227670753
1 0.41943359375 0.15061295971978983 0.0126953125 0.024518388791593695
1 0.435546875 0.15674255691768826 0.015625 0.02626970227670753
1 0.4287109375 0.18038528896672504 0.013671875 0.03152364273204904
1 0.43994140625 0.19264448336252188 0.0185546875 0.03152364273204904
1 0.462890625 0.19614711033274956 0.015625 0.03502626970227671
1 0.462890625 0.1234676007005254 0.01171875 0.0297723292469352
1 0.4814453125 0.13922942206654992 0.009765625 0.0297723292469352
1 0.50439453125 0.19089316987740806 0.0185546875 0.03152364273204904
1 0.49951171875 0.17425569176882663 0.0166015625 0.03677758318739054
1 0.49853515625 0.14010507880910683 0.0146484375 0.028021015761821366
1 0.49658203125 0.11646234676007006 0.0107421875 0.02276707530647986
1 0.51806640625 0.12171628721541156 0.0107421875 0.01926444833625219
1 0.533203125 0.12521891418563924 0.01171875 0.02626970227670753
1 0.53076171875 0.159369527145359 0.0166015625 0.03152364273204904
1 0.55224609375 0.17688266199649738 0.0146484375 0.04203152364273205
1 0.5537109375 0.14535901926444833 0.013671875 0.028021015761821366
1 0.54541015625 0.11733800350262696 0.0107421875 0.028021015761821366
1 0.5732421875 0.1287215411558669 0.01171875 0.0297723292469352
1 0.60009765625 0.15148861646234676 0.0166015625 0.03327495621716287
1 0.62109375 0.12697022767075306 0.013671875 0.02626970227670753
1 0.63916015625 0.14886164623467601 0.0126953125 0.024518388791593695
1 0.65966796875 0.16549912434325745 0.0126953125 0.0297723292469352
1 0.6455078125 0.10770577933450087 0.01171875 0.0297723292469352
1 0.60205078125 0.09982486865148862 0.0087890625 0.021015761821366025
1 0.62744140625 0.11295971978984239 0.0107421875 0.02276707530647986
1 0.560546875 0.22942206654991243 0.021484375 0.05253940455341506
1 0.6357421875 0.2381786339754816 0.021484375 0.04203152364273205
1 0.6240234375 0.2031523642732049 0.015625 0.03852889667250438
1 0.65869140625 0.23467600700525393 0.0166015625 0.04553415061295972
1 0.6845703125 0.2530647985989492 0.021484375 0.047285464098073555
1 0.66943359375 0.329246935201401 0.0283203125 0.07005253940455342
1 0.74755859375 0.37478108581436076 0.0263671875 0.06304728546409807
1 0.79541015625 0.28108581436077057 0.0224609375 0.050788091068301226
1 0.76123046875 0.24430823117338005 0.0224609375 0.043782837127845885
1 0.73583984375 0.23117338003502627 0.0185546875 0.03852889667250438
1 0.71533203125 0.18038528896672504 0.0166015625 0.04203152364273205
1 0.69970703125 0.17162872154115588 0.0146484375 0.03152364273204904
1 0.6845703125 0.10770577933450087 0.01171875 0.0297723292469352
1 0.6826171875 0.09719789842381786 0.01171875 0.0297723292469352
1 0.69921875 0.10157618213660245 0.01171875 0.024518388791593695
1 0.7333984375 0.13660245183887915 0.01171875 0.028021015761821366
1 0.732421875 0.16637478108581435 0.01171875 0.03502626970227671
1 0.75048828125 0.18826619964973731 0.0185546875 0.040280210157618214
1 0.79638671875 0.20052539404553416 0.0166015625 0.03327495621716287
1 0.7890625 0.16112084063047286 0.013671875 0.03152364273204904
1 0.7587890625 0.12521891418563924 0.009765625 0.0297723292469352
1 0.7734375 0.11996497373029773 0.009765625 0.02626970227670753
1 0.7880859375 0.13134851138353765 0.009765625 0.021015761821366025
1 0.79833984375 0.12171628721541156 0.0107421875 0.0297723292469352
1 0.82275390625 0.13222416812609458 0.0107421875 0.02626970227670753
1 0.837890625 0.14535901926444833 0.009765625 0.03152364273204904
1 0.828125 0.16549912434325745 0.013671875 0.02626970227670753
1 0.81494140625 0.19089316987740806 0.0146484375 0.03502626970227671
1 0.8203125 0.2521891418563923 0.017578125 0.04903677758318739
1 0.84033203125 0.2180385288966725 0.0185546875 0.047285464098073555
1 0.8515625 0.2084063047285464 0.013671875 0.03502626970227671
1 0.8662109375 0.16987740805604204 0.013671875 0.03852889667250438
1 0.87353515625 0.16024518388791595 0.0146484375 0.03677758318739054
1 0.91796875 0.3397548161120841 0.0234375 0.05604203152364273
1 0.89111328125 0.22679509632224168 0.0166015625 0.040280210157618214
1 0.93017578125 0.2530647985989492 0.0166015625 0.040280210157618214
1 0.9306640625 0.21103327495621715 0.013671875 0.03677758318739054
1 0.9375 0.19527145359019266 0.013671875 0.03677758318739054
1 0.94580078125 0.18213660245183888 0.0107421875 0.03502626970227671
1 0.89501953125 0.1786339754816112 0.0107421875 0.028021015761821366
1 0.90869140625 0.17950963222416813 0.0107421875 0.02626970227670753
