1 0.13662790697674418 0.4668587896253602 0.040697674418604654 0.08357348703170028
1 0.23380398671096347 0.33789625360230546 0.014119601328903655 0.030259365994236308
1 0.25664451827242524 0.3494236311239193 0.018272425249169437 0.04178674351585014
1 0.2877906976744186 0.3703170028818444 0.01744186046511628 0.037463976945244955
1 0.2869601328903655 0.30475504322766567 0.012458471760797342 0.030259365994236308
1 0.348421926910299 0.35230547550432273 0.01910299003322259 0.04178674351585014
1 0.3554817275747508 0.292507204610951 0.016611295681063124 0.02881844380403458
1 0.38330564784053156 0.3364553314121037 0.014119601328903655 0.030259365994236308
1 0.3554817275747508 0.32348703170028814 0.014950166112956811 0.024495677233429394
1 0.4107142857142857 0.3314121037463977 0.01910299003322259 0.037463976945244955
1 0.4073920265780731 0.3004322766570605 0.012458471760797342 0.030259365994236308
1 0.4414451827242525 0.34005763688760804 0.020764119601328904 0.04322766570605187
1 0.43646179401993357 0.30835734870317 0.014119601328903655 0.03170028818443804
1 0.3961794019933555 0.25864553314121036 0.014950166112956811 0.030259365994236308
1 0.4073920265780731 0.2737752161383285 0.012458471760797342 0.023054755043227664
1 0.42524916943521596 0.26512968299711814 0.011627906976744186 0.023054755043227664
1 0.4435215946843854 0.26512968299711814 0.013289036544850499 0.03170028818443804
1 0.4696843853820598 0.30403458213256485 0.015780730897009966 0.02881844380403458
1 0.4692691029900332 0.2687319884726225 0.014950166112956811 0.02737752161383285
1 0.46096345514950166 0.24495677233429394 0.011627906976744186 0.023054755043227664
1 0.4696843853820598 0.23414985590778095 0.01079734219269103 0.018731988472622477
1 0.4983388704318937 0.2687319884726225 0.013289036544850499 0.03602305475504323
1 0.5170265780730897 0.28242074927953886 0.015780730897009966 0.034582132564841495
1 0.5 0.3227665706051873 0.018272425249169437 0.037463976945244955
1 0.5751661129568106 0.2788184438040346 0.014119601328903655 0.030259365994236308
1 0.5382059800664452 0.25288184438040345 0.013289036544850499 0.030259365994236308
1 0.5178571428571429 0.24495677233429394 0.014119601328903655 0.02593659942363112
1 0.5672757475083057 0.21974063400576369 0.008305647840531562 0.018731988472622477
1 0.5996677740863787 0.2255043227665706 0.013289036544850499 0.024495677233429394
1 0.6129568106312292 0.20605187319884724 0.009966777408637873 0.023054755043227664
1 0.6287375415282392 0.22046109510086453 0.011627906976744186 0.02593659942363112
1 0.6686046511627907 0.21037463976945245 0.008305647840531562 0.020172910662824207
1 0.6744186046511628 0.23270893371757922 0.009966777408637873 0.024495677233429394
1 0.688953488372093 0.23054755043227665 0.009136212624584718 0.023054755043227664
1 0.6411960132890365 0.24927953890489912 0.011627906976744186 0.023054755043227664
1 0.6075581395348837 0.25288184438040345 0.01079734219269103 0.021613832853025934
1 0.5805647840531561 0.2507204610951008 0.013289036544850499 0.020172910662824207
1 0.502906976744186 0.3861671469740634 0.02408637873754153 0.05763688760806916
1 0.5460963455149502 0.404178674351585 0.025747508305647843 0.050432276657060515
1 0.5382059800664452 0.37896253602305474 0.019933554817275746 0.034582132564841495
1 0.598421926910299 0.3299711815561959 0.020764119601328904 0.04322766570605187
1 0.6133720930232558 0.42939481268011526 0.025747508305647843 0.0547550432276657
1 0.6341362126245847 0.46397694524495675 0.029069767441860465 0.05763688760806916
1 0.7080564784053156 0.537463976945245 0.032392026578073094 0.07492795389048991
1 0.8023255813953488 0.49279538904899134 0.023255813953488372 0.05187319884726224
1 0.6656976744186046 0.3717579250720461 0.022425249169435217 0.04610951008645533
1 0.6931063122923589 0.35086455331412103 0.015780730897009966 0.04178674351585014
1 0.6715116279069767 0.2795389048991354 0.015780730897009966 0.03170028818443804
1 0.6366279069767442 0.3126801152737752 0.01910299003322259 0.037463976945244955
1 0.7063953488372093 0.2521613832853026 0.012458471760797342 0.02881844380403458
1 0.7225913621262459 0.28746397694524495 0.013289036544850499 0.03602305475504323
1 0.7350498338870433 0.24999999999999997 0.011627906976744186 0.03314121037463977
1 0.7450166112956811 0.22262247838616714 0.013289036544850499 0.02737752161383285
1 0.7479235880398671 0.27089337175792505 0.012458471760797342 0.02593659942363112
1 0.7678571428571429 0.28314121037463974 0.014119601328903655 0.03314121037463977
1 0.7678571428571429 0.25360230547550433 0.01079734219269103 0.02593659942363112
1 0.7799003322259136 0.23775216138328528 0.009966777408637873 0.023054755043227664
1 0.7865448504983389 0.265850144092219 0.013289036544850499 0.030259365994236308
1 0.8131229235880398 0.24639769452449567 0.014950166112956811 0.03170028818443804
1 0.7437707641196013 0.4099423631123919 0.022425249169435217 0.050432276657060515
1 0.8172757475083057 0.2802593659942363 0.013289036544850499 0.024495677233429394
1 0.8147840531561462 0.31195965417867433 0.013289036544850499 0.030259365994236308
1 0.8131229235880398 0.3638328530259366 0.02159468438538206 0.050432276657060515
1 0.7894518272425249 0.4142651296829971 0.020764119601328904 0.0446685878962536
1 0.8604651162790697 0.4142651296829971 0.02159468438538206 0.0446685878962536
1 0.8542358803986712 0.3061959654178674 0.012458471760797342 0.03314121037463977
1 0.8438538205980066 0.25936599423631124 0.013289036544850499 0.02881844380403458
1 0.8621262458471761 0.2730547550432276 0.011627906976744186 0.02737752161383285
1 0.8733388704318937 0.2845821325648415 0.014119601328903655 0.030259365994236308
1 0.8758305647840532 0.25432276657060515 0.012458471760797342 0.02737752161383285
1 0.9015780730897011 0.2896253602305475 0.014119601328903655 0.037463976945244955
1 0.9401993355481728 0.3134005763688761 0.011627906976744186 0.02737752161383285
1 0.9385382059800664 0.28170028818443804 0.011627906976744186 0.021613832853025934
1 0.90656146179402 0.3314121037463977 0.014119601328903655 0.037463976945244955
1 0.9302325581395349 0.35158501440922185 0.013289036544850499 0.037463976945244955
1 0.9144518272425249 0.39625360230547546 0.018272425249169437 0.04322766570605187
1 0.9111295681063123 0.4610951008645533 0.024916943521594685 0.0547550432276657
1 0.8696013289036545 0.33789625360230546 0.018272425249169437 0.047550432276657055
1 0.8480066445182725 0.4632564841498559 0.02823920265780731 0.047550432276657055
