1 0.061447114056890365 0.4294037011651817 0.04943385805026236 0.05962988348183688
1 0.033140016570008285 0.42460589444825225 0.033140016570008285 0.050719671007539414
1 0.11585197459265396 0.41089787525702537 0.04114885390776029 0.06031528444139822
1 0.17702292184479426 0.39016449623029476 0.041425020712510356 0.05791638108293352
1 0.2003590168461751 0.45270733379026734 0.051090858878762774 0.06511309115832763
1 0.2549019607843137 0.43403015764222075 0.0392156862745098 0.05791638108293352
1 0.28224247445457057 0.4542494859492804 0.0392156862745098 0.05997258396161755
1 0.2983982325324496 0.39718985606579854 0.036730185031759184 0.0520904729266621
1 0.20367301850317593 0.2078478409869774 0.03286384976525822 0.044208361891706655
1 0.23902236951118475 0.2246401644962303 0.03452085059375863 0.049006168608636054
1 0.2785142225904446 0.22755311857436603 0.030654515327257666 0.047292666209732694
1 0.331952499309583 0.23406442769019878 0.03534935100800884 0.05414667580534613
1 0.3615023474178404 0.2140164496230295 0.02264567798950566 0.03735435229609322
1 0.3616404308202154 0.4549348869088417 0.04225352112676056 0.05860178204249487
1 0.3512841756420878 0.4148389307745031 0.033692350179508425 0.046949965729952026
1 0.3623308478320906 0.38947909527073343 0.03755868544600939 0.044893762851268
1 0.3835956917978459 0.21727210418094586 0.0231980115990058 0.039753255654557916
1 0.41935929301297986 0.42032213845099387 0.03949185307925988 0.049006168608636054
1 0.44366197183098594 0.40215901302261825 0.02954984810825739 0.043522960932145305
1 0.45664181165423917 0.3769705277587389 0.03286384976525822 0.04592186429061001
1 0.4703120684893676 0.45082248115147366 0.041977354322010496 0.0654557916381083
1 0.4987572493786247 0.43660041124057575 0.03811101905550953 0.06100068540095956
1 0.5785694559513946 0.45510623714873205 0.04308202154101077 0.058944482522275535
1 0.5742888704777686 0.4148389307745031 0.03452085059375863 0.041466758053461276
1 0.5745650372825186 0.3879369431117204 0.027892847279756973 0.03838245373543523
1 0.6244131455399061 0.4114119259766964 0.030930682132007732 0.0496915695681974
1 0.651891742612538 0.43471555860178207 0.03893951946975974 0.06134338588074024
1 0.5948632974316487 0.22138450993831393 0.034244683789008565 0.05551747772446882
1 0.6743993371996686 0.21127484578478412 0.030930682132007732 0.04283755997258396
1 0.5285832642916322 0.20664838930774504 0.030378348522507596 0.03358464701850583
1 0.5046948356807511 0.21830020562028787 0.018503175918254625 0.02604523646333105
1 0.484120408726871 0.20373543522960932 0.024855012427506214 0.028444139821795753
1 0.4363435515051091 0.21470185058259084 0.03203534935100801 0.04215215901302262
1 0.4179784589892295 0.20562028786840303 0.026788180060756697 0.03015764222069911
1 0.4524993095829881 0.20424948594928033 0.02292184479425573 0.03015764222069911
1 0.7739574703120685 0.22875257025359838 0.09417288041977355 0.13056888279643591
1 0.9007180336923502 0.4156956819739548 0.03286384976525822 0.06305688827964359
1 0.9512565589616129 0.4597326936257711 0.045567522783761395 0.07093899931459904
