1 0.1163157894736842 0.660814606741573 0.07684210526315789 0.09129213483146068
1 0.10105263157894737 0.9094101123595505 0.17473684210526316 0.18117977528089887
1 0.04368421052631579 0.6067415730337078 0.053684210526315786 0.056179775280898875
1 0.02 0.5519662921348314 0.031578947368421054 0.05056179775280899
1 0.14210526315789473 0.6214887640449438 0.04842105263157895 0.05758426966292135
1 0.13578947368421052 0.5716292134831461 0.03789473684210526 0.0449438202247191
1 0.1626315789473684 0.5667134831460674 0.030526315789473683 0.043539325842696625
1 0.22 0.5646067415730337 0.027368421052631577 0.03932584269662921
1 0.22473684210526315 0.6144662921348314 0.05157894736842105 0.0800561797752809
1 0.25263157894736843 0.5962078651685393 0.029473684210526315 0.05196629213483146
1 0.2942105263157895 0.5898876404494382 0.05157894736842105 0.05898876404494382
1 0.3057894736842105 0.6320224719101123 0.049473684210526316 0.0702247191011236
1 0.36 0.5730337078651685 0.03368421052631579 0.042134831460674156
1 0.34368421052631576 0.5133426966292135 0.028421052631578948 0.04915730337078651
1 0.37684210526315787 0.48384831460674155 0.023157894736842106 0.046348314606741575
1 0.40421052631578946 0.6959269662921348 0.08210526315789474 0.13623595505617977
1 0.45421052631578945 0.601123595505618 0.0431578947368421 0.0646067415730337
1 0.4168421052631579 0.5786516853932584 0.035789473684210524 0.06179775280898876
1 0.5384210526315789 0.5603932584269663 0.03894736842105263 0.0646067415730337
1 0.5452631578947368 0.6053370786516854 0.035789473684210524 0.06179775280898876
1 0.5642105263157895 0.6671348314606741 0.05894736842105263 0.09269662921348315
1 0.48789473684210527 0.7570224719101123 0.09368421052631579 0.15730337078651685
1 0.6168421052631579 0.7205056179775281 0.09052631578947368 0.16292134831460675
1 0.6142105263157894 0.5667134831460674 0.04105263157894737 0.05758426966292135
1 0.59 0.559691011235955 0.03263157894736842 0.05758426966292135
1 0.6789473684210526 0.6207865168539326 0.056842105263157895 0.07584269662921347
1 0.6884210526315789 0.5772471910112359 0.03789473684210526 0.05898876404494382
1 0.7563157894736842 0.5941011235955056 0.04526315789473684 0.0646067415730337
1 0.7921052631578948 0.663623595505618 0.06421052631578947 0.09129213483146068
1 0.8305263157894737 0.5807584269662921 0.03789473684210526 0.05758426966292135
1 0.8136842105263158 0.5259831460674157 0.027368421052631577 0.04073033707865169
1 0.8952631578947369 0.6193820224719101 0.05789473684210526 0.07865168539325842
1 0.8763157894736842 0.5702247191011236 0.0431578947368421 0.0449438202247191
1 0.9310526315789474 0.6060393258426966 0.04526315789473684 0.07162921348314606
1 0.9673684210526315 0.5849719101123595 0.04421052631578947 0.06601123595505617
1 0.9878947368421053 0.5632022471910112 0.024210526315789474 0.05337078651685393
