1 0.03728070175438596 0.3369140625 0.046052631578947366 0.080078125
1 0.07949561403508772 0.388671875 0.049342105263157895 0.09765625
1 0.19846491228070173 0.3740234375 0.03508771929824561 0.068359375
1 0.22478070175438594 0.4609375 0.05263157894736842 0.10546875
1 0.24232456140350875 0.3095703125 0.03070175438596491 0.068359375
1 0.29605263157894735 0.29296875 0.02412280701754386 0.0546875
1 0.31853070175438597 0.3447265625 0.027412280701754384 0.052734375
1 0.3508771929824561 0.3759765625 0.043859649122807015 0.076171875
1 0.37609649122807015 0.458984375 0.06798245614035087 0.12109375
1 0.40296052631578944 0.3525390625 0.03399122807017543 0.068359375
1 0.4276315789473684 0.3125 0.02631578947368421 0.05859375
1 0.45614035087719296 0.3828125 0.046052631578947366 0.078125
1 0.5433114035087719 0.37109375 0.044956140350877194 0.078125
1 0.5723684210526315 0.322265625 0.03070175438596491 0.0625
1 0.6233552631578947 0.283203125 0.029605263157894735 0.0546875
1 0.6408991228070176 0.353515625 0.0537280701754386 0.1171875
1 0.6255482456140351 0.47265625 0.08223684210526315 0.16015625
1 0.7483552631578947 0.38671875 0.06030701754385964 0.1171875
1 0.9462719298245613 0.2451171875 0.03728070175438596 0.080078125
