1 0.0175 0.7172236503856041 0.018333333333333333 0.030848329048843187
1 0.0325 0.7056555269922878 0.015000000000000001 0.033419023136246784
1 0.020833333333333336 0.6876606683804627 0.011666666666666667 0.01799485861182519
1 0.055 0.7326478149100256 0.023333333333333334 0.03598971722365038
1 0.05166666666666667 0.7030848329048842 0.016666666666666666 0.028277634961439587
1 0.05666666666666667 0.6915167095115681 0.016666666666666666 0.02056555269922879
1 0.08083333333333334 0.6915167095115681 0.015000000000000001 0.025706940874035987
1 0.07416666666666667 0.7172236503856041 0.018333333333333333 0.030848329048843187
1 0.06583333333333334 0.8110539845758354 0.04833333333333334 0.05912596401028277
1 0.11750000000000001 0.7172236503856041 0.021666666666666667 0.030848329048843187
1 0.11416666666666668 0.6940874035989717 0.015000000000000001 0.02056555269922879
1 0.12333333333333334 0.6838046272493573 0.013333333333333334 0.025706940874035987
1 0.1525 0.7056555269922878 0.018333333333333333 0.033419023136246784
1 0.15000000000000002 0.6928020565552698 0.013333333333333334 0.02313624678663239
1 0.18250000000000002 0.6953727506426735 0.018333333333333333 0.028277634961439587
1 0.19333333333333336 0.7107969151670951 0.02 0.02313624678663239
1 0.20583333333333334 0.6876606683804627 0.018333333333333333 0.028277634961439587
1 0.21750000000000003 0.6966580976863753 0.018333333333333333 0.025706940874035987
1 0.24416666666666667 0.6940874035989717 0.015000000000000001 0.02056555269922879
1 0.2066666666666667 0.7300771208226221 0.02666666666666667 0.04113110539845758
1 0.2275 0.7583547557840616 0.03166666666666667 0.051413881748071974
1 0.22666666666666668 0.8071979434447301 0.04 0.056555269922879174
1 0.20916666666666667 0.8637532133676092 0.06833333333333334 0.10796915167095116
1 0.18250000000000002 0.7853470437017994 0.04166666666666667 0.06426735218508997
1 0.17 0.7455012853470436 0.030000000000000002 0.04113110539845758
1 0.265 0.74293059125964 0.02666666666666667 0.03598971722365038
1 0.2725 0.7146529562982005 0.021666666666666667 0.030848329048843187
1 0.29250000000000004 0.7197943444730076 0.015000000000000001 0.025706940874035987
1 0.2941666666666667 0.7480719794344473 0.025 0.04627249357326478
1 0.3066666666666667 0.7969151670951157 0.043333333333333335 0.06683804627249357
1 0.335 0.7583547557840616 0.02666666666666667 0.056555269922879174
1 0.36500000000000005 0.7519280205655526 0.02666666666666667 0.04370179948586118
1 0.39083333333333337 0.7467866323907455 0.025 0.04370179948586118
1 0.3616666666666667 0.7185089974293059 0.02 0.028277634961439587
1 0.3641666666666667 0.6953727506426735 0.018333333333333333 0.02313624678663239
1 0.38 0.7069408740359897 0.02 0.025706940874035987
1 0.3983333333333334 0.7133676092544987 0.016666666666666666 0.033419023136246784
1 0.4041666666666667 0.7005141388174807 0.015000000000000001 0.02313624678663239
1 0.32666666666666666 0.7210796915167095 0.02 0.02313624678663239
1 0.33083333333333337 0.7107969151670951 0.018333333333333333 0.02313624678663239
1 0.43500000000000005 0.8097686375321336 0.04666666666666667 0.08226221079691516
1 0.445 0.7853470437017994 0.03333333333333333 0.05912596401028277
1 0.45 0.74293059125964 0.02666666666666667 0.04113110539845758
1 0.4566666666666667 0.7210796915167095 0.02 0.033419023136246784
1 0.48500000000000004 0.6915167095115681 0.016666666666666666 0.02056555269922879
1 0.49333333333333335 0.7095115681233932 0.016666666666666666 0.025706940874035987
1 0.5091666666666667 0.7300771208226221 0.021666666666666667 0.04113110539845758
1 0.5183333333333333 0.7442159383033419 0.023333333333333334 0.04884318766066838
1 0.5366666666666667 0.7699228791773778 0.03666666666666667 0.05398457583547558
1 0.5608333333333334 0.7159383033419022 0.021666666666666667 0.033419023136246784
1 0.525 0.7043701799485861 0.01 0.02056555269922879
1 0.5783333333333334 0.6953727506426735 0.013333333333333334 0.01799485861182519
1 0.6183333333333334 0.6940874035989717 0.02 0.02056555269922879
1 0.6233333333333334 0.7634961439588689 0.04 0.061696658097686374
1 0.6191666666666668 0.890745501285347 0.08166666666666667 0.14138817480719792
1 0.7200000000000001 0.7956298200514138 0.05333333333333334 0.09511568123393316
1 0.6925 0.74293059125964 0.035 0.04627249357326478
1 0.6708333333333334 0.7390745501285346 0.021666666666666667 0.04884318766066838
1 0.6383333333333334 0.7236503856041131 0.02 0.033419023136246784
1 0.6016666666666667 0.7133676092544987 0.016666666666666666 0.028277634961439587
1 0.6366666666666667 0.6979434447300771 0.016666666666666666 0.028277634961439587
1 0.6766666666666667 0.6953727506426735 0.02 0.028277634961439587
1 0.6808333333333334 0.7069408740359897 0.015000000000000001 0.025706940874035987
1 0.6941666666666667 0.7095115681233932 0.018333333333333333 0.025706940874035987
1 0.7350000000000001 0.7172236503856041 0.023333333333333334 0.030848329048843187
1 0.7316666666666667 0.7467866323907455 0.023333333333333334 0.04370179948586118
1 0.7591666666666668 0.7172236503856041 0.021666666666666667 0.04113110539845758
1 0.7475 0.6953727506426735 0.015000000000000001 0.02313624678663239
1 0.7775000000000001 0.6915167095115681 0.015000000000000001 0.025706940874035987
1 0.7841666666666667 0.6915167095115681 0.011666666666666667 0.02056555269922879
1 0.8183333333333334 0.7223650385604112 0.023333333333333334 0.04113110539845758
1 0.8266666666666668 0.7609254498714653 0.04 0.07197943444730076
1 0.8375 0.652956298200514 0.018333333333333333 0.03598971722365038
1 0.8625 0.7210796915167095 0.018333333333333333 0.028277634961439587
1 0.8750000000000001 0.6992287917737788 0.016666666666666666 0.030848329048843187
1 0.8641666666666667 0.6838046272493573 0.011666666666666667 0.02056555269922879
1 0.9008333333333334 0.7197943444730076 0.021666666666666667 0.025706940874035987
1 0.9275000000000001 0.7840616966580977 0.055 0.10282776349614395
1 0.8883333333333334 0.7506426735218509 0.023333333333333334 0.04627249357326478
1 0.9725 0.8020565552699228 0.04833333333333334 0.06683804627249357
1 0.9825 0.7416452442159382 0.025 0.033419023136246784
1 0.9400000000000001 0.7056555269922878 0.023333333333333334 0.038560411311053984
1 0.9650000000000001 0.7056555269922878 0.02 0.033419023136246784
1 0.9891666666666667 0.7159383033419022 0.018333333333333333 0.033419023136246784
1 0.9108333333333334 0.6915167095115681 0.015000000000000001 0.025706940874035987
1 0.8933333333333334 0.6889460154241644 0.016666666666666666 0.03598971722365038
1 0.9316666666666668 0.6850899742930591 0.013333333333333334 0.01799485861182519
1 0.4666666666666667 0.5938303341902313 0.01 0.015424164524421594
1 0.5283333333333333 0.5976863753213367 0.01 0.01799485861182519
