0 0.66650390625 0.3374816983894583 0.1005859375 0.19765739385065886
0 0.83544921875 0.3689604685212299 0.1513671875 0.26939970717423134
0 0.53466796875 0.40043923865300146 0.0341796875 0.060029282576866766
0 0.50244140625 0.4546120058565154 0.0322265625 0.05417276720351391
0 0.50439453125 0.4158125915080527 0.0283203125 0.040995607613469986
0 0.49072265625 0.3967789165446559 0.0126953125 0.02635431918008785
0 0.470703125 0.41727672035139096 0.005859375 0.008784773060029283
0 0.4072265625 0.3469985358711567 0.08984375 0.16398243045387995
0 0.33203125 0.4480234260614934 0.02734375 0.0527086383601757
0 0.36279296875 0.4216691068814056 0.0146484375 0.032210834553440704
0 0.37939453125 0.45314787701317716 0.0185546875 0.03953147877013177
0 0.3154296875 0.43923865300146414 0.0078125 0.017569546120058566
0 0.2734375 0.4758418740849195 0.025390625 0.03513909224011713
0 0.15185546875 0.47218155197657397 0.0087890625 0.016105417276720352
0 0.06103515625 0.46486090775988287 0.0615234375 0.09224011713030747
