1 0.125 0.48333333333333334 0.07187500000000001 0.09166666666666666
1 0.013281250000000001 0.5947916666666666 0.0234375 0.06041666666666667
1 0.0421875 0.8135416666666666 0.078125 0.16041666666666665
1 0.18125000000000002 0.8239583333333333 0.14375000000000002 0.18541666666666667
1 0.2109375 0.5791666666666666 0.07187500000000001 0.1
1 0.29921875000000003 0.5197916666666667 0.0703125 0.08958333333333333
1 0.40703125 0.5135416666666667 0.0703125 0.09791666666666667
1 0.3875 0.7145833333333333 0.10625000000000001 0.14583333333333334
1 0.54453125 0.721875 0.1078125 0.17291666666666666
1 0.5953125 0.6739583333333333 0.08125 0.14375
1 0.65546875 0.4166666666666667 0.0671875 0.0875
1 0.84765625 0.6833333333333333 0.08281250000000001 0.12916666666666665
