1 0.9127310061601643 0.17124542124542125 0.012320328542094456 0.0347985347985348
1 0.9399383983572895 0.17216117216117216 0.013347022587268994 0.03296703296703297
1 0.8850102669404518 0.15842490842490842 0.012320328542094456 0.031135531135531136
1 0.8942505133470227 0.1804029304029304 0.014373716632443533 0.0347985347985348
1 0.9409650924024641 0.20146520146520147 0.013347022587268994 0.03296703296703297
1 0.9337782340862424 0.23534798534798534 0.01540041067761807 0.038461538461538464
1 0.9348049281314169 0.25274725274725274 0.01540041067761807 0.040293040293040296
1 0.9296714579055442 0.28113553113553114 0.01540041067761807 0.04212454212454213
1 0.9286447638603696 0.33516483516483514 0.019507186858316223 0.054945054945054944
1 0.8531827515400411 0.30128205128205127 0.02053388090349076 0.056776556776556776
1 0.8341889117043122 0.35805860805860806 0.023613963039014373 0.07142857142857142
1 0.8706365503080082 0.2875457875457875 0.02053388090349076 0.047619047619047616
1 0.8773100616016427 0.24267399267399267 0.017453798767967148 0.04212454212454213
1 0.8793634496919919 0.2087912087912088 0.019507186858316223 0.040293040293040296
1 0.8742299794661191 0.16758241758241757 0.013347022587268994 0.0347985347985348
1 0.8670431211498973 0.1749084249084249 0.013347022587268994 0.0347985347985348
1 0.8449691991786448 0.15018315018315018 0.014373716632443533 0.029304029304029304
1 0.8311088295687885 0.16575091575091574 0.013347022587268994 0.0347985347985348
1 0.8413757700205339 0.21153846153846154 0.017453798767967148 0.04212454212454213
1 0.7967145790554415 0.20054945054945056 0.014373716632443533 0.0347985347985348
1 0.7838809034907598 0.1401098901098901 0.011293634496919919 0.031135531135531136
1 0.7736139630390144 0.18681318681318682 0.01540041067761807 0.040293040293040296
1 0.8126283367556468 0.27197802197802196 0.017453798767967148 0.04945054945054945
1 0.8459958932238193 0.19597069597069597 0.014373716632443533 0.040293040293040296
1 0.7577002053388091 0.12728937728937728 0.014373716632443533 0.031135531135531136
1 0.7597535934291582 0.14743589743589744 0.014373716632443533 0.038461538461538464
1 0.7428131416837782 0.16941391941391942 0.013347022587268994 0.038461538461538464
1 0.7792607802874744 0.26556776556776557 0.024640657084188913 0.05128205128205128
1 0.8151950718685832 0.20146520146520147 0.01642710472279261 0.040293040293040296
1 0.7566735112936345 0.33882783882783885 0.026694045174537988 0.07326007326007326
1 0.6796714579055442 0.3342490842490842 0.03080082135523614 0.0641025641025641
1 0.7222792607802875 0.23901098901098902 0.017453798767967148 0.045787545787545784
1 0.7268993839835729 0.14194139194139194 0.014373716632443533 0.038461538461538464
1 0.7114989733059549 0.1620879120879121 0.01642710472279261 0.0347985347985348
1 0.62782340862423 0.2948717948717949 0.025667351129363452 0.06227106227106227
1 0.6365503080082136 0.2454212454212454 0.018480492813141684 0.04395604395604395
1 0.6442505133470227 0.1978021978021978 0.017453798767967148 0.04395604395604395
1 0.6765913757700206 0.21062271062271062 0.018480492813141684 0.05128205128205128
1 0.6704312114989733 0.2600732600732601 0.02053388090349076 0.054945054945054944
1 0.6611909650924025 0.17673992673992675 0.018480492813141684 0.04212454212454213
1 0.6555441478439425 0.1382783882783883 0.013347022587268994 0.027472527472527472
1 0.6899383983572895 0.12454212454212454 0.012320328542094456 0.029304029304029304
1 0.707905544147844 0.12454212454212454 0.009240246406570842 0.02564102564102564
1 0.6514373716632443 0.10714285714285714 0.009240246406570842 0.031135531135531136
1 0.6647843942505134 0.11263736263736264 0.009240246406570842 0.023809523809523808
1 0.6771047227926078 0.12087912087912088 0.009240246406570842 0.02564102564102564
1 0.6139630390143738 0.1043956043956044 0.012320328542094456 0.029304029304029304
1 0.6298767967145791 0.12179487179487179 0.011293634496919919 0.023809523809523808
1 0.62782340862423 0.15293040293040294 0.013347022587268994 0.0347985347985348
1 0.5913757700205339 0.10989010989010989 0.01026694045174538 0.02564102564102564
1 0.6001026694045175 0.14102564102564102 0.01540041067761807 0.03296703296703297
1 0.5888090349075975 0.16483516483516483 0.013347022587268994 0.03663003663003663
1 0.5944558521560576 0.25 0.022587268993839837 0.056776556776556776
1 0.5862422997946612 0.2793040293040293 0.026694045174537988 0.05311355311355311
1 0.5302874743326489 0.2673992673992674 0.023613963039014373 0.05860805860805861
1 0.5559548254620124 0.1804029304029304 0.013347022587268994 0.0347985347985348
1 0.5636550308008214 0.16117216117216118 0.014373716632443533 0.040293040293040296
1 0.5518480492813141 0.1227106227106227 0.013347022587268994 0.02564102564102564
1 0.5379876796714579 0.15293040293040294 0.012320328542094456 0.0347985347985348
1 0.5359342915811088 0.13736263736263737 0.012320328542094456 0.03296703296703297
1 0.5066735112936345 0.1446886446886447 0.013347022587268994 0.03296703296703297
1 0.5205338809034907 0.12728937728937728 0.01026694045174538 0.027472527472527472
1 0.5277207392197125 0.1282051282051282 0.01026694045174538 0.029304029304029304
1 0.49435318275154005 0.14377289377289376 0.011293634496919919 0.031135531135531136
1 0.4948665297741273 0.21428571428571427 0.018480492813141684 0.04395604395604395
1 0.5251540041067762 0.16117216117216118 0.011293634496919919 0.03663003663003663
1 0.4425051334702259 0.15476190476190477 0.012320328542094456 0.027472527472527472
1 0.46663244353182753 0.17216117216117216 0.01540041067761807 0.03663003663003663
1 0.47741273100616016 0.18956043956043955 0.01642710472279261 0.038461538461538464
1 0.44969199178644764 0.2078754578754579 0.02053388090349076 0.04945054945054945
1 0.4127310061601643 0.20054945054945056 0.01642710472279261 0.038461538461538464
1 0.3336755646817249 0.18315018315018314 0.012320328542094456 0.03296703296703297
1 0.3506160164271047 0.20238095238095238 0.01540041067761807 0.0347985347985348
1 0.3162217659137577 0.2271062271062271 0.01642710472279261 0.040293040293040296
1 0.11088295687885011 0.4432234432234432 0.045174537987679675 0.10256410256410256
1 0.6996919917864477 0.21336996336996336 0.017453798767967148 0.038461538461538464
