1 0.08666666666666667 0.49251870324189523 0.16666666666666669 0.30673316708229426
1 0.11166666666666668 0.32044887780548625 0.15000000000000002 0.1172069825436409
1 0.045000000000000005 0.2506234413965087 0.08333333333333334 0.0773067331670823
1 0.10500000000000001 0.2256857855361596 0.08333333333333334 0.057356608478802994
1 0.33333333333333337 0.24937655860349126 0.07333333333333333 0.05486284289276808
1 0.28833333333333333 0.22194513715710723 0.05666666666666667 0.04987531172069826
1 0.2516666666666667 0.21072319201995013 0.043333333333333335 0.032418952618453865
1 0.4166666666666667 0.2805486284289277 0.09333333333333334 0.09226932668329177
1 0.5983333333333334 0.3316708229426434 0.19 0.16957605985037405
1 0.48333333333333334 0.22942643391521197 0.07333333333333333 0.06483790523690773
1 0.4166666666666667 0.22693266832917705 0.05333333333333334 0.034912718204488775
1 0.5900000000000001 0.2231920199501247 0.05333333333333334 0.03740648379052369
1 0.675 0.2643391521197007 0.07666666666666667 0.06483790523690773
1 0.765 0.2506234413965087 0.07 0.057356608478802994
1 0.8600000000000001 0.24064837905236908 0.060000000000000005 0.04738154613466334
1 0.8916666666666667 0.32169576059850374 0.11666666666666667 0.10473815461346633
1 0.9750000000000001 0.28428927680798005 0.05 0.07481296758104738
1 0.7466666666666667 0.1596009975062344 0.060000000000000005 0.05486284289276808
