1 0.15939278937381404 0.35108153078202997 0.04554079696394687 0.07986688851913477
1 0.25948766603415563 0.2820299500831947 0.018026565464895637 0.04159733777038269
1 0.29791271347248577 0.2745424292845258 0.020872865275142316 0.036605657237936774
1 0.3159392789373814 0.24625623960066556 0.020872865275142316 0.03993344425956739
1 0.3282732447817837 0.21547420965058237 0.015180265654648957 0.03161397670549085
1 0.34914611005692603 0.21713810316139767 0.017077798861480076 0.03494176372712147
1 0.36622390891840606 0.21880199667221298 0.013282732447817837 0.03494176372712147
1 0.3723908918406072 0.2420965058236273 0.014231499051233398 0.04492512479201331
1 0.38425047438330173 0.2271214642262895 0.015180265654648957 0.03161397670549085
1 0.38804554079696396 0.2004991680532446 0.018975332068311195 0.03494176372712147
1 0.4150853889943074 0.1697171381031614 0.014231499051233398 0.02329450915141431
1 0.42836812144212527 0.18885191347753744 0.016129032258064516 0.028286189683860232
1 0.4364326375711575 0.2221297836938436 0.015180265654648957 0.04492512479201331
1 0.4501897533206831 0.1930116472545757 0.018026565464895637 0.03993344425956739
1 0.45920303605313095 0.17554076539101499 0.015180265654648957 0.03494176372712147
1 0.4577798861480076 0.22795341098169716 0.019924098671726755 0.03993344425956739
1 0.47343453510436434 0.16306156405990016 0.015180265654648957 0.029950083194675542
1 0.4814990512333966 0.18885191347753744 0.012333965844402278 0.03826955074875208
1 0.49335863377609107 0.17221297836938437 0.015180265654648957 0.03161397670549085
1 0.5004743833017078 0.1896838602329451 0.014231499051233398 0.036605657237936774
1 0.5222960151802657 0.2096505823627288 0.019924098671726755 0.036605657237936774
1 0.4791271347248577 0.2512479201331115 0.022770398481973434 0.029950083194675542
1 0.49098671726755216 0.13227953410981697 0.012333965844402278 0.02495840266222962
1 0.530360531309298 0.13311148086522462 0.013282732447817837 0.029950083194675542
1 0.5545540796963947 0.1589018302828619 0.014231499051233398 0.03494176372712147
1 0.5830170777988615 0.08569051580698836 0.012333965844402278 0.02495840266222962
1 0.603415559772296 0.12479201331114809 0.015180265654648957 0.026622296173044926
1 0.579696394686907 0.12229617304492513 0.013282732447817837 0.028286189683860232
1 0.5759013282732448 0.18718801996672213 0.018975332068311195 0.03494176372712147
1 0.5834914611005693 0.16555740432612312 0.017077798861480076 0.03161397670549085
1 0.622865275142315 0.15391014975041598 0.019924098671726755 0.03161397670549085
1 0.6366223908918406 0.10316139767054909 0.013282732447817837 0.02329450915141431
1 0.6522770398481974 0.10149750415973378 0.014231499051233398 0.026622296173044926
1 0.6774193548387097 0.07071547420965059 0.015180265654648957 0.03161397670549085
1 0.6309297912713473 0.2113144758735441 0.020872865275142316 0.03993344425956739
1 0.5744781783681214 0.24625623960066556 0.019924098671726755 0.03993344425956739
1 0.49098671726755216 0.3019966722129784 0.033206831119544596 0.04492512479201331
1 0.540796963946869 0.34941763727121466 0.028462998102466795 0.04658901830282862
1 0.6000948766603416 0.3544093178036606 0.029411764705882353 0.0632279534109817
1 0.6740986717267552 0.3668885191347754 0.029411764705882353 0.05823627287853578
1 0.6148007590132828 0.2670549084858569 0.024667931688804556 0.048252911813643926
1 0.6665085388994307 0.3019966722129784 0.025616698292220113 0.05490848585690516
1 0.6731499051233397 0.21381031613976706 0.019924098671726755 0.04159733777038269
1 0.6736242884250474 0.1821963394342762 0.018975332068311195 0.03826955074875208
1 0.6954459203036053 0.15474209650582363 0.017077798861480076 0.033277870216306155
1 0.7016129032258065 0.19051580698835274 0.018026565464895637 0.03494176372712147
1 0.6978178368121443 0.21963394342762063 0.021821631878557877 0.04326123128119801
1 0.7528462998102466 0.19717138103161397 0.018026565464895637 0.04159733777038269
1 0.7367172675521821 0.15806988352745424 0.018026565464895637 0.036605657237936774
1 0.7552182163187856 0.16306156405990016 0.013282732447817837 0.033277870216306155
1 0.7248576850094877 0.06405990016638935 0.015180265654648957 0.028286189683860232
1 0.7855787476280836 0.12895174708818635 0.013282732447817837 0.03494176372712147
1 0.8040796963946869 0.14559068219633944 0.012333965844402278 0.028286189683860232
1 0.829696394686907 0.16555740432612312 0.014231499051233398 0.03161397670549085
1 0.8154648956356736 0.13810316139767057 0.012333965844402278 0.02329450915141431
1 0.8425047438330171 0.14392678868552414 0.013282732447817837 0.03494176372712147
1 0.7983870967741936 0.18552412645590682 0.019924098671726755 0.048252911813643926
1 0.8572106261859582 0.15557404326123128 0.014231499051233398 0.03161397670549085
1 0.8695445920303605 0.14891846921797006 0.014231499051233398 0.03494176372712147
1 0.8757115749525617 0.13477537437603992 0.013282732447817837 0.029950083194675542
1 0.9065464895635674 0.14059900166389352 0.010436432637571158 0.02495840266222962
1 0.9022770398481974 0.15806988352745424 0.013282732447817837 0.026622296173044926
1 0.8994307400379506 0.17304492512479203 0.015180265654648957 0.026622296173044926
1 0.892314990512334 0.18469217970049917 0.016129032258064516 0.036605657237936774
1 0.9359582542694498 0.20299500831946757 0.016129032258064516 0.036605657237936774
1 0.9425996204933587 0.16139767054908485 0.014231499051233398 0.029950083194675542
1 0.853415559772296 0.17970049916805325 0.014231499051233398 0.026622296173044926
1 0.8837760910815939 0.2454242928452579 0.019924098671726755 0.03826955074875208
1 0.9264705882352942 0.2870216306156406 0.023719165085388995 0.05490848585690516
1 0.821157495256167 0.25707154742096505 0.019924098671726755 0.05823627287853578
1 0.75426944971537 0.2670549084858569 0.024667931688804556 0.048252911813643926
1 0.7277039848197343 0.29201331114808654 0.026565464895635674 0.05823627287853578
1 0.7983870967741936 0.3178036605657238 0.023719165085388995 0.059900166389351084
1 0.5075901328273245 0.14891846921797006 0.015180265654648957 0.021630615640599003
1 0.793168880455408 0.12146422628951747 0.013282732447817837 0.029950083194675542
