1 0.097 0.2957957957957958 0.07 0.11711711711711711
1 0.196 0.3363363363363363 0.048 0.07207207207207207
1 0.294 0.22822822822822822 0.052000000000000005 0.08408408408408408
1 0.418 0.2777777777777778 0.044 0.08108108108108109
1 0.488 0.24024024024024024 0.056 0.08408408408408408
1 0.557 0.3708708708708709 0.054 0.1111111111111111
1 0.606 0.25975975975975973 0.048 0.09309309309309309
1 0.635 0.28678678678678676 0.054 0.1111111111111111
1 0.733 0.24324324324324323 0.066 0.10810810810810811
1 0.794 0.3738738738738739 0.092 0.12312312312312312
1 0.8140000000000001 0.49099099099099097 0.1 0.15915915915915915
1 0.609 0.44894894894894893 0.066 0.11711711711711711
1 0.627 0.7282282282282282 0.10200000000000001 0.14714714714714713
1 0.561 0.5900900900900901 0.098 0.13513513513513514
1 0.439 0.7552552552552553 0.122 0.17717717717717718
1 0.177 0.6411411411411412 0.146 0.19519519519519518
