1 0.15384615384615385 0.43173076923076925 0.020512820512820513 0.03653846153846154
1 0.03653846153846154 0.7413461538461539 0.06794871794871794 0.12884615384615386
1 0.02435897435897436 0.6538461538461539 0.04358974358974359 0.07307692307692308
1 0.0673076923076923 0.6807692307692308 0.052564102564102565 0.07692307692307693
1 0.06217948717948718 0.6173076923076923 0.03461538461538462 0.05384615384615385
1 0.0532051282051282 0.5673076923076923 0.03205128205128205 0.05384615384615385
1 0.016025641025641024 0.5548076923076923 0.021794871794871794 0.04423076923076923
1 0.1467948717948718 0.6538461538461539 0.03205128205128205 0.057692307692307696
1 0.16987179487179488 0.7057692307692308 0.047435897435897434 0.07692307692307693
1 0.23974358974358975 0.8721153846153846 0.12564102564102564 0.14423076923076925
1 0.3 0.7884615384615385 0.06666666666666667 0.12307692307692308
1 0.2762820512820513 0.6846153846153846 0.05512820512820513 0.08846153846153847
1 0.20576923076923076 0.6461538461538462 0.04230769230769231 0.057692307692307696
1 0.1967948717948718 0.539423076923077 0.03205128205128205 0.03653846153846154
1 0.23076923076923078 0.5567307692307693 0.023076923076923078 0.04038461538461539
1 0.25 0.5298076923076923 0.02564102564102564 0.04038461538461539
1 0.28846153846153844 0.5567307692307693 0.023076923076923078 0.04038461538461539
1 0.2967948717948718 0.5230769230769231 0.026923076923076925 0.038461538461538464
1 0.33653846153846156 0.5259615384615385 0.021794871794871794 0.04038461538461539
1 0.3243589743589744 0.5913461538461539 0.028205128205128206 0.03653846153846154
1 0.3506410256410256 0.5663461538461538 0.02435897435897436 0.03653846153846154
1 0.358974358974359 0.5480769230769231 0.02564102564102564 0.03461538461538462
1 0.3801282051282051 0.5298076923076923 0.019230769230769232 0.03653846153846154
1 0.39166666666666666 0.5615384615384615 0.029487179487179487 0.046153846153846156
1 0.3474358974358974 0.6230769230769231 0.035897435897435895 0.046153846153846156
1 0.40192307692307694 0.7442307692307693 0.0782051282051282 0.13076923076923078
1 0.4756410256410256 0.8038461538461539 0.08974358974358974 0.1653846153846154
1 0.6987179487179487 0.7538461538461538 0.08461538461538462 0.13461538461538464
1 0.8358974358974359 0.9163461538461539 0.1564102564102564 0.16730769230769232
1 0.9237179487179488 0.6673076923076924 0.06282051282051282 0.09230769230769231
1 0.892948717948718 0.6038461538461539 0.03717948717948718 0.05384615384615385
1 0.9205128205128205 0.5807692307692308 0.038461538461538464 0.057692307692307696
1 0.9538461538461539 0.5692307692307692 0.03333333333333333 0.05
1 0.8589743589743589 0.5721153846153847 0.03076923076923077 0.04807692307692308
1 0.8064102564102564 0.6201923076923077 0.04358974358974359 0.07500000000000001
1 0.7685897435897436 0.5846153846153846 0.03205128205128205 0.05
1 0.7333333333333333 0.6336538461538462 0.05128205128205128 0.07884615384615384
1 0.7217948717948718 0.5855769230769231 0.02564102564102564 0.04038461538461539
1 0.6833333333333333 0.6028846153846155 0.038461538461538464 0.04807692307692308
1 0.625 0.5961538461538461 0.04230769230769231 0.06538461538461539
1 0.5641025641025641 0.6192307692307693 0.041025641025641026 0.06538461538461539
1 0.5282051282051282 0.5875 0.02564102564102564 0.03653846153846154
1 0.5096153846153846 0.625 0.03717948717948718 0.05384615384615385
1 0.4935897435897436 0.5644230769230769 0.02564102564102564 0.03653846153846154
1 0.44871794871794873 0.6288461538461538 0.03076923076923077 0.057692307692307696
1 0.42115384615384616 0.6201923076923077 0.029487179487179487 0.051923076923076926
1 0.44871794871794873 0.5663461538461538 0.023076923076923078 0.03653846153846154
1 0.42948717948717946 0.5471153846153847 0.017948717948717947 0.028846153846153848
1 0.4153846153846154 0.5230769230769231 0.015384615384615385 0.026923076923076925
1 0.4467948717948718 0.5230769230769231 0.016666666666666666 0.026923076923076925
1 0.4673076923076923 0.5346153846153846 0.016666666666666666 0.03076923076923077
1 0.4891025641025641 0.5230769230769231 0.019230769230769232 0.03076923076923077
1 0.5044871794871795 0.5288461538461539 0.019230769230769232 0.03461538461538462
1 0.5326923076923077 0.5538461538461539 0.019230769230769232 0.03076923076923077
1 0.5352564102564102 0.5278846153846154 0.019230769230769232 0.028846153846153848
1 0.5525641025641026 0.5153846153846154 0.020512820512820513 0.026923076923076925
1 0.5762820512820512 0.5134615384615385 0.019230769230769232 0.038461538461538464
1 0.5935897435897436 0.5326923076923077 0.023076923076923078 0.04230769230769231
1 0.6153846153846154 0.5096153846153847 0.017948717948717947 0.03076923076923077
1 0.6275641025641026 0.5009615384615385 0.019230769230769232 0.028846153846153848
1 0.6269230769230769 0.5230769230769231 0.015384615384615385 0.023076923076923078
1 0.6384615384615384 0.5413461538461539 0.015384615384615385 0.028846153846153848
1 0.6012820512820513 0.5884615384615385 0.028205128205128206 0.05
1 0.6743589743589744 0.5365384615384615 0.020512820512820513 0.03076923076923077
1 0.6506410256410257 0.5134615384615385 0.014102564102564103 0.026923076923076925
1 0.6884615384615385 0.5173076923076924 0.015384615384615385 0.03076923076923077
1 0.6961538461538461 0.5375 0.017948717948717947 0.028846153846153848
1 0.7076923076923077 0.5067307692307692 0.015384615384615385 0.03653846153846154
1 0.7217948717948718 0.5028846153846154 0.017948717948717947 0.028846153846153848
1 0.8525641025641025 0.5192307692307693 0.020512820512820513 0.026923076923076925
1 0.7852564102564102 0.5115384615384616 0.016666666666666666 0.026923076923076925
