1 0.065 0.39789789789789787 0.038 0.06906906906906907
1 0.126 0.4024024024024024 0.04 0.06606606606606606
1 0.167 0.509009009009009 0.038 0.06906906906906907
1 0.213 0.3993993993993994 0.038 0.06606606606606606
1 0.251 0.512012012012012 0.034 0.06306306306306306
1 0.28200000000000003 0.4084084084084084 0.036000000000000004 0.05405405405405406
1 0.326 0.4174174174174174 0.036000000000000004 0.06606606606606606
1 0.34600000000000003 0.512012012012012 0.04 0.06906906906906907
1 0.387 0.41291291291291293 0.034 0.057057057057057055
1 0.427 0.506006006006006 0.042 0.06906906906906907
1 0.466 0.4099099099099099 0.036000000000000004 0.06306306306306306
1 0.512 0.5 0.04 0.07507507507507508
1 0.494 0.3993993993993994 0.028 0.04804804804804805
1 0.537 0.4099099099099099 0.03 0.06306306306306306
1 0.5680000000000001 0.4039039039039039 0.032 0.06306306306306306
1 0.607 0.515015015015015 0.046 0.08708708708708708
1 0.6 0.3963963963963964 0.036000000000000004 0.06606606606606606
1 0.663 0.4069069069069069 0.038 0.06306306306306306
1 0.673 0.503003003003003 0.038 0.06906906906906907
1 0.734 0.40540540540540543 0.04 0.07207207207207207
1 0.766 0.521021021021021 0.04 0.06906906906906907
1 0.806 0.4009009009009009 0.044 0.06906906906906907
1 0.842 0.40540540540540543 0.04 0.07207207207207207
