1 0.11400894187779434 0.8284574468085106 0.13263785394932937 0.2579787234042553
1 0.041728763040238454 0.7127659574468085 0.06855439642324888 0.15425531914893617
1 0.10804769001490314 0.6077127659574468 0.05812220566318927 0.09840425531914894
1 0.05663189269746647 0.5305851063829787 0.044709388971684055 0.08776595744680851
1 0.12146050670640834 0.4162234042553191 0.05216095380029806 0.08776595744680851
1 0.20715350223546944 0.5744680851063829 0.05663189269746647 0.10638297872340426
1 0.2555886736214605 0.6715425531914894 0.08196721311475409 0.15691489361702127
1 0.20342771982116245 0.39893617021276595 0.05812220566318927 0.09574468085106383
1 0.28315946348733234 0.4920212765957447 0.03576751117734724 0.06382978723404255
1 0.3509687034277198 0.49468085106382975 0.03427719821162444 0.05851063829787234
1 0.3591654247391952 0.35106382978723405 0.02384500745156483 0.05851063829787234
1 0.3919523099850969 0.5212765957446809 0.029806259314456036 0.06382978723404255
1 0.4172876304023845 0.49601063829787234 0.03278688524590164 0.06648936170212766
1 0.4947839046199702 0.5119680851063829 0.03278688524590164 0.06648936170212766
1 0.49850968703427717 0.5997340425531915 0.04918032786885246 0.08244680851063829
1 0.45603576751117736 0.8058510638297872 0.11624441132637854 0.19148936170212766
1 0.4791356184798808 0.4800531914893617 0.03427719821162444 0.08244680851063829
1 0.4761549925484352 0.3776595744680851 0.02533532041728763 0.05851063829787234
1 0.5134128166915052 0.39361702127659576 0.022354694485842028 0.05319148936170213
1 0.555886736214605 0.523936170212766 0.038748137108792845 0.07446808510638298
1 0.5312965722801788 0.4574468085106383 0.03129657228017884 0.05851063829787234
1 0.5819672131147541 0.4627659574468085 0.02533532041728763 0.05851063829787234
1 0.5901639344262295 0.3962765957446808 0.029806259314456036 0.05851063829787234
1 0.6311475409836066 0.5039893617021276 0.03129657228017884 0.061170212765957445
1 0.5991058122205664 0.5824468085106382 0.05067064083457526 0.10106382978723404
1 0.6296572280178837 0.46808510638297873 0.01639344262295082 0.0425531914893617
1 0.6572280178837556 0.4601063829787234 0.020864381520119227 0.047872340425531915
1 0.6706408345752608 0.48670212765957444 0.02682563338301043 0.05319148936170213
1 0.7295081967213115 0.3896276595744681 0.05812220566318927 0.09840425531914894
1 0.7041728763040238 0.6183510638297872 0.05216095380029806 0.1356382978723404
1 0.8070044709388972 0.5319148936170213 0.040238450074515646 0.07446808510638298
1 0.815946348733234 0.48936170212765956 0.02533532041728763 0.05319148936170213
1 0.8397913561847988 0.49468085106382975 0.028315946348733235 0.06382978723404255
1 0.8397913561847988 0.6742021276595744 0.08792846497764531 0.18351063829787234
1 0.9076005961251863 0.6462765957446809 0.06557377049180328 0.12234042553191489
1 0.8710879284649776 0.5571808510638298 0.05514157973174367 0.10372340425531915
1 0.9448584202682563 0.5678191489361702 0.044709388971684055 0.09308510638297872
1 0.9418777943368107 0.4654255319148936 0.029806259314456036 0.06914893617021277
1 0.9567809239940388 0.4920212765957447 0.02682563338301043 0.06382978723404255
