1 0.08253816793893129 0.3330522765598651 0.01812977099236641 0.03541315345699831
1 0.1297709923664122 0.30438448566610454 0.02099236641221374 0.045531197301854974
1 0.19131679389312978 0.49662731871838106 0.04103053435114504 0.09612141652613827
1 0.21994274809160305 0.2782462057335582 0.029580152671755722 0.05733558178752107
1 0.2981870229007633 0.2782462057335582 0.025763358778625952 0.05733558178752107
1 0.33349236641221375 0.26559865092748736 0.020038167938931296 0.042158516020236084
1 0.3711832061068702 0.26559865092748736 0.026717557251908396 0.05227655986509275
1 0.4336832061068702 0.22006745362563238 0.01812977099236641 0.0387858347386172
1 0.4541984732824427 0.2327150084317032 0.019083969465648856 0.043844856661045525
1 0.433206106870229 0.275716694772344 0.02480916030534351 0.04890387858347386
1 0.49284351145038163 0.3187183811129848 0.03148854961832061 0.06070826306913996
1 0.5500954198473282 0.3625632377740303 0.027671755725190837 0.05733558178752107
1 0.7204198473282443 0.14586846543001686 0.015267175572519083 0.03541315345699831
1 0.7542938931297709 0.15008431703204048 0.01812977099236641 0.03372681281618887
1 0.8907442748091603 0.22006745362563238 0.020038167938931296 0.04890387858347386
