1 0.041 0.33181818181818185 0.078 0.19696969696969696
1 0.123 0.296969696969697 0.066 0.12121212121212122
1 0.188 0.35454545454545455 0.052000000000000005 0.08484848484848485
1 0.28400000000000003 0.3303030303030303 0.07200000000000001 0.12121212121212122
1 0.329 0.3803030303030303 0.042 0.08787878787878788
1 0.395 0.37272727272727274 0.054 0.09090909090909091
1 0.429 0.4090909090909091 0.046 0.06666666666666667
1 0.449 0.38181818181818183 0.03 0.05454545454545454
1 0.543 0.38636363636363635 0.046 0.07575757575757576
1 0.617 0.36666666666666664 0.046 0.07878787878787878
1 0.711 0.3924242424242424 0.034 0.0696969696969697
1 0.9400000000000001 0.37424242424242427 0.10400000000000001 0.16666666666666666
