1 0.11469072164948453 0.5470588235294117 0.04381443298969072 0.06764705882352941
1 0.2079037800687285 0.3529411764705882 0.015463917525773196 0.026470588235294117
1 0.24355670103092783 0.37573529411764706 0.019759450171821305 0.03676470588235294
1 0.2813573883161512 0.3779411764705882 0.01804123711340206 0.03823529411764706
1 0.27190721649484534 0.32426470588235295 0.01804123711340206 0.030882352941176472
1 0.3230240549828179 0.3698529411764706 0.020618556701030927 0.039705882352941174
1 0.3397766323024055 0.3529411764705882 0.01632302405498282 0.032352941176470584
1 0.37285223367697595 0.3477941176470588 0.015463917525773196 0.030882352941176472
1 0.34106529209621994 0.30808823529411766 0.013745704467353952 0.027941176470588233
1 0.39776632302405496 0.35441176470588237 0.018900343642611683 0.03529411764705882
1 0.44415807560137455 0.35220588235294115 0.018900343642611683 0.03676470588235294
1 0.39733676975945015 0.31176470588235294 0.014604810996563574 0.023529411764705882
1 0.3784364261168385 0.28455882352941175 0.01288659793814433 0.022058823529411763
1 0.39690721649484534 0.2867647058823529 0.012027491408934707 0.020588235294117647
1 0.4213917525773196 0.29191176470588237 0.011168384879725086 0.027941176470588233
1 0.42010309278350516 0.2610294117647059 0.013745704467353952 0.025
1 0.43599656357388317 0.2691176470588235 0.01288659793814433 0.026470588235294117
1 0.4639175257731959 0.2852941176470588 0.015463917525773196 0.029411764705882353
1 0.4531786941580756 0.2514705882352941 0.01288659793814433 0.023529411764705882
1 0.4621993127147766 0.2411764705882353 0.012027491408934707 0.020588235294117647
1 0.5137457044673539 0.28602941176470587 0.01718213058419244 0.030882352941176472
1 0.5025773195876289 0.33455882352941174 0.01718213058419244 0.030882352941176472
1 0.46048109965635736 0.325 0.015463917525773196 0.029411764705882353
1 0.42912371134020616 0.3213235294117647 0.01632302405498282 0.027941176470588233
1 0.5124570446735395 0.2485294117647059 0.014604810996563574 0.029411764705882353
1 0.5283505154639175 0.2588235294117647 0.012027491408934707 0.026470588235294117
1 0.5438144329896907 0.2551470588235294 0.013745704467353952 0.030882352941176472
1 0.5743127147766323 0.2889705882352941 0.01288659793814433 0.033823529411764704
1 0.5584192439862543 0.2338235294117647 0.013745704467353952 0.029411764705882353
1 0.5760309278350515 0.22058823529411764 0.01288659793814433 0.023529411764705882
1 0.5807560137457044 0.2661764705882353 0.012027491408934707 0.029411764705882353
1 0.5876288659793815 0.2529411764705882 0.010309278350515464 0.020588235294117647
1 0.602233676975945 0.25735294117647056 0.012027491408934707 0.029411764705882353
1 0.6056701030927835 0.23455882352941176 0.012027491408934707 0.025
1 0.611254295532646 0.21029411764705883 0.01288659793814433 0.023529411764705882
1 0.627147766323024 0.2213235294117647 0.013745704467353952 0.022058823529411763
1 0.6421821305841924 0.22941176470588234 0.011168384879725086 0.026470588235294117
1 0.6417525773195876 0.2580882352941176 0.015463917525773196 0.027941176470588233
1 0.6683848797250859 0.2463235294117647 0.013745704467353952 0.027941176470588233
1 0.6645189003436426 0.22058823529411764 0.009450171821305841 0.020588235294117647
1 0.679553264604811 0.2338235294117647 0.012027491408934707 0.032352941176470584
1 0.7027491408934707 0.22426470588235295 0.010309278350515464 0.027941176470588233
1 0.46048109965635736 0.4323529411764706 0.029209621993127148 0.055882352941176466
1 0.538659793814433 0.3654411764705882 0.02577319587628866 0.04852941176470588
1 0.5210481099656358 0.4588235294117647 0.028350515463917526 0.047058823529411764
1 0.5884879725085911 0.47058823529411764 0.03264604810996564 0.055882352941176466
1 0.5871993127147767 0.40808823529411764 0.02663230240549828 0.039705882352941174
1 0.5996563573883161 0.3492647058823529 0.018900343642611683 0.039705882352941174
1 0.6464776632302406 0.3573529411764706 0.01804123711340206 0.03823529411764706
1 0.6623711340206185 0.38823529411764707 0.024054982817869414 0.047058823529411764
1 0.6924398625429553 0.37941176470588234 0.020618556701030927 0.03823529411764706
1 0.6413230240549828 0.49926470588235294 0.03006872852233677 0.060294117647058824
1 0.7074742268041238 0.5647058823529412 0.03006872852233677 0.061764705882352944
1 0.8234536082474226 0.5 0.02663230240549828 0.052941176470588235
1 0.7826460481099656 0.4522058823529412 0.02577319587628866 0.04852941176470588
1 0.7229381443298969 0.42867647058823527 0.03178694158075601 0.051470588235294115
1 0.6877147766323024 0.3286764705882353 0.02147766323024055 0.033823529411764704
1 0.6378865979381443 0.3220588235294118 0.019759450171821305 0.026470588235294117
1 0.6713917525773195 0.2875 0.01804123711340206 0.033823529411764704
1 0.7074742268041238 0.26323529411764707 0.014604810996563574 0.029411764705882353
1 0.7469931271477663 0.27058823529411763 0.014604810996563574 0.029411764705882353
1 0.7405498281786942 0.2514705882352941 0.013745704467353952 0.023529411764705882
1 0.7173539518900344 0.3088235294117647 0.020618556701030927 0.03529411764705882
1 0.7710481099656358 0.26838235294117646 0.01288659793814433 0.025
1 0.768041237113402 0.23602941176470588 0.015463917525773196 0.030882352941176472
1 0.790807560137457 0.25073529411764706 0.01288659793814433 0.027941176470588233
1 0.7830756013745704 0.29044117647058826 0.014604810996563574 0.030882352941176472
1 0.8109965635738832 0.25220588235294117 0.013745704467353952 0.027941176470588233
1 0.8333333333333334 0.2823529411764706 0.015463917525773196 0.032352941176470584
1 0.8247422680412371 0.3044117647058823 0.013745704467353952 0.029411764705882353
1 0.8217353951890034 0.3735294117647059 0.019759450171821305 0.05
1 0.8290378006872852 0.34705882352941175 0.018900343642611683 0.041176470588235294
1 0.8492268041237113 0.3220588235294118 0.01632302405498282 0.03529411764705882
1 0.8676975945017182 0.28970588235294115 0.015463917525773196 0.029411764705882353
1 0.8556701030927835 0.26323529411764707 0.012027491408934707 0.029411764705882353
1 0.8775773195876289 0.28308823529411764 0.011168384879725086 0.03676470588235294
1 0.8878865979381443 0.26691176470588235 0.011168384879725086 0.030882352941176472
1 0.9089347079037801 0.2867647058823529 0.013745704467353952 0.032352941176470584
1 0.9054982817869416 0.3338235294117647 0.013745704467353952 0.03529411764705882
1 0.8719931271477663 0.38676470588235295 0.020618556701030927 0.044117647058823525
1 0.8724226804123711 0.3551470588235294 0.019759450171821305 0.033823529411764704
1 0.9239690721649484 0.3367647058823529 0.01804123711340206 0.03823529411764706
1 0.9536082474226804 0.3801470588235294 0.01718213058419244 0.03676470588235294
1 0.9243986254295532 0.48308823529411765 0.018900343642611683 0.051470588235294115
1 0.8591065292096219 0.4808823529411765 0.030927835051546393 0.058823529411764705
1 0.9536082474226804 0.31470588235294117 0.013745704467353952 0.020588235294117647
1 0.9523195876288659 0.2867647058823529 0.011168384879725086 0.026470588235294117
