1 0.0175 0.555 0.03166666666666667 0.065
1 0.0675 0.5575 0.03833333333333334 0.055
1 0.06916666666666667 0.5325 0.021666666666666667 0.05
1 0.10833333333333334 0.53125 0.030000000000000002 0.0525
1 0.15833333333333335 0.54 0.03333333333333333 0.045
1 0.17500000000000002 0.52375 0.02 0.0325
1 0.21083333333333334 0.55 0.04166666666666667 0.065
1 0.26416666666666666 0.55875 0.04166666666666667 0.0675
1 0.26333333333333336 0.51 0.02666666666666667 0.04
1 0.3016666666666667 0.535 0.030000000000000002 0.045
1 0.3041666666666667 0.5175 0.021666666666666667 0.035
1 0.3416666666666667 0.55 0.030000000000000002 0.05
1 0.34833333333333333 0.52625 0.02666666666666667 0.0375
1 0.38083333333333336 0.52375 0.025 0.0375
1 0.42250000000000004 0.58375 0.05166666666666667 0.0725
1 0.39333333333333337 0.55125 0.030000000000000002 0.0475
1 0.5 0.57625 0.05666666666666667 0.0925
1 0.46416666666666667 0.5425 0.025 0.045
1 0.47750000000000004 0.52125 0.025 0.0375
1 0.5416666666666667 0.56125 0.03333333333333333 0.0625
1 0.5308333333333334 0.52125 0.028333333333333335 0.0425
1 0.6183333333333334 0.57625 0.04 0.0575
1 0.6125 0.54125 0.03166666666666667 0.0525
1 0.6491666666666667 0.41500000000000004 0.025 0.05
1 0.6866666666666668 0.61625 0.05 0.0925
1 0.6975 0.55625 0.028333333333333335 0.0525
1 0.6716666666666667 0.55125 0.02666666666666667 0.0525
1 0.7333333333333334 0.5775 0.043333333333333335 0.065
1 0.7541666666666668 0.535 0.03166666666666667 0.05
1 0.795 0.6225 0.060000000000000005 0.095
1 0.7933333333333333 0.54875 0.03666666666666667 0.0475
1 0.8666666666666667 0.59125 0.04666666666666667 0.0725
1 0.8441666666666667 0.54875 0.03166666666666667 0.0525
1 0.9016666666666667 0.5525 0.030000000000000002 0.06
1 0.9325000000000001 0.55125 0.03166666666666667 0.0525
1 0.9075000000000001 0.44625000000000004 0.035 0.0475
