1 0.6918724279835392 0.3042671614100186 0.03806584362139918 0.08905380333951762
1 0.38837448559670784 0.18274582560296845 0.01748971193415638 0.03153988868274583
1 0.4233539094650206 0.17346938775510204 0.01748971193415638 0.0352504638218924
1 0.44032921810699593 0.16975881261595546 0.01440329218106996 0.03153988868274583
1 0.43312757201646096 0.1521335807050093 0.01440329218106996 0.025974025974025976
1 0.45216049382716056 0.14656771799628943 0.01337448559670782 0.025974025974025976
1 0.46553497942386834 0.14007421150278293 0.01131687242798354 0.03153988868274583
1 0.4814814814814815 0.14935064935064934 0.01440329218106996 0.03153988868274583
1 0.4562757201646091 0.17346938775510204 0.01748971193415638 0.03153988868274583
1 0.4835390946502058 0.18274582560296845 0.01851851851851852 0.03896103896103896
1 0.5097736625514404 0.18274582560296845 0.01954732510288066 0.03896103896103896
1 0.5020576131687243 0.12987012987012989 0.01646090534979424 0.029684601113172542
1 0.4886831275720165 0.14471243042671614 0.01234567901234568 0.025974025974025976
1 0.5257201646090536 0.12987012987012989 0.01234567901234568 0.03339517625231911
1 0.5473251028806585 0.1410018552875696 0.010288065843621401 0.025974025974025976
1 0.5606995884773663 0.11410018552875696 0.010288065843621401 0.027829313543599257
1 0.5776748971193416 0.14007421150278293 0.01337448559670782 0.03153988868274583
1 0.602366255144033 0.11873840445269017 0.01337448559670782 0.03339517625231911
1 0.6018518518518519 0.15584415584415584 0.01440329218106996 0.029684601113172542
1 0.6280864197530864 0.1345083487940631 0.01337448559670782 0.03153988868274583
1 0.6378600823045268 0.1215213358070501 0.01440329218106996 0.03153988868274583
1 0.6712962962962964 0.11966604823747681 0.01337448559670782 0.027829313543599257
1 0.7073045267489713 0.11781076066790352 0.01131687242798354 0.02411873840445269
1 0.7011316872427984 0.17068645640074212 0.01337448559670782 0.03710575139146568
1 0.6589506172839507 0.19573283858998144 0.01954732510288066 0.03896103896103896
1 0.6270576131687243 0.21985157699443414 0.02160493827160494 0.04267161410018553
1 0.6779835390946503 0.2142857142857143 0.02263374485596708 0.04267161410018553
1 0.7119341563786009 0.19573283858998144 0.02263374485596708 0.03896103896103896
1 0.712962962962963 0.24675324675324675 0.020576131687242802 0.04823747680890538
1 0.7361111111111112 0.14842300556586271 0.01337448559670782 0.03339517625231911
1 0.7386831275720165 0.17625231910946196 0.01440329218106996 0.03710575139146568
1 0.7505144032921811 0.12894248608534323 0.01337448559670782 0.0352504638218924
1 0.7746913580246915 0.12708719851576994 0.01234567901234568 0.03153988868274583
1 0.7777777777777778 0.15306122448979592 0.01440329218106996 0.03153988868274583
1 0.7752057613168725 0.18645640074211503 0.0154320987654321 0.03896103896103896
1 0.7926954732510288 0.21706864564007422 0.01748971193415638 0.04081632653061225
1 0.7983539094650206 0.16419294990723562 0.01234567901234568 0.03153988868274583
1 0.8132716049382717 0.1549165120593692 0.0154320987654321 0.0352504638218924
1 0.8276748971193416 0.12987012987012989 0.01337448559670782 0.029684601113172542
1 0.8333333333333334 0.17068645640074212 0.01234567901234568 0.03339517625231911
1 0.9120370370370371 0.1679035250463822 0.01337448559670782 0.03153988868274583
1 0.9274691358024693 0.20871985157699444 0.01337448559670782 0.04267161410018553
1 0.9063786008230453 0.20871985157699444 0.01440329218106996 0.0352504638218924
1 0.9341563786008231 0.23562152133580705 0.01440329218106996 0.03710575139146568
1 0.9362139917695474 0.18181818181818182 0.01440329218106996 0.03710575139146568
1 0.8760288065843622 0.2699443413729128 0.01954732510288066 0.05009276437847866
