1 0.20036934441366575 0.40542763157894735 0.0443213296398892 0.07072368421052631
1 0.2807017543859649 0.256578947368421 0.01662049861495845 0.023026315789473683
1 0.2899353647276085 0.2902960526315789 0.018467220683287166 0.02796052631578947
1 0.3527239150507848 0.27960526315789475 0.01662049861495845 0.03289473684210526
1 0.3734995383194829 0.2886513157894737 0.01569713758079409 0.03782894736842105
1 0.37626962142197595 0.23848684210526314 0.01569713758079409 0.029605263157894735
1 0.38134810710987993 0.18996710526315788 0.0110803324099723 0.024671052631578948
1 0.407202216066482 0.1957236842105263 0.0110803324099723 0.023026315789473683
1 0.4233610341643583 0.18832236842105263 0.012003693444136657 0.024671052631578948
1 0.41274238227146814 0.1768092105263158 0.0110803324099723 0.021381578947368418
1 0.4492151431209603 0.16611842105263158 0.012003693444136657 0.019736842105263157
1 0.4469067405355494 0.19407894736842105 0.012927054478301015 0.029605263157894735
1 0.4409048938134811 0.23848684210526314 0.01569713758079409 0.03618421052631579
1 0.4649122807017544 0.2319078947368421 0.017543859649122806 0.03618421052631579
1 0.3513388734995383 0.24671052631578946 0.013850415512465374 0.02631578947368421
1 0.5198522622345337 0.20723684210526314 0.01662049861495845 0.03618421052631579
1 0.48938134810710987 0.20970394736842105 0.01662049861495845 0.03453947368421052
1 0.48014773776546626 0.18667763157894735 0.01662049861495845 0.02796052631578947
1 0.4713758079409049 0.16036184210526314 0.013850415512465374 0.024671052631578948
1 0.46306555863342563 0.14802631578947367 0.012003693444136657 0.023026315789473683
1 0.5050784856879039 0.1356907894736842 0.007386888273314866 0.018092105263157895
1 0.5092336103416436 0.17598684210526314 0.017543859649122806 0.03289473684210526
1 0.5152354570637119 0.15460526315789472 0.012927054478301015 0.02631578947368421
1 0.5383194829178208 0.15625 0.01662049861495845 0.02631578947368421
1 0.5452446906740536 0.1924342105263158 0.012003693444136657 0.02631578947368421
1 0.5771006463527238 0.1800986842105263 0.012927054478301015 0.024671052631578948
1 0.5844875346260388 0.1537828947368421 0.0110803324099723 0.024671052631578948
1 0.5572483841181902 0.13898026315789472 0.010156971375807941 0.018092105263157895
1 0.5549399815327793 0.11924342105263157 0.009233610341643583 0.014802631578947368
1 0.5872576177285318 0.12664473684210525 0.0110803324099723 0.023026315789473683
1 0.5909510618651893 0.11430921052631578 0.009233610341643583 0.021381578947368418
1 0.6135734072022161 0.11513157894736842 0.012003693444136657 0.019736842105263157
1 0.6108033240997229 0.15542763157894737 0.012003693444136657 0.024671052631578948
1 0.6426592797783933 0.14473684210526316 0.0110803324099723 0.023026315789473683
1 0.6472760849492151 0.12911184210526316 0.009233610341643583 0.018092105263157895
1 0.6578947368421052 0.12417763157894736 0.010156971375807941 0.021381578947368418
1 0.6412742382271468 0.1069078947368421 0.008310249307479225 0.019736842105263157
1 0.6939058171745152 0.11759868421052631 0.010156971375807941 0.021381578947368418
1 0.4972299168975069 0.28618421052631576 0.019390581717451522 0.03618421052631579
1 0.5373961218836565 0.328125 0.01662049861495845 0.03453947368421052
1 0.6283471837488458 0.3125 0.02123730378578024 0.049342105263157895
1 0.5660203139427515 0.2631578947368421 0.01662049861495845 0.03618421052631579
1 0.6200369344413665 0.2598684210526316 0.01569713758079409 0.042763157894736836
1 0.6329639889196675 0.22368421052631576 0.01569713758079409 0.029605263157894735
1 0.6491228070175439 0.17927631578947367 0.01662049861495845 0.03289473684210526
1 0.6638965835641736 0.22121710526315788 0.018467220683287166 0.03453947368421052
1 0.6795937211449676 0.34046052631578944 0.0221606648199446 0.049342105263157895
1 0.6869806094182825 0.1644736842105263 0.009233610341643583 0.019736842105263157
1 0.6980609418282548 0.17845394736842105 0.012927054478301015 0.03125
1 0.721606648199446 0.17351973684210525 0.012003693444136657 0.021381578947368418
1 0.7456140350877193 0.1537828947368421 0.01569713758079409 0.024671052631578948
1 0.7423822714681441 0.12335526315789473 0.009233610341643583 0.019736842105263157
1 0.7585410895660203 0.13733552631578946 0.012003693444136657 0.024671052631578948
1 0.7788550323176362 0.17105263157894735 0.012003693444136657 0.02631578947368421
1 0.7469990766389658 0.23355263157894735 0.01662049861495845 0.03618421052631579
1 0.7276084949215142 0.20723684210526314 0.014773776546629732 0.03618421052631579
1 0.7132963988919667 0.2763157894736842 0.019390581717451522 0.042763157894736836
1 0.6929824561403508 0.24013157894736842 0.012003693444136657 0.029605263157894735
1 0.7539242843951985 0.35526315789473684 0.02493074792243767 0.05921052631578947
1 0.765466297322253 0.303453947368421 0.020313942751615882 0.04769736842105263
1 0.8079409048938134 0.25164473684210525 0.014773776546629732 0.03618421052631579
1 0.7723915050784856 0.21299342105263155 0.017543859649122806 0.03782894736842105
1 0.8148661126500462 0.1537828947368421 0.010156971375807941 0.02796052631578947
1 0.8236380424746076 0.14226973684210525 0.0110803324099723 0.021381578947368418
1 0.8296398891966759 0.12582236842105263 0.010156971375807941 0.024671052631578948
1 0.8037857802400739 0.4120065789473684 0.02493074792243767 0.05756578947368421
1 0.8314866112650046 0.32072368421052627 0.019390581717451522 0.042763157894736836
1 0.8896583564173591 0.3725328947368421 0.026777469990766387 0.06085526315789473
1 0.9048938134810711 0.3215460526315789 0.020313942751615882 0.041118421052631575
1 0.8698060941828255 0.26973684210526316 0.014773776546629732 0.039473684210526314
1 0.9048938134810711 0.26973684210526316 0.014773776546629732 0.03289473684210526
1 0.8250230840258541 0.21463815789473684 0.01569713758079409 0.044407894736842105
1 0.8795013850415512 0.2080592105263158 0.012003693444136657 0.03125
1 0.9159741458910433 0.22779605263157893 0.0110803324099723 0.02796052631578947
1 0.8896583564173591 0.1768092105263158 0.008310249307479225 0.018092105263157895
1 0.8947368421052632 0.14309210526315788 0.009233610341643583 0.019736842105263157
1 0.8481071098799631 0.17434210526315788 0.010156971375807941 0.02631578947368421
1 0.8550323176361957 0.15296052631578946 0.009233610341643583 0.023026315789473683
1 0.8642659279778393 0.13651315789473684 0.009233610341643583 0.019736842105263157
