1 0.060825892857142856 0.38649706457925637 0.02120535714285714 0.04892367906066536
1 0.25279017857142855 0.2622309197651663 0.01450892857142857 0.0273972602739726
1 0.27232142857142855 0.26614481409001955 0.020089285714285712 0.03522504892367906
1 0.3091517857142857 0.2455968688845401 0.015625 0.025440313111545987
1 0.3013392857142857 0.22602739726027396 0.013392857142857142 0.033268101761252444
1 0.33482142857142855 0.24755381604696672 0.015625 0.03718199608610567
1 0.35100446428571425 0.25538160469667315 0.016741071428571428 0.03718199608610567
1 0.35491071428571425 0.2974559686888454 0.02232142857142857 0.046966731898238745
1 0.34598214285714285 0.22211350293542073 0.015625 0.029354207436399216
1 0.3761160714285714 0.21526418786692758 0.020089285714285712 0.03913894324853229
1 0.39732142857142855 0.26810176125244617 0.024553571428571428 0.050880626223091974
1 0.38225446428571425 0.1888454011741683 0.018973214285714284 0.033268101761252444
1 0.40122767857142855 0.2035225048923679 0.02120535714285714 0.03131115459882583
1 0.44029017857142855 0.22407045009784735 0.02120535714285714 0.033268101761252444
1 0.44475446428571425 0.1888454011741683 0.018973214285714284 0.029354207436399216
1 0.4659598214285714 0.22896281800391388 0.02120535714285714 0.03913894324853229
1 0.45647321428571425 0.149706457925636 0.015625 0.025440313111545987
1 0.4771205357142857 0.19471624266144813 0.016741071428571428 0.033268101761252444
1 0.47098214285714285 0.17123287671232876 0.015625 0.029354207436399216
1 0.47879464285714285 0.13894324853228962 0.015625 0.023483365949119372
1 0.5 0.19373776908023482 0.017857142857142856 0.03131115459882583
1 0.5267857142857143 0.21330724070450097 0.02232142857142857 0.03913894324853229
1 0.5256696428571428 0.1643835616438356 0.013392857142857142 0.023483365949119372
1 0.5435267857142857 0.16046966731898238 0.015625 0.03522504892367906
1 0.5625 0.1487279843444227 0.013392857142857142 0.0273972602739726
1 0.5608258928571428 0.12035225048923678 0.01450892857142857 0.029354207436399216
1 0.5758928571428571 0.16536203522504891 0.015625 0.029354207436399216
1 0.5948660714285714 0.14481409001956946 0.015625 0.03131115459882583
1 0.6127232142857143 0.1487279843444227 0.013392857142857142 0.03131115459882583
1 0.6333705357142857 0.13992172211350293 0.016741071428571428 0.033268101761252444
1 0.6434151785714285 0.12133072407045009 0.01450892857142857 0.0273972602739726
1 0.6646205357142857 0.11937377690802348 0.012276785714285714 0.03131115459882583
1 0.49888392857142855 0.30039138943248533 0.02901785714285714 0.06457925636007827
1 0.54296875 0.2465753424657534 0.025669642857142856 0.046966731898238745
1 0.5691964285714285 0.2925636007827789 0.024553571428571428 0.04892367906066536
1 0.6143973214285714 0.30039138943248533 0.027901785714285712 0.05675146771037182
1 0.6149553571428571 0.2446183953033268 0.02232142857142857 0.050880626223091974
1 0.6138392857142857 0.2045009784735812 0.024553571428571428 0.04500978473581213
1 0.6467633928571428 0.2035225048923679 0.0234375 0.043052837573385516
1 0.65234375 0.2857142857142857 0.027901785714285712 0.0547945205479452
1 0.7003348214285714 0.26712328767123283 0.027901785714285712 0.060665362035225046
1 0.7109375 0.22602739726027396 0.020089285714285712 0.04892367906066536
1 0.6919642857142857 0.18199608610567514 0.020089285714285712 0.043052837573385516
1 0.69140625 0.14579256360078277 0.018973214285714284 0.033268101761252444
1 0.7165178571428571 0.16634050880626222 0.015625 0.03913894324853229
1 0.7248883928571428 0.19863013698630136 0.02120535714285714 0.0410958904109589
1 0.7494419642857142 0.23874755381604695 0.02120535714285714 0.05870841487279843
1 0.7606026785714285 0.21232876712328766 0.02120535714285714 0.0410958904109589
1 0.7600446428571428 0.17123287671232876 0.017857142857142856 0.03718199608610567
1 0.7455357142857142 0.1379647749510763 0.015625 0.033268101761252444
1 0.7243303571428571 0.11741682974559686 0.015625 0.03522504892367906
1 0.7566964285714285 0.13209393346379647 0.017857142857142856 0.03718199608610567
1 0.7734375 0.16927592954990214 0.017857142857142856 0.03718199608610567
1 0.7829241071428571 0.149706457925636 0.01450892857142857 0.029354207436399216
1 0.7700892857142857 0.286692759295499 0.02901785714285714 0.060665362035225046
1 0.8376116071428571 0.3180039138943248 0.027901785714285712 0.05675146771037182
1 0.8526785714285714 0.23679060665362034 0.024553571428571428 0.046966731898238745
1 0.8208705357142857 0.20743639921722112 0.016741071428571428 0.03913894324853229
1 0.8297991071428571 0.15753424657534246 0.01450892857142857 0.033268101761252444
1 0.8459821428571428 0.16046966731898238 0.015625 0.03131115459882583
1 0.859375 0.19373776908023482 0.015625 0.03913894324853229
1 0.8850446428571428 0.21526418786692758 0.015625 0.043052837573385516
1 0.8978794642857142 0.2318982387475538 0.01450892857142857 0.03718199608610567
1 0.9135044642857142 0.2534246575342466 0.0234375 0.04892367906066536
1 0.8805803571428571 0.16634050880626222 0.015625 0.03131115459882583
1 0.8962053571428571 0.18786692759295498 0.015625 0.03522504892367906
