1 0.08700980392156862 0.5776785714285714 0.05473856209150327 0.1232142857142857
1 0.18382352941176472 0.3026785714285714 0.0196078431372549 0.05178571428571428
1 0.21200980392156862 0.29910714285714285 0.02369281045751634 0.05892857142857143
1 0.25449346405228757 0.2517857142857143 0.01715686274509804 0.04642857142857143
1 0.2949346405228758 0.25357142857142856 0.021241830065359478 0.04642857142857143
1 0.29534313725490197 0.21964285714285714 0.018790849673202614 0.039285714285714285
1 0.31821895424836605 0.23839285714285713 0.022058823529411766 0.055357142857142855
1 0.33905228758169936 0.22053571428571428 0.01797385620915033 0.0375
1 0.35089869281045755 0.20714285714285713 0.01388888888888889 0.03571428571428571
1 0.37990196078431376 0.19910714285714284 0.014705882352941176 0.0375
1 0.37745098039215685 0.25625 0.016339869281045753 0.044642857142857144
1 0.3574346405228758 0.27767857142857144 0.018790849673202614 0.05892857142857143
1 0.4276960784313726 0.32321428571428573 0.022058823529411766 0.05714285714285714
1 0.4244281045751634 0.1982142857142857 0.018790849673202614 0.04285714285714286
1 0.4227941176470588 0.17589285714285713 0.01715686274509804 0.033928571428571426
1 0.44526143790849676 0.1705357142857143 0.013071895424836602 0.0375
1 0.4562908496732026 0.17857142857142858 0.012254901960784314 0.039285714285714285
1 0.46200980392156865 0.2571428571428571 0.022058823529411766 0.06428571428571428
1 0.4906045751633987 0.21428571428571427 0.02042483660130719 0.04285714285714286
1 0.47058823529411764 0.18214285714285713 0.01797385620915033 0.04642857142857143
1 0.4848856209150327 0.15892857142857142 0.015522875816993464 0.04285714285714286
1 0.5102124183006536 0.17589285714285713 0.01715686274509804 0.04107142857142857
1 0.5437091503267975 0.2294642857142857 0.01715686274509804 0.04821428571428571
1 0.545343137254902 0.14017857142857143 0.01388888888888889 0.044642857142857144
1 0.5526960784313726 0.1607142857142857 0.015522875816993464 0.03571428571428571
1 0.568218954248366 0.13749999999999998 0.015522875816993464 0.039285714285714285
1 0.5743464052287582 0.20803571428571427 0.0196078431372549 0.044642857142857144
1 0.5743464052287582 0.18214285714285713 0.01797385620915033 0.039285714285714285
1 0.5878267973856209 0.1294642857142857 0.015522875816993464 0.033928571428571426
1 0.5959967320261438 0.19732142857142856 0.015522875816993464 0.04107142857142857
1 0.6151960784313726 0.20714285714285713 0.016339869281045753 0.04285714285714286
1 0.5984477124183006 0.15892857142857142 0.01715686274509804 0.03571428571428571
1 0.6213235294117647 0.13303571428571428 0.01388888888888889 0.0375
1 0.6511437908496732 0.14821428571428572 0.014705882352941176 0.039285714285714285
1 0.6507352941176471 0.18660714285714286 0.010620915032679739 0.0375
1 0.6593137254901961 0.1357142857142857 0.011437908496732027 0.03214285714285714
1 0.6821895424836601 0.16874999999999998 0.01797385620915033 0.04107142857142857
1 0.6842320261437909 0.1419642857142857 0.01388888888888889 0.033928571428571426
1 0.7050653594771242 0.16607142857142856 0.011437908496732027 0.03571428571428571
1 0.6891339869281046 0.22053571428571428 0.015522875816993464 0.04821428571428571
1 0.6638071895424836 0.24464285714285713 0.02042483660130719 0.060714285714285714
1 0.6147875816993464 0.31160714285714286 0.02369281045751634 0.05178571428571428
1 0.5694444444444444 0.3464285714285714 0.02777777777777778 0.060714285714285714
1 0.6037581699346405 0.3821428571428571 0.02777777777777778 0.07142857142857142
1 0.6515522875816994 0.41964285714285715 0.028594771241830068 0.060714285714285714
1 0.7156862745098039 0.4151785714285714 0.03104575163398693 0.07321428571428572
1 0.7218137254901961 0.2955357142857143 0.02042483660130719 0.055357142857142855
1 0.7483660130718954 0.30357142857142855 0.021241830065359478 0.060714285714285714
1 0.7377450980392157 0.2401785714285714 0.0196078431372549 0.044642857142857144
1 0.738562091503268 0.20267857142857143 0.016339869281045753 0.0375
1 0.7659313725490197 0.19642857142857142 0.01388888888888889 0.04642857142857143
1 0.7753267973856209 0.21875 0.014705882352941176 0.044642857142857144
1 0.7867647058823529 0.2839285714285714 0.021241830065359478 0.060714285714285714
1 0.809640522875817 0.3125 0.024509803921568627 0.060714285714285714
1 0.8165849673202614 0.24107142857142858 0.01715686274509804 0.04642857142857143
1 0.8055555555555556 0.19910714285714284 0.016339869281045753 0.055357142857142855
1 0.8374183006535948 0.22767857142857142 0.014705882352941176 0.04107142857142857
1 0.8680555555555556 0.24464285714285713 0.015522875816993464 0.04285714285714286
1 0.8741830065359477 0.23839285714285713 0.014705882352941176 0.0375
1 0.9011437908496732 0.24107142857142858 0.016339869281045753 0.039285714285714285
1 0.8970588235294118 0.27499999999999997 0.016339869281045753 0.039285714285714285
1 0.8843954248366014 0.29732142857142857 0.018790849673202614 0.04821428571428571
1 0.8594771241830066 0.35714285714285715 0.01797385620915033 0.05357142857142857
1 0.8705065359477124 0.33303571428571427 0.01715686274509804 0.04107142857142857
1 0.8848039215686275 0.41785714285714287 0.022875816993464054 0.07142857142857142
1 0.8627450980392157 0.5098214285714285 0.026143790849673203 0.0875
1 0.7920751633986929 0.4830357142857143 0.035130718954248366 0.09464285714285714
1 0.9505718954248367 0.4964285714285714 0.02042483660130719 0.075
1 0.9436274509803921 0.40267857142857144 0.022875816993464054 0.06964285714285715
1 0.9215686274509804 0.34910714285714284 0.021241830065359478 0.0625
1 0.9281045751633987 0.28482142857142856 0.014705882352941176 0.044642857142857144
1 0.9448529411764706 0.25535714285714284 0.015522875816993464 0.04642857142857143
1 0.985702614379085 0.28035714285714286 0.01715686274509804 0.04642857142857143
1 0.9705882352941176 0.32232142857142854 0.013071895424836602 0.033928571428571426
1 0.9718137254901961 0.38303571428571426 0.01715686274509804 0.055357142857142855
1 0.9722222222222222 0.3482142857142857 0.014705882352941176 0.03571428571428571
