1 0.04076850984067479 0.3658940397350993 0.019681349578256794 0.03642384105960265
1 0.2577319587628866 0.24834437086092714 0.01499531396438613 0.029801324503311258
1 0.2717900656044986 0.25662251655629137 0.01499531396438613 0.029801324503311258
1 0.32239925023430177 0.20943708609271522 0.011246485473289597 0.024834437086092714
1 0.338331771321462 0.2077814569536424 0.013120899718837863 0.028145695364238412
1 0.3598875351452671 0.19205298013245034 0.013120899718837863 0.023178807947019868
1 0.3781630740393627 0.18956953642384106 0.01218369259606373 0.028145695364238412
1 0.3959700093720712 0.2144039735099338 0.014058106841611996 0.03145695364238411
1 0.41518275538894095 0.1837748344370861 0.011246485473289597 0.029801324503311258
1 0.44470477975632616 0.18956953642384106 0.01218369259606373 0.02152317880794702
1 0.4475164011246486 0.22764900662251655 0.014058106841611996 0.028145695364238412
1 0.46344892221180883 0.2293046357615894 0.014058106841611996 0.0380794701986755
1 0.47891283973758203 0.19205298013245034 0.01499531396438613 0.023178807947019868
1 0.3191190253045923 0.2433774834437086 0.010309278350515464 0.023178807947019868
1 0.33177132146204313 0.24834437086092714 0.011246485473289597 0.033112582781456956
1 0.34629803186504216 0.2574503311258278 0.015932521087160263 0.0380794701986755
1 0.38706654170571697 0.25248344370860926 0.011246485473289597 0.0347682119205298
1 0.4034676663542643 0.2640728476821192 0.01780693533270853 0.0380794701986755
1 0.49250234301780693 0.28642384105960267 0.02155576382380506 0.039735099337748346
1 0.5768509840674789 0.28725165562913907 0.01780693533270853 0.041390728476821195
1 0.5515463917525774 0.24668874172185432 0.02155576382380506 0.04304635761589404
1 0.5079662605435802 0.1870860927152318 0.01499531396438613 0.029801324503311258
1 0.5337394564198688 0.18874172185430463 0.015932521087160263 0.029801324503311258
1 0.4700093720712277 0.16142384105960264 0.01218369259606373 0.02152317880794702
1 0.47891283973758203 0.13245033112582782 0.009372071227741332 0.016556291390728478
1 0.5084348641049672 0.1597682119205298 0.015932521087160263 0.02152317880794702
1 0.5463917525773196 0.16142384105960264 0.013120899718837863 0.03145695364238411
1 0.5726335520149953 0.16887417218543047 0.013120899718837863 0.026490066225165563
1 0.5599812558575445 0.1498344370860927 0.010309278350515464 0.02152317880794702
1 0.563730084348641 0.11920529801324503 0.01218369259606373 0.026490066225165563
1 0.5852858481724461 0.1456953642384106 0.01218369259606373 0.019867549668874173
1 0.6007497656982194 0.13079470198675497 0.009372071227741332 0.023178807947019868
1 0.6157450796626055 0.14155629139072848 0.011246485473289597 0.028145695364238412
1 0.633552014995314 0.1316225165562914 0.011246485473289597 0.018211920529801324
1 0.612933458294283 0.20860927152317882 0.018744142455482664 0.023178807947019868
1 0.6012183692596064 0.2599337748344371 0.01780693533270853 0.033112582781456956
1 0.6246485473289597 0.30132450331125826 0.02717900656044986 0.04304635761589404
1 0.6696344892221181 0.2508278145695364 0.019681349578256794 0.041390728476821195
1 0.6452671040299907 0.2052980132450331 0.019681349578256794 0.039735099337748346
1 0.676663542642924 0.14486754966887416 0.01499531396438613 0.024834437086092714
1 0.6715089034676663 0.11009933774834436 0.01218369259606373 0.02152317880794702
1 0.7000937207122774 0.14486754966887416 0.011246485473289597 0.018211920529801324
1 0.6949390815370197 0.17880794701986755 0.01218369259606373 0.033112582781456956
1 0.711808809746954 0.16556291390728478 0.01218369259606373 0.026490066225165563
1 0.7286785379568885 0.1986754966887417 0.014058106841611996 0.029801324503311258
1 0.7010309278350516 0.22682119205298013 0.016869728209934397 0.033112582781456956
1 0.7075913776944704 0.29304635761589404 0.020618556701030927 0.033112582781456956
1 0.7652296157450796 0.26490066225165565 0.01780693533270853 0.039735099337748346
1 0.7497656982193065 0.23344370860927152 0.013120899718837863 0.03642384105960265
1 0.7633552014995314 0.20198675496688742 0.019681349578256794 0.039735099337748346
1 0.7582005623242737 0.1564569536423841 0.013120899718837863 0.024834437086092714
1 0.7727272727272727 0.13658940397350994 0.01218369259606373 0.024834437086092714
1 0.7558575445173383 0.125 0.01218369259606373 0.024834437086092714
1 0.7296157450796626 0.11589403973509933 0.014058106841611996 0.023178807947019868
1 0.7905342080599813 0.16225165562913907 0.015932521087160263 0.033112582781456956
1 0.8280224929709465 0.15066225165562913 0.01218369259606373 0.026490066225165563
1 0.8402061855670103 0.15149006622516556 0.01218369259606373 0.028145695364238412
1 0.8795688847235239 0.1697019867549669 0.014058106841611996 0.028145695364238412
1 0.88659793814433 0.2077814569536424 0.013120899718837863 0.0347682119205298
1 0.901593252108716 0.21771523178807947 0.013120899718837863 0.03145695364238411
1 0.9104967197750703 0.2541390728476821 0.014058106841611996 0.0380794701986755
1 0.831302717900656 0.20943708609271522 0.016869728209934397 0.0380794701986755
1 0.8439550140581069 0.3120860927152318 0.02155576382380506 0.041390728476821195
1 0.8392689784442362 0.2706953642384106 0.02155576382380506 0.0347682119205298
1 0.5899718837863168 0.11920529801324503 0.008434864104967198 0.013245033112582781
1 0.6382380506091846 0.11258278145695365 0.011246485473289597 0.016556291390728478
