1 0.05625 0.484375 0.10750000000000001 0.15875
1 0.06041666666666667 0.36375 0.04916666666666667 0.08
1 0.09166666666666667 0.3225 0.021666666666666667 0.0425
1 0.16416666666666668 0.321875 0.03166666666666667 0.03875
1 0.19541666666666668 0.353125 0.029166666666666667 0.04625
1 0.22208333333333335 0.44125000000000003 0.0575 0.1125
1 0.24833333333333335 0.361875 0.03166666666666667 0.06625
1 0.2275 0.37375 0.043333333333333335 0.0675
1 0.33875 0.333125 0.029166666666666667 0.04875
1 0.25625000000000003 0.32375 0.022500000000000003 0.035
1 0.37000000000000005 0.355625 0.03833333333333334 0.06375
1 0.42083333333333334 0.341875 0.035 0.06375
1 0.43041666666666667 0.421875 0.050833333333333335 0.08625000000000001
1 0.48583333333333334 0.47000000000000003 0.11666666666666667 0.14
1 0.47250000000000003 0.37375 0.04166666666666667 0.065
1 0.5270833333333333 0.35000000000000003 0.0325 0.055
1 0.5858333333333333 0.365 0.04 0.07
1 0.6254166666666667 0.33187500000000003 0.029166666666666667 0.06125
1 0.9166666666666667 0.111875 0.1 0.19625
