1 0.08634222919937207 0.5590327169274538 0.05023547880690738 0.10810810810810811
1 0.2154631083202512 0.352773826458037 0.016483516483516484 0.02844950213371266
1 0.25510204081632654 0.34992887624466573 0.017268445839874413 0.04551920341394026
1 0.2806122448979592 0.3705547652916074 0.02119309262166405 0.044096728307254626
1 0.3116169544740974 0.39758179231863444 0.02511773940345369 0.04694167852062589
1 0.2845368916797488 0.3093883357041252 0.016483516483516484 0.03271692745376956
1 0.34968602825745687 0.3307254623044097 0.016483516483516484 0.029871977240398296
1 0.3504709576138148 0.29943100995732574 0.01805337519623234 0.03271692745376956
1 0.4010989010989011 0.34139402560455195 0.01883830455259027 0.03982930298719772
1 0.39952904238618525 0.3001422475106686 0.015698587127158558 0.031294452347083924
1 0.3963893249607536 0.24679943100995733 0.012558869701726845 0.029871977240398296
1 0.413265306122449 0.26386913229018494 0.013343799058084773 0.029871977240398296
1 0.4187598116169545 0.25177809388335703 0.013343799058084773 0.025604551920341397
1 0.4391679748822606 0.2667140825035562 0.013343799058084773 0.03271692745376956
1 0.42896389324960754 0.30440967283072545 0.01805337519623234 0.03698435277382646
1 0.435243328100471 0.3307254623044097 0.019623233908948195 0.03840682788051209
1 0.46350078492935637 0.3079658605974396 0.016483516483516484 0.03556187766714083
1 0.4580062794348509 0.2773826458036984 0.014913657770800628 0.02844950213371266
1 0.4434850863422292 0.24893314366998578 0.0141287284144427 0.025604551920341397
1 0.45643642072213503 0.23968705547652916 0.013343799058084773 0.02702702702702703
1 0.4807692307692308 0.2709815078236131 0.014913657770800628 0.03556187766714083
1 0.4941130298273156 0.25889046941678523 0.013343799058084773 0.02844950213371266
1 0.5015698587127159 0.24537695590327172 0.012558869701726845 0.029871977240398296
1 0.521585557299843 0.25533428165007116 0.014913657770800628 0.03556187766714083
1 0.5043171114599686 0.3001422475106686 0.014913657770800628 0.03698435277382646
1 0.4937205651491366 0.3307254623044097 0.020408163265306124 0.044096728307254626
1 0.445447409733124 0.41749644381223333 0.027472527472527476 0.061166429587482224
1 0.5168759811616955 0.41963015647226176 0.027472527472527476 0.05974395448079659
1 0.5255102040816327 0.3712660028449502 0.019623233908948195 0.05405405405405406
1 0.5910518053375197 0.4260312944523471 0.026687598116169546 0.061166429587482224
1 0.5580847723704867 0.2773826458036984 0.017268445839874413 0.034139402560455195
1 0.555337519623234 0.23755334281650073 0.013343799058084773 0.025604551920341397
1 0.5514128728414444 0.2233285917496444 0.011773940345368918 0.02275960170697013
1 0.5592621664050236 0.20483641536273117 0.011773940345368918 0.025604551920341397
1 0.5612244897959184 0.25604551920341395 0.0141287284144427 0.031294452347083924
1 0.5733908948194663 0.2524893314366999 0.013343799058084773 0.029871977240398296
1 0.5847723704866562 0.23399715504978663 0.0141287284144427 0.02702702702702703
1 0.5949764521193093 0.21123755334281652 0.012558869701726845 0.02702702702702703
1 0.6106750392464678 0.21408250355618777 0.012558869701726845 0.02702702702702703
1 0.609497645211931 0.23257467994310102 0.013343799058084773 0.029871977240398296
1 0.619309262166405 0.2574679943100996 0.012558869701726845 0.034139402560455195
1 0.6165620094191523 0.29374110953058324 0.016483516483516484 0.044096728307254626
1 0.5839874411302983 0.3264580369843528 0.023547880690737835 0.04125177809388336
1 0.6291208791208791 0.3349928876244666 0.019623233908948195 0.044096728307254626
1 0.6401098901098902 0.2233285917496444 0.010204081632653062 0.02275960170697013
1 0.6507064364207221 0.23399715504978663 0.012558869701726845 0.029871977240398296
1 0.6671899529042387 0.2283072546230441 0.0141287284144427 0.029871977240398296
1 0.653453689167975 0.2667140825035562 0.016483516483516484 0.03271692745376956
1 0.6872056514913658 0.2539118065433855 0.014913657770800628 0.03271692745376956
1 0.6656200941915228 0.3307254623044097 0.020408163265306124 0.044096728307254626
1 0.6648351648351649 0.3613086770981508 0.017268445839874413 0.042674253200568994
1 0.6350078492935636 0.3911806543385491 0.02511773940345369 0.04836415362731152
1 0.6440345368916798 0.4359886201991465 0.02590266875981162 0.06401137980085349
1 0.7131083202511774 0.39687055476529165 0.022762951334379906 0.05120910384068279
1 0.7013343799058085 0.2880512091038407 0.014913657770800628 0.03556187766714083
1 0.7087912087912088 0.2823613086770982 0.012558869701726845 0.029871977240398296
1 0.7138932496075354 0.25106685633001424 0.013343799058084773 0.03271692745376956
1 0.7248822605965464 0.23257467994310102 0.013343799058084773 0.029871977240398296
1 0.7543171114599686 0.24324324324324326 0.0141287284144427 0.025604551920341397
1 0.750392464678179 0.26884779516358465 0.0141287284144427 0.03982930298719772
1 0.739403453689168 0.2802275960170697 0.0141287284144427 0.03982930298719772
1 0.7810047095761382 0.24679943100995733 0.012558869701726845 0.029871977240398296
1 0.8120094191522763 0.259601706970128 0.011773940345368918 0.03271692745376956
1 0.8398744113029828 0.25604551920341395 0.012558869701726845 0.031294452347083924
1 0.9038461538461539 0.27382645803698435 0.011773940345368918 0.03271692745376956
1 0.8649921507064364 0.28662873399715505 0.012558869701726845 0.03556187766714083
1 0.902668759811617 0.31223328591749644 0.012558869701726845 0.03556187766714083
1 0.8952119309262166 0.3385490753911807 0.013343799058084773 0.042674253200568994
1 0.8936420722135008 0.3634423897581793 0.014913657770800628 0.044096728307254626
1 0.8669544740973313 0.3385490753911807 0.014913657770800628 0.042674253200568994
1 0.8308477237048666 0.2795163584637269 0.013343799058084773 0.04125177809388336
1 0.8237833594976453 0.31650071123755336 0.014913657770800628 0.03840682788051209
1 0.8398744113029828 0.3406827880512091 0.017268445839874413 0.04694167852062589
1 0.8799058084772371 0.39758179231863444 0.020408163265306124 0.049786628733997154
1 0.8759811616954475 0.4523470839260313 0.026687598116169546 0.05974395448079659
1 0.8359497645211932 0.41038406827880514 0.023547880690737835 0.05547652916073969
1 0.7864992150706437 0.30440967283072545 0.0141287284144427 0.03698435277382646
1 0.7861067503924647 0.27596017069701284 0.013343799058084773 0.034139402560455195
1 0.8006279434850864 0.34139402560455195 0.017268445839874413 0.04551920341394026
1 0.7841444270015699 0.3577524893314367 0.020408163265306124 0.052631578947368425
1 0.815934065934066 0.4366998577524894 0.02433281004709576 0.05689900426742532
1 0.7582417582417583 0.4310099573257468 0.029827315541601257 0.05120910384068279
1 0.7900313971742544 0.5206258890469417 0.030612244897959186 0.06827880512091039
1 0.6860282574568289 0.5056899004267426 0.03453689167974883 0.08392603129445235
