1 0.14069952305246425 0.7063882063882063 0.10333863275039747 0.16461916461916462
1 0.03100158982511924 0.6683046683046683 0.05882352941176471 0.12776412776412777
1 0.09220985691573927 0.57002457002457 0.057233704292527825 0.09336609336609336
1 0.10810810810810811 0.5221130221130221 0.04769475357710652 0.08108108108108109
1 0.044515103338632754 0.4398034398034398 0.031796502384737683 0.05405405405405405
1 0.013513513513513514 0.4176904176904177 0.02384737678855326 0.05896805896805897
1 0.06518282988871224 0.40417690417690416 0.03497615262321145 0.05651105651105651
1 0.10333863275039747 0.3759213759213759 0.031796502384737683 0.04914004914004914
1 0.13910969793322736 0.4226044226044226 0.033386327503974564 0.06388206388206388
1 0.14705882352941177 0.3759213759213759 0.02702702702702703 0.04914004914004914
1 0.17329093799682035 0.36977886977886976 0.022257551669316377 0.04668304668304668
1 0.20031796502384738 0.38206388206388203 0.022257551669316377 0.04176904176904177
1 0.212241653418124 0.36732186732186733 0.02702702702702703 0.04176904176904177
1 0.21939586645469 0.3476658476658477 0.01907790143084261 0.03194103194103194
1 0.2591414944356121 0.36732186732186733 0.025437201907790145 0.04668304668304668
1 0.24483306836248014 0.44471744471744473 0.03815580286168522 0.07371007371007371
1 0.23290937996820352 0.4975429975429975 0.0492845786963434 0.085995085995086
1 0.18680445151033387 0.5724815724815725 0.07472178060413355 0.11302211302211301
1 0.30683624801271864 0.5982800982800983 0.06677265500794913 0.11056511056511056
1 0.3028616852146264 0.5184275184275184 0.046104928457869634 0.06388206388206388
1 0.3203497615262321 0.4533169533169533 0.033386327503974564 0.07616707616707616
1 0.2901430842607313 0.43366093366093367 0.033386327503974564 0.06142506142506143
1 0.3044515103338633 0.3574938574938575 0.02384737678855326 0.03194103194103194
1 0.29650238473767887 0.33415233415233414 0.020667726550079493 0.02457002457002457
1 0.3060413354531002 0.3194103194103194 0.017488076311605726 0.02457002457002457
1 0.3235294117647059 0.3083538083538083 0.014308426073131956 0.03194103194103194
1 0.3410174880763116 0.328009828009828 0.020667726550079493 0.036855036855036855
1 0.3696343402225755 0.3157248157248157 0.017488076311605726 0.036855036855036855
1 0.3553259141494436 0.37223587223587223 0.02702702702702703 0.05651105651105651
1 0.37042925278219396 0.4152334152334152 0.031796502384737683 0.05405405405405405
1 0.3855325914149444 0.4656019656019656 0.0397456279809221 0.07125307125307125
1 0.41335453100158986 0.5184275184275184 0.05405405405405406 0.09336609336609336
1 0.4578696343402226 0.45577395577395574 0.03815580286168522 0.07125307125307125
1 0.44117647058823534 0.4103194103194103 0.033386327503974564 0.06388206388206388
1 0.4101748807631161 0.37837837837837834 0.025437201907790145 0.05405405405405405
1 0.43243243243243246 0.355036855036855 0.022257551669316377 0.04668304668304668
1 0.46263910969793326 0.35995085995085996 0.025437201907790145 0.04176904176904177
1 0.4841017488076312 0.3857493857493857 0.02702702702702703 0.04914004914004914
1 0.4920508744038156 0.355036855036855 0.020667726550079493 0.03194103194103194
1 0.4809220985691574 0.3194103194103194 0.017488076311605726 0.0343980343980344
1 0.5095389507154213 0.371007371007371 0.02384737678855326 0.04914004914004914
1 0.5151033386327505 0.4238329238329238 0.028616852146263912 0.06142506142506143
1 0.5453100158982512 0.3931203931203931 0.028616852146263912 0.05896805896805897
1 0.5381558028616853 0.3415233415233415 0.02384737678855326 0.044226044226044224
1 0.5540540540540541 0.33169533169533166 0.020667726550079493 0.03931203931203931
1 0.5779014308426074 0.3476658476658477 0.017488076311605726 0.04176904176904177
1 0.5691573926868045 0.30466830466830463 0.01907790143084261 0.0343980343980344
1 0.6033386327503975 0.3366093366093366 0.017488076311605726 0.0343980343980344
1 0.6152623211446742 0.32678132678132676 0.01907790143084261 0.03931203931203931
1 0.7360890302066773 0.6351351351351351 0.05405405405405406 0.11547911547911548
1 0.7130365659777425 0.5257985257985258 0.046104928457869634 0.09828009828009827
1 0.7257551669316376 0.45945945945945943 0.03656597774244833 0.0687960687960688
1 0.7352941176470589 0.4201474201474201 0.0397456279809221 0.06388206388206388
1 0.7400635930047695 0.3194103194103194 0.02384737678855326 0.03931203931203931
1 0.753577106518283 0.3058968058968059 0.01907790143084261 0.04176904176904177
1 0.8028616852146264 0.37714987714987713 0.031796502384737683 0.04668304668304668
1 0.8267090620031797 0.4262899262899263 0.041335453100158986 0.08108108108108109
1 0.8585055643879174 0.48402948402948404 0.04769475357710652 0.08845208845208845
1 0.8680445151033387 0.5491400491400491 0.044515103338632754 0.09582309582309582
1 0.911764705882353 0.6425061425061425 0.07154213036565978 0.13022113022113022
1 0.9642289348171702 0.7506142506142506 0.07154213036565978 0.18918918918918917
1 0.9809220985691575 0.5466830466830467 0.03815580286168522 0.10073710073710074
1 0.958664546899841 0.4668304668304668 0.05405405405405406 0.08845208845208845
1 0.9236883942766296 0.4201474201474201 0.03815580286168522 0.07371007371007371
1 0.884737678855326 0.3955773955773956 0.03656597774244833 0.07371007371007371
1 0.8569157392686805 0.3538083538083538 0.028616852146263912 0.04914004914004914
1 0.857710651828299 0.3157248157248157 0.02702702702702703 0.04668304668304668
1 0.8036565977742449 0.3501228501228501 0.02384737678855326 0.04176904176904177
1 0.7972972972972974 0.33169533169533166 0.017488076311605726 0.0343980343980344
1 0.7400635930047695 0.3525798525798526 0.020667726550079493 0.04176904176904177
