1 0.02764705882352941 0.84 0.024705882352941175 0.051764705882352935
1 0.05058823529411764 0.7588235294117647 0.021176470588235293 0.05411764705882353
1 0.10352941176470587 0.9035294117647058 0.030588235294117645 0.05647058823529411
1 0.12117647058823529 0.8164705882352941 0.025882352941176467 0.06117647058823529
1 0.15999999999999998 0.7341176470588234 0.025882352941176467 0.042352941176470586
1 0.20470588235294115 0.7270588235294116 0.021176470588235293 0.047058823529411764
1 0.20470588235294115 0.8023529411764705 0.021176470588235293 0.047058823529411764
1 0.3252941176470588 0.8129411764705882 0.024705882352941175 0.0588235294117647
1 0.34470588235294114 0.7458823529411764 0.023529411764705882 0.042352941176470586
1 0.46882352941176464 0.8776470588235293 0.019999999999999997 0.042352941176470586
1 0.5523529411764705 0.9517647058823528 0.024705882352941175 0.0588235294117647
1 0.5729411764705882 0.32588235294117646 0.018823529411764704 0.0588235294117647
1 0.6499999999999999 0.2952941176470588 0.019999999999999997 0.04941176470588235
1 0.6323529411764706 0.5729411764705882 0.022352941176470586 0.06352941176470588
1 0.6923529411764705 0.7047058823529411 0.02941176470588235 0.06823529411764705
1 0.746470588235294 0.6188235294117647 0.024705882352941175 0.06117647058823529
1 0.8170588235294117 0.6941176470588235 0.027058823529411764 0.051764705882352935
1 0.8799999999999999 0.9458823529411764 0.039999999999999994 0.0988235294117647
1 0.9623529411764705 0.8917647058823529 0.03294117647058823 0.06588235294117646
1 0.7699999999999999 0.36235294117647054 0.019999999999999997 0.06117647058823529
1 0.7517647058823529 0.33764705882352936 0.018823529411764704 0.04470588235294117
