1 0.03 0.52 0.05555555555555555 0.15333333333333335
1 0.20777777777777778 0.7150000000000001 0.07777777777777778 0.17
1 0.41444444444444445 0.66 0.07777777777777778 0.12666666666666668
1 0.25555555555555554 0.5116666666666667 0.05333333333333333 0.10333333333333335
1 0.24 0.42833333333333334 0.044444444444444446 0.08333333333333334
1 0.30333333333333334 0.4 0.03333333333333333 0.06666666666666667
1 0.35333333333333333 0.4366666666666667 0.04 0.08
1 0.38666666666666666 0.4083333333333334 0.035555555555555556 0.05
1 0.45222222222222225 0.4166666666666667 0.03777777777777778 0.07333333333333333
1 0.6511111111111111 0.4 0.03111111111111111 0.060000000000000005
1 0.6811111111111111 0.4366666666666667 0.042222222222222223 0.08
1 0.7144444444444444 0.3983333333333334 0.028888888888888888 0.06333333333333334
1 0.76 0.44333333333333336 0.03111111111111111 0.06666666666666667
1 0.8222222222222222 0.43833333333333335 0.035555555555555556 0.06333333333333334
1 0.7566666666666667 0.5583333333333333 0.06 0.12333333333333334
1 0.9311111111111111 0.5783333333333334 0.07111111111111111 0.13
1 0.9488888888888889 0.7000000000000001 0.06666666666666667 0.12666666666666668
