1 0.16964285714285712 0.24911347517730495 0.021825396825396824 0.04078014184397163
1 0.24007936507936506 0.24734042553191488 0.023809523809523808 0.047872340425531915
1 0.19543650793650794 0.5150709219858156 0.05555555555555555 0.09042553191489361
1 0.2876984126984127 0.22872340425531915 0.01984126984126984 0.04609929078014184
1 0.3298611111111111 0.19592198581560283 0.020833333333333332 0.03723404255319149
1 0.3333333333333333 0.23315602836879432 0.017857142857142856 0.047872340425531915
1 0.3576388888888889 0.2579787234042553 0.020833333333333332 0.047872340425531915
1 0.4300595238095238 0.250886524822695 0.022817460317460316 0.04078014184397163
1 0.34771825396825395 0.21453900709219859 0.018849206349206348 0.031914893617021274
1 0.3814484126984127 0.19858156028368795 0.020833333333333332 0.0425531914893617
1 0.4325396825396825 0.2101063829787234 0.023809523809523808 0.03723404255319149
1 0.4657738095238095 0.21631205673758866 0.020833333333333332 0.03900709219858156
1 0.41468253968253965 0.15691489361702127 0.011904761904761904 0.030141843971631204
1 0.4384920634920635 0.15336879432624112 0.017857142857142856 0.01950354609929078
1 0.4419642857142857 0.1773049645390071 0.020833333333333332 0.028368794326241134
1 0.48164682539682535 0.1551418439716312 0.012896825396825396 0.030141843971631204
1 0.49553571428571425 0.18085106382978722 0.016865079365079364 0.035460992907801414
1 0.5024801587301587 0.2278368794326241 0.022817460317460316 0.04078014184397163
1 0.5595238095238095 0.18351063829787234 0.01984126984126984 0.04078014184397163
1 0.49801587301587297 0.2712765957446808 0.025793650793650792 0.05319148936170213
1 0.5287698412698413 0.125 0.015873015873015872 0.026595744680851064
1 0.5044642857142857 0.1524822695035461 0.012896825396825396 0.028368794326241134
1 0.5451388888888888 0.1347517730496454 0.01488095238095238 0.028368794326241134
1 0.5496031746031745 0.15336879432624112 0.017857142857142856 0.02304964539007092
1 0.5808531746031745 0.1702127659574468 0.01488095238095238 0.031914893617021274
1 0.5739087301587301 0.1356382978723404 0.01488095238095238 0.026595744680851064
1 0.5808531746031745 0.11170212765957446 0.012896825396825396 0.024822695035460994
1 0.6220238095238095 0.14893617021276595 0.011904761904761904 0.024822695035460994
1 0.6061507936507936 0.12322695035460993 0.013888888888888888 0.026595744680851064
1 0.6274801587301587 0.11790780141843972 0.010912698412698412 0.02304964539007092
1 0.6438492063492063 0.13031914893617022 0.015873015873015872 0.026595744680851064
1 0.6458333333333333 0.10904255319148935 0.013888888888888888 0.026595744680851064
1 0.6656746031746031 0.12056737588652482 0.013888888888888888 0.031914893617021274
1 0.6924603174603174 0.10638297872340426 0.011904761904761904 0.024822695035460994
1 0.6889880952380952 0.12943262411347517 0.012896825396825396 0.028368794326241134
1 0.6557539682539683 0.1799645390070922 0.017857142857142856 0.03368794326241135
1 0.6160714285714285 0.23404255319148937 0.015873015873015872 0.04609929078014184
1 0.5411706349206349 0.3129432624113475 0.028769841269841268 0.054964539007092195
1 0.5694444444444444 0.2570921985815603 0.025793650793650792 0.04609929078014184
1 0.6116071428571428 0.324468085106383 0.030753968253968252 0.0673758865248227
1 0.6785714285714285 0.35106382978723405 0.03373015873015873 0.05673758865248227
1 0.7326388888888888 0.40691489361702127 0.030753968253968252 0.06205673758865248
1 0.6631944444444444 0.2845744680851064 0.0248015873015873 0.054964539007092195
1 0.7247023809523809 0.3102836879432624 0.0248015873015873 0.05319148936170213
1 0.7728174603174602 0.31560283687943264 0.023809523809523808 0.06028368794326241
1 0.8472222222222222 0.326241134751773 0.025793650793650792 0.06382978723404255
1 0.9007936507936507 0.3475177304964539 0.027777777777777776 0.05673758865248227
1 0.9087301587301587 0.2969858156028369 0.01984126984126984 0.03723404255319149
1 0.8665674603174602 0.2987588652482269 0.020833333333333332 0.04078014184397163
1 0.8050595238095237 0.24822695035460993 0.0248015873015873 0.05319148936170213
1 0.8020833333333333 0.2047872340425532 0.016865079365079364 0.03368794326241135
1 0.7628968253968254 0.24468085106382978 0.023809523809523808 0.0425531914893617
1 0.7336309523809523 0.23138297872340424 0.022817460317460316 0.044326241134751775
1 0.6974206349206349 0.2101063829787234 0.021825396825396824 0.04078014184397163
1 0.7003968253968254 0.17553191489361702 0.013888888888888888 0.028368794326241134
1 0.720734126984127 0.14893617021276595 0.01488095238095238 0.028368794326241134
1 0.7043650793650793 0.12234042553191489 0.00992063492063492 0.028368794326241134
1 0.7504960317460317 0.1347517730496454 0.016865079365079364 0.035460992907801414
1 0.779265873015873 0.14095744680851063 0.01488095238095238 0.03368794326241135
1 0.8784722222222222 0.22960992907801417 0.016865079365079364 0.03723404255319149
1 0.929563492063492 0.22429078014184398 0.01984126984126984 0.044326241134751775
1 0.9652777777777777 0.15691489361702127 0.015873015873015872 0.04078014184397163
