1 0.8146245059288537 0.26297335203366057 0.011857707509881422 0.02664796633941094
1 0.8316205533596838 0.2622720897615708 0.011067193675889328 0.028050490883590462
1 0.8359683794466403 0.27910238429172507 0.011857707509881422 0.030855539971949508
1 0.8482213438735178 0.255960729312763 0.009486166007905139 0.023842917251051893
1 0.875098814229249 0.28401122019635344 0.011067193675889328 0.03506311360448808
1 0.9071146245059288 0.27279102384291726 0.008695652173913044 0.02664796633941094
1 0.9079051383399209 0.3085553997194951 0.010276679841897233 0.030855539971949508
1 0.8711462450592885 0.3239831697054698 0.011067193675889328 0.033660589060308554
1 0.8660079051383399 0.3541374474053296 0.015019762845849802 0.04628330995792426
1 0.8841897233201581 0.3899018232819074 0.01818181818181818 0.047685834502103785
1 0.8988142292490119 0.34151472650771386 0.014229249011857707 0.03506311360448808
1 0.908300395256917 0.3548387096774194 0.014229249011857707 0.05049088359046283
1 0.8806324110671937 0.45511921458625526 0.026877470355731226 0.06030855539971949
1 0.8276679841897233 0.3085553997194951 0.014229249011857707 0.033660589060308554
1 0.8075098814229249 0.3387096774193548 0.015019762845849802 0.04067321178120617
1 0.7893280632411067 0.3611500701262272 0.01818181818181818 0.04908835904628331
1 0.8351778656126482 0.40953716690042075 0.016600790513833993 0.04488078541374474
1 0.8233201581027668 0.45091164095371666 0.02134387351778656 0.051893408134642355
1 0.7865612648221344 0.5406732117812062 0.026877470355731226 0.07152875175315568
1 0.7185770750988142 0.3976157082748948 0.020553359683794466 0.051893408134642355
1 0.750197628458498 0.43057503506311356 0.018972332015810278 0.05329593267882188
1 0.7375494071146245 0.29102384291725103 0.012648221343873518 0.037868162692847124
1 0.7316205533596838 0.23071528751753156 0.010276679841897233 0.02664796633941094
1 0.7581027667984189 0.2391304347826087 0.011067193675889328 0.02664796633941094
1 0.7517786561264822 0.26928471248246844 0.012648221343873518 0.0364656381486676
1 0.782608695652174 0.30014025245441794 0.012648221343873518 0.033660589060308554
1 0.7909090909090909 0.27980364656381485 0.013438735177865613 0.03506311360448808
1 0.6893280632411067 0.2608695652173913 0.012648221343873518 0.030855539971949508
1 0.7027667984189723 0.28751753155680226 0.014229249011857707 0.0364656381486676
1 0.7158102766798419 0.2566619915848527 0.011857707509881422 0.030855539971949508
1 0.6600790513833992 0.26718092566619916 0.014229249011857707 0.029453015427769985
1 0.6715415019762846 0.3506311360448808 0.01818181818181818 0.047685834502103785
1 0.6339920948616601 0.332398316970547 0.017391304347826087 0.03927068723702665
1 0.6296442687747036 0.3884992987377279 0.02292490118577075 0.056100981767180924
1 0.5992094861660079 0.3856942496493688 0.018972332015810278 0.05329593267882188
1 0.6237154150197628 0.45511921458625526 0.028458498023715414 0.06872370266479663
1 0.6905138339920949 0.4740532959326788 0.0308300395256917 0.0729312762973352
1 0.5687747035573123 0.4277699859747546 0.02766798418972332 0.061711079943899017
1 0.5347826086956522 0.4081346423562412 0.02292490118577075 0.05329593267882188
1 0.549802371541502 0.34712482468443195 0.01818181818181818 0.04067321178120617
1 0.5845849802371541 0.32608695652173914 0.01818181818181818 0.04067321178120617
1 0.5644268774703557 0.2812061711079944 0.012648221343873518 0.03506311360448808
1 0.6 0.20687237026647964 0.009486166007905139 0.023842917251051893
1 0.6134387351778656 0.21458625525946703 0.009486166007905139 0.019635343618513323
1 0.6371541501976284 0.21458625525946703 0.007905138339920948 0.025245441795231416
1 0.5517786561264822 0.21949509116409538 0.011067193675889328 0.023842917251051893
1 0.5596837944664032 0.24403927068723702 0.011067193675889328 0.025245441795231416
1 0.5517786561264822 0.2601683029453015 0.012648221343873518 0.029453015427769985
1 0.5814229249011857 0.24894810659186534 0.011857707509881422 0.03225806451612903
1 0.6249011857707509 0.24894810659186534 0.011857707509881422 0.02664796633941094
1 0.6521739130434783 0.23842917251051893 0.011067193675889328 0.025245441795231416
1 0.6608695652173913 0.23281907433380084 0.011067193675889328 0.028050490883590462
1 0.4442687747035573 0.2510518934081346 0.011067193675889328 0.025245441795231416
1 0.46403162055335967 0.2678821879382889 0.011067193675889328 0.030855539971949508
1 0.491699604743083 0.2650771388499299 0.011067193675889328 0.030855539971949508
1 0.508695652173913 0.2812061711079944 0.011857707509881422 0.03506311360448808
1 0.5126482213438736 0.24123422159887797 0.011857707509881422 0.028050490883590462
1 0.5241106719367589 0.25315568022440393 0.012648221343873518 0.03225806451612903
1 0.4936758893280632 0.31977559607293127 0.013438735177865613 0.0364656381486676
1 0.45731225296442685 0.3141654978962132 0.015019762845849802 0.030855539971949508
1 0.4379446640316205 0.3394109396914446 0.018972332015810278 0.04488078541374474
1 0.4284584980237154 0.31065918653576435 0.015810276679841896 0.037868162692847124
1 0.44861660079051385 0.4109396914446003 0.02450592885375494 0.061711079943899017
1 0.40474308300395256 0.26297335203366057 0.011067193675889328 0.03225806451612903
1 0.39446640316205533 0.2699859747545582 0.014229249011857707 0.03506311360448808
1 0.42015810276679844 0.2755960729312763 0.013438735177865613 0.029453015427769985
1 0.40039525691699607 0.30434782608695654 0.011857707509881422 0.030855539971949508
1 0.39881422924901183 0.33590462833099577 0.016600790513833993 0.04067321178120617
1 0.3778656126482213 0.332398316970547 0.015810276679841896 0.033660589060308554
1 0.3521739130434783 0.2952314165497896 0.011857707509881422 0.029453015427769985
1 0.34782608695652173 0.3281907433380084 0.014229249011857707 0.030855539971949508
1 0.32806324110671936 0.36886395511921455 0.018972332015810278 0.04488078541374474
1 0.2276679841897233 0.3408134642356241 0.012648221343873518 0.0364656381486676
1 0.2600790513833992 0.34712482468443195 0.015810276679841896 0.04067321178120617
1 0.28695652173913044 0.30575035063113604 0.012648221343873518 0.033660589060308554
1 0.2845849802371542 0.36886395511921455 0.014229249011857707 0.04207573632538569
1 0.10039525691699605 0.4845722300140252 0.03636363636363636 0.07713884992987377
1 0.6134387351778656 0.30925666199158486 0.014229249011857707 0.04067321178120617
1 0.5604743083003952 0.22019635343618513 0.009486166007905139 0.02244039270687237
