1 0.17172675521821631 0.40488215488215484 0.04933586337760911 0.08249158249158249
1 0.3074003795066414 0.22390572390572389 0.018975332068311195 0.037037037037037035
1 0.3187855787476281 0.25252525252525254 0.018975332068311195 0.0404040404040404
1 0.33206831119544594 0.2255892255892256 0.020872865275142316 0.03367003367003367
1 0.32969639468690703 0.19107744107744107 0.018026565464895637 0.03535353535353535
1 0.3467741935483871 0.20286195286195285 0.016129032258064516 0.03872053872053872
1 0.3709677419354839 0.21464646464646464 0.017077798861480076 0.03535353535353535
1 0.3733396584440228 0.24663299663299662 0.018026565464895637 0.04208754208754208
1 0.38519924098671726 0.24915824915824913 0.020872865275142316 0.04713804713804714
1 0.3913662239089184 0.20959595959595959 0.019924098671726755 0.04208754208754208
1 0.41650853889943074 0.25757575757575757 0.024667931688804556 0.05387205387205387
1 0.4411764705882353 0.23063973063973062 0.020872865275142316 0.04713804713804714
1 0.4411764705882353 0.18265993265993266 0.017077798861480076 0.03535353535353535
1 0.4278937381404175 0.1776094276094276 0.017077798861480076 0.03872053872053872
1 0.41888045540796964 0.15488215488215487 0.016129032258064516 0.026936026936026935
1 0.4459203036053131 0.1616161616161616 0.015180265654648957 0.0303030303030303
1 0.47533206831119545 0.1877104377104377 0.020872865275142316 0.03872053872053872
1 0.48719165085388993 0.22474747474747475 0.021821631878557877 0.04208754208754208
1 0.502371916508539 0.1978114478114478 0.018026565464895637 0.03872053872053872
1 0.49098671726755216 0.16077441077441076 0.014231499051233398 0.028619528619528618
1 0.48007590132827327 0.14309764309764308 0.011385199240986717 0.02356902356902357
1 0.49098671726755216 0.1388888888888889 0.010436432637571158 0.025252525252525252
1 0.5113851992409867 0.12878787878787878 0.015180265654648957 0.03535353535353535
1 0.5090132827324478 0.15488215488215487 0.014231499051233398 0.0303030303030303
1 0.5327324478178368 0.1616161616161616 0.016129032258064516 0.03367003367003367
1 0.5317836812144212 0.13215488215488214 0.012333965844402278 0.028619528619528618
1 0.5445920303605313 0.1372053872053872 0.015180265654648957 0.028619528619528618
1 0.5483870967741935 0.16414141414141414 0.015180265654648957 0.03198653198653199
1 0.5583491461100569 0.18855218855218855 0.016129032258064516 0.03367003367003367
1 0.5616698292220114 0.16077441077441076 0.015180265654648957 0.03198653198653199
1 0.5830170777988615 0.1717171717171717 0.018026565464895637 0.0404040404040404
1 0.5962998102466793 0.1447811447811448 0.016129032258064516 0.0303030303030303
1 0.5844402277039848 0.12962962962962962 0.013282732447817837 0.02356902356902357
1 0.6038899430740038 0.12373737373737373 0.016129032258064516 0.028619528619528618
1 0.6290322580645161 0.12962962962962962 0.015180265654648957 0.037037037037037035
1 0.6361480075901328 0.11195286195286194 0.012333965844402278 0.028619528619528618
1 0.6200189753320683 0.16582491582491582 0.016129032258064516 0.04208754208754208
1 0.6707779886148008 0.13552188552188552 0.011385199240986717 0.028619528619528618
1 0.6513282732447818 0.13215488215488214 0.014231499051233398 0.028619528619528618
1 0.6631878557874763 0.10774410774410774 0.015180265654648957 0.03367003367003367
1 0.6859582542694497 0.12457912457912457 0.013282732447817837 0.03367003367003367
1 0.7172675521821632 0.11784511784511784 0.015180265654648957 0.0303030303030303
1 0.6722011385199241 0.1776094276094276 0.021821631878557877 0.04208754208754208
1 0.6299810246679317 0.22474747474747475 0.020872865275142316 0.05218855218855219
1 0.6280834914611005 0.2676767676767677 0.026565464895635674 0.057239057239057235
1 0.5659392789373814 0.2584175084175084 0.027514231499051234 0.05555555555555555
1 0.5469639468690702 0.3181818181818182 0.031309297912713474 0.0606060606060606
1 0.49003795066413663 0.28535353535353536 0.029411764705882353 0.062289562289562284
1 0.5953510436432637 0.34848484848484845 0.029411764705882353 0.06397306397306397
1 0.6603415559772297 0.35353535353535354 0.03415559772296015 0.0808080808080808
1 0.6802656546489564 0.27609427609427606 0.024667931688804556 0.057239057239057235
1 0.7186907020872866 0.24663299663299662 0.023719165085388995 0.04882154882154882
1 0.7371916508538899 0.29124579124579125 0.022770398481973434 0.05387205387205387
1 0.7556925996204934 0.3265993265993266 0.029411764705882353 0.05387205387205387
1 0.7433586337760911 0.4183501683501683 0.04269449715370019 0.07912457912457913
1 0.8235294117647058 0.42087542087542085 0.028462998102466795 0.06397306397306397
1 0.8704933586337761 0.42592592592592593 0.031309297912713474 0.0808080808080808
1 0.8444022770398482 0.3392255892255892 0.030360531309297913 0.062289562289562284
1 0.8662239089184061 0.28703703703703703 0.022770398481973434 0.05555555555555555
1 0.9103415559772297 0.3493265993265993 0.029411764705882353 0.06902356902356901
1 0.924573055028463 0.3047138047138047 0.021821631878557877 0.05387205387205387
1 0.8833017077798861 0.23569023569023567 0.024667931688804556 0.04713804713804714
1 0.9297912713472486 0.2382154882154882 0.017077798861480076 0.04882154882154882
1 0.8055028462998103 0.25252525252525254 0.024667931688804556 0.043771043771043766
1 0.7993358633776091 0.23148148148148148 0.021821631878557877 0.03872053872053872
1 0.7680265654648957 0.2542087542087542 0.023719165085388995 0.043771043771043766
1 0.7490512333965844 0.21296296296296297 0.021821631878557877 0.03872053872053872
1 0.7148956356736244 0.19444444444444445 0.019924098671726755 0.03872053872053872
1 0.7039848197343453 0.16835016835016833 0.018975332068311195 0.037037037037037035
1 0.7277039848197343 0.15993265993265993 0.017077798861480076 0.037037037037037035
1 0.7485768500948766 0.13973063973063973 0.015180265654648957 0.037037037037037035
1 0.7775142314990513 0.1616161616161616 0.016129032258064516 0.0303030303030303
1 0.784629981024668 0.13973063973063973 0.015180265654648957 0.0303030303030303
1 0.8092979127134725 0.1632996632996633 0.013282732447817837 0.0303030303030303
