1 0.01808972503617945 0.6540130151843818 0.03328509406657019 0.08459869848156182
1 0.04052098408104197 0.5911062906724512 0.026049204052098405 0.049891540130151846
1 0.06512301013024602 0.5943600867678959 0.026049204052098405 0.04338394793926247
1 0.10130246020260492 0.5824295010845987 0.02894356005788712 0.04121475054229935
1 0.13603473227206944 0.586767895878525 0.023154848046309694 0.04121475054229935
1 0.16136034732272067 0.5759219088937093 0.018813314037626625 0.02819956616052061
1 0.18234442836468884 0.6355748373101953 0.04341534008683068 0.0650759219088937
1 0.1968162083936324 0.6030368763557484 0.026049204052098405 0.04338394793926247
1 0.25036179450072354 0.631236442516269 0.0492040520984081 0.0824295010845987
1 0.2662807525325615 0.588937093275488 0.01736613603473227 0.036876355748373106
1 0.2778581765557163 0.586767895878525 0.020260492040520984 0.036876355748373106
1 0.3111432706222865 0.5845986984815619 0.02894356005788712 0.036876355748373106
1 0.3111432706222865 0.6681127982646421 0.05209840810419681 0.0911062906724512
1 0.361794500723589 0.7039045553145337 0.0723589001447178 0.13232104121475055
1 0.4703328509406657 0.7071583514099783 0.0752532561505065 0.1561822125813449
1 0.3306801736613603 0.5835140997830803 0.015918958031837915 0.026030368763557486
1 0.3610709117221418 0.586767895878525 0.018813314037626625 0.02819956616052061
1 0.394356005788712 0.6149674620390456 0.03907380607814761 0.06290672451193059
1 0.4356005788712011 0.6279826464208244 0.03762662807525325 0.05856832971800434
1 0.42908827785817655 0.5824295010845987 0.02170767004341534 0.03253796095444685
1 0.40520984081041966 0.5607375271149675 0.01447178002894356 0.02386117136659436
1 0.4551374819102749 0.5943600867678959 0.018813314037626625 0.030368763557483733
1 0.4833574529667149 0.5900216919739697 0.01736613603473227 0.026030368763557486
1 0.5159189580318378 0.6431670281995662 0.04775687409551375 0.08459869848156182
1 0.5347322720694645 0.6084598698481563 0.02170767004341534 0.036876355748373106
1 0.5477568740955137 0.5921908893709328 0.013024602026049202 0.026030368763557486
1 0.5687409551374819 0.6127982646420824 0.026049204052098405 0.049891540130151846
1 0.6056439942112879 0.6323210412147505 0.030390738060781474 0.05422993492407809
1 0.6360347322720694 0.5986984815618221 0.027496382054992764 0.04772234273318872
1 0.662807525325615 0.5997830802603037 0.023154848046309694 0.036876355748373106
1 0.6808972503617945 0.6062906724511931 0.02460202604920405 0.049891540130151846
1 0.6758321273516642 0.6540130151843818 0.03473227206946454 0.06290672451193059
1 0.7141823444283646 0.6583514099783081 0.04196816208393632 0.06724511930585683
1 0.756150506512301 0.6898047722342734 0.07091172214182344 0.09978308026030369
1 0.7518089725036179 0.6279826464208244 0.030390738060781474 0.0455531453362256
1 0.8140376266280752 0.6334056399132322 0.04775687409551375 0.0650759219088937
1 0.9211287988422575 0.5260303687635575 0.02460202604920405 0.036876355748373106
1 0.9486251808972503 0.6355748373101953 0.03907380607814761 0.0650759219088937
