1 0.8301569506726457 0.3053359683794466 0.023542600896860985 0.05731225296442687
1 0.8525784753363228 0.23320158102766797 0.021300448430493273 0.05138339920948616
1 0.9170403587443946 0.2401185770750988 0.01569506726457399 0.04545454545454545
1 0.9271300448430493 0.26877470355731226 0.017937219730941704 0.04743083003952569
1 0.8565022421524664 0.1590909090909091 0.011210762331838564 0.029644268774703556
1 0.8856502242152466 0.1590909090909091 0.008968609865470852 0.02569169960474308
1 0.882847533632287 0.1709486166007905 0.01233183856502242 0.029644268774703556
1 0.8789237668161435 0.20652173913043476 0.013452914798206279 0.04150197628458498
1 0.8385650224215246 0.18577075098814227 0.013452914798206279 0.035573122529644265
1 0.8195067264573991 0.2183794466403162 0.01569506726457399 0.04150197628458498
1 0.7920403587443946 0.18379446640316205 0.014573991031390135 0.035573122529644265
1 0.8015695067264574 0.133399209486166 0.008968609865470852 0.02569169960474308
1 0.8256726457399103 0.14723320158102765 0.01233183856502242 0.03359683794466403
1 0.7298206278026905 0.12549407114624506 0.011210762331838564 0.02569169960474308
1 0.7040358744394619 0.14031620553359683 0.011210762331838564 0.02766798418972332
1 0.6748878923766816 0.12351778656126482 0.011210762331838564 0.02569169960474308
1 0.6804932735426009 0.1551383399209486 0.013452914798206279 0.03359683794466403
1 0.6821748878923767 0.19367588932806323 0.016816143497757848 0.03952569169960474
1 0.7146860986547086 0.16996047430830039 0.01233183856502242 0.03162055335968379
1 0.7135650224215246 0.2183794466403162 0.01905829596412556 0.04150197628458498
1 0.727017937219731 0.20158102766798416 0.016816143497757848 0.03952569169960474
1 0.7634529147982063 0.13833992094861658 0.013452914798206279 0.03162055335968379
1 0.7819506726457399 0.14822134387351776 0.01233183856502242 0.03162055335968379
1 0.7488789237668161 0.17391304347826086 0.013452914798206279 0.035573122529644265
1 0.7612107623318386 0.2243083003952569 0.020179372197309416 0.04940711462450593
1 0.7701793721973094 0.2934782608695652 0.02242152466367713 0.061264822134387345
1 0.7180493273542601 0.2826086956521739 0.023542600896860985 0.05533596837944664
1 0.6681614349775785 0.25296442687747034 0.020179372197309416 0.05138339920948616
1 0.617152466367713 0.24604743083003952 0.01905829596412556 0.04940711462450593
1 0.6418161434977578 0.18774703557312253 0.014573991031390135 0.03952569169960474
1 0.6519058295964125 0.21146245059288535 0.016816143497757848 0.043478260869565216
1 0.6261210762331838 0.2075098814229249 0.016816143497757848 0.043478260869565216
1 0.6356502242152466 0.12351778656126482 0.008968609865470852 0.021739130434782608
1 0.6121076233183856 0.12450592885375493 0.008968609865470852 0.01976284584980237
1 0.5891255605381166 0.12450592885375493 0.007847533632286996 0.01976284584980237
1 0.5852017937219731 0.14525691699604742 0.011210762331838564 0.029644268774703556
1 0.6059417040358744 0.13932806324110672 0.010089686098654708 0.02569169960474308
1 0.6121076233183856 0.15019762845849802 0.011210762331838564 0.02766798418972332
1 0.554932735426009 0.13142292490118576 0.011210762331838564 0.02569169960474308
1 0.484304932735426 0.13932806324110672 0.008968609865470852 0.021739130434782608
1 0.49551569506726456 0.15316205533596836 0.011210762331838564 0.02569169960474308
1 0.5033632286995515 0.18972332015810275 0.01569506726457399 0.035573122529644265
1 0.531390134529148 0.16897233201581027 0.013452914798206279 0.029644268774703556
1 0.5358744394618834 0.19466403162055335 0.017937219730941704 0.04150197628458498
1 0.5672645739910314 0.16996047430830039 0.01569506726457399 0.035573122529644265
1 0.5498878923766816 0.24505928853754938 0.01905829596412556 0.043478260869565216
1 0.5913677130044843 0.33695652173913043 0.025784753363228698 0.061264822134387345
1 0.5639013452914798 0.2875494071146245 0.02242152466367713 0.05731225296442687
1 0.484304932735426 0.3053359683794466 0.02242152466367713 0.05731225296442687
1 0.4545964125560538 0.14624505928853754 0.007847533632286996 0.023715415019762844
1 0.4758968609865471 0.19466403162055335 0.014573991031390135 0.03359683794466403
1 0.44506726457399104 0.19268774703557312 0.011210762331838564 0.029644268774703556
1 0.4708520179372197 0.2351778656126482 0.017937219730941704 0.043478260869565216
1 0.42769058295964124 0.23814229249011856 0.016816143497757848 0.03359683794466403
1 0.40582959641255606 0.19565217391304346 0.013452914798206279 0.03162055335968379
1 0.3839686098654708 0.19169960474308298 0.01233183856502242 0.02766798418972332
1 0.3934977578475336 0.2193675889328063 0.01569506726457399 0.02766798418972332
1 0.3609865470852018 0.20553359683794464 0.013452914798206279 0.023715415019762844
1 0.3654708520179372 0.24703557312252963 0.017937219730941704 0.043478260869565216
1 0.36995515695067266 0.27470355731225293 0.020179372197309416 0.043478260869565216
1 0.38789237668161436 0.2776679841897233 0.02242152466367713 0.04940711462450593
1 0.34697309417040356 0.23221343873517786 0.014573991031390135 0.03359683794466403
1 0.33800448430493274 0.2608695652173913 0.01905829596412556 0.043478260869565216
1 0.2483183856502242 0.2618577075098814 0.01233183856502242 0.029644268774703556
1 0.29932735426008966 0.2559288537549407 0.013452914798206279 0.03359683794466403
1 0.3161434977578475 0.24703557312252963 0.01569506726457399 0.03952569169960474
1 0.32623318385650224 0.23122529644268774 0.013452914798206279 0.03162055335968379
1 0.5510089686098655 0.15316205533596836 0.010089686098654708 0.02569169960474308
1 0.19170403587443946 0.40909090909090906 0.03811659192825112 0.07509881422924901
1 0.4400224215246637 0.1758893280632411 0.014573991031390135 0.03162055335968379
