1 0.21428571428571427 0.2633079847908745 0.0255863539445629 0.051330798479087454
1 0.30810234541577824 0.20627376425855512 0.019189765458422173 0.039923954372623575
1 0.40031982942430705 0.279467680608365 0.01812366737739872 0.04182509505703422
1 0.4173773987206823 0.2214828897338403 0.013859275053304903 0.03231939163498099
1 0.47174840085287845 0.23479087452471484 0.015991471215351813 0.03612167300380228
1 0.4925373134328358 0.2252851711026616 0.017057569296375266 0.039923954372623575
1 0.5842217484008528 0.25950570342205326 0.019189765458422173 0.043726235741444866
1 0.6135394456289979 0.2461977186311787 0.02025586353944563 0.04752851711026616
1 0.5255863539445629 0.1444866920152091 0.01279317697228145 0.030418250950570342
1 0.6567164179104478 0.12262357414448669 0.010660980810234541 0.024714828897338403
1 0.603411513859275 0.12832699619771862 0.010660980810234541 0.024714828897338403
1 0.6087420042643923 0.11977186311787072 0.010660980810234541 0.022813688212927757
1 0.6273987206823027 0.12357414448669202 0.009594882729211086 0.026615969581749048
