1 0.01708984375 0.4861842105263158 0.0322265625 0.06973684210526315
1 0.0546875 0.47236842105263155 0.037109375 0.04736842105263158
1 0.109375 0.4697368421052632 0.06640625 0.09473684210526316
1 0.17919921875 0.4921052631578947 0.0498046875 0.06842105263157895
1 0.23681640625 0.4842105263157895 0.0400390625 0.05789473684210526
1 0.271484375 0.49144736842105263 0.03125 0.05131578947368421
1 0.3203125 0.4677631578947368 0.0859375 0.14078947368421052
1 0.416015625 0.4730263157894737 0.041015625 0.06447368421052631
1 0.45263671875 0.49144736842105263 0.0341796875 0.05131578947368421
1 0.501953125 0.44802631578947366 0.029296875 0.038157894736842106
1 0.5361328125 0.49473684210526314 0.02734375 0.05263157894736842
1 0.55224609375 0.4934210526315789 0.0263671875 0.042105263157894736
1 0.6474609375 0.49473684210526314 0.072265625 0.07894736842105263
1 0.59033203125 0.5986842105263158 0.0517578125 0.06578947368421052
1 0.7060546875 0.4901315789473684 0.033203125 0.05131578947368421
1 0.74072265625 0.49473684210526314 0.0283203125 0.04473684210526316
1 0.81982421875 0.5684210526315789 0.0888671875 0.12894736842105262
1 0.8046875 0.47828947368421054 0.041015625 0.06184210526315789
1 0.8662109375 0.4888157894736842 0.0625 0.08289473684210526
1 0.92431640625 0.5072368421052631 0.0478515625 0.06184210526315789
1 0.97900390625 0.5243421052631578 0.0419921875 0.1986842105263158
