1 0.09069625407166124 0.4644607843137255 0.10036644951140065 0.15931372549019607
1 0.23595276872964172 0.4649203431372549 0.08631921824104236 0.13511029411764705
1 0.40594462540716614 0.4263174019607843 0.07939739413680783 0.14675245098039216
1 0.5733916938110749 0.3714767156862745 0.05191368078175896 0.11121323529411764
1 0.622557003257329 0.3477328431372549 0.050488599348534204 0.11213235294117647
1 0.5887622149837134 0.5436580882352942 0.09405537459283388 0.15962009803921567
1 0.7225162866449512 0.5136335784313726 0.10179153094462541 0.27481617647058826
1 0.8221701954397395 0.6694240196078431 0.24083876221498374 0.3854166666666667
1 0.7850162866449512 0.36136642156862747 0.048452768729641695 0.10998774509803921
1 0.9422842019543974 0.3874080882352941 0.05679967426710098 0.0940563725490196
