1 0.044375 0.6683333333333333 0.07125000000000001 0.10666666666666667
1 0.0325 0.5941666666666667 0.045 0.06166666666666667
1 0.026875 0.5508333333333334 0.04125 0.04833333333333334
1 0.139375 0.5325000000000001 0.04125 0.05166666666666667
1 0.201875 0.6108333333333333 0.06625 0.09166666666666667
1 0.24 0.7241666666666667 0.0575 0.10500000000000001
1 0.29625 0.8558333333333333 0.1275 0.18833333333333335
1 0.30625 0.5366666666666667 0.0375 0.05666666666666667
1 0.365 0.5558333333333334 0.035 0.055
1 0.39125 0.5825 0.05 0.06833333333333334
1 0.400625 0.5308333333333334 0.03375 0.045000000000000005
1 0.49062500000000003 0.5341666666666667 0.03125 0.03833333333333334
1 0.51375 0.5658333333333334 0.0375 0.05166666666666667
1 0.49125 0.6275000000000001 0.065 0.07166666666666667
1 0.598125 0.655 0.058750000000000004 0.09000000000000001
1 0.61375 0.6033333333333334 0.055 0.07666666666666667
1 0.63375 0.5383333333333333 0.0375 0.060000000000000005
1 0.69375 0.5775 0.0425 0.06833333333333334
1 0.68375 0.5275000000000001 0.0275 0.03166666666666667
1 0.794375 0.5875 0.06375 0.09833333333333334
1 0.733125 0.615 0.04625 0.07666666666666667
1 0.738125 0.7258333333333333 0.10625 0.13166666666666668
1 0.89 0.5825 0.045 0.065
1 0.935625 0.6166666666666667 0.05375 0.060000000000000005
1 0.8925000000000001 0.53 0.0275 0.03666666666666667
1 0.92875 0.5533333333333333 0.04 0.05
1 0.9425 0.5216666666666667 0.03 0.043333333333333335
1 0.64125 0.43750000000000006 0.025 0.035
