1 0.079296875 0.5203125 0.06640625 0.128125
1 0.11953125 0.5791666666666666 0.08281250000000001 0.11666666666666667
1 0.23164062500000002 0.5067708333333333 0.057031250000000006 0.09270833333333334
1 0.26328125 0.31875 0.025 0.04375
1 0.38320312500000003 0.359375 0.02734375 0.0375
1 0.3828125 0.33229166666666665 0.028125 0.0375
1 0.32265625000000003 0.5447916666666667 0.07500000000000001 0.1125
1 0.41835937500000003 0.4979166666666667 0.05234375 0.08541666666666667
1 0.408984375 0.4270833333333333 0.04453125 0.06875
1 0.499609375 0.4947916666666667 0.057031250000000006 0.08541666666666667
1 0.550390625 0.528125 0.06484375 0.10625
1 0.519140625 0.44427083333333334 0.047656250000000004 0.06354166666666666
1 0.585546875 0.43124999999999997 0.04296875 0.06458333333333333
1 0.614453125 0.4244791666666667 0.03515625 0.06354166666666666
1 0.653515625 0.5026041666666666 0.06015625 0.09895833333333333
1 0.6421875 0.4552083333333333 0.046875 0.06041666666666667
1 0.658203125 0.38958333333333334 0.030468750000000003 0.04375
1 0.696484375 0.41354166666666664 0.041406250000000006 0.058333333333333334
1 0.7074218750000001 0.459375 0.047656250000000004 0.06041666666666667
1 0.784375 0.48385416666666664 0.065625 0.11145833333333333
1 0.753515625 0.4161458333333333 0.032031250000000004 0.04895833333333333
1 0.81640625 0.42864583333333334 0.040625 0.065625
1 0.8558593750000001 0.4614583333333333 0.06328125 0.08541666666666667
1 0.9574218750000001 0.42864583333333334 0.049218750000000006 0.06979166666666667
1 0.9875 0.43385416666666665 0.025 0.065625
