1 0.08333333333333334 0.8333333333333334 0.1277777777777778 0.24583333333333332
1 0.025 0.46770833333333334 0.04722222222222222 0.11875
1 0.0638888888888889 0.48333333333333334 0.05555555555555556 0.10416666666666667
1 0.15069444444444444 0.6135416666666667 0.10138888888888889 0.17708333333333334
1 0.16458333333333333 0.4666666666666667 0.05694444444444444 0.0875
1 0.19305555555555556 0.44479166666666664 0.04722222222222222 0.08541666666666667
1 0.22847222222222224 0.5416666666666666 0.059722222222222225 0.11666666666666667
1 0.17222222222222222 0.5479166666666666 0.07222222222222223 0.12916666666666665
1 0.3076388888888889 0.46458333333333335 0.05416666666666667 0.1
1 0.4256944444444445 0.5364583333333334 0.07083333333333333 0.12708333333333333
1 0.4548611111111111 0.48125 0.05694444444444444 0.10833333333333334
1 0.4118055555555556 0.4770833333333333 0.04583333333333334 0.07083333333333333
1 0.40625 0.43124999999999997 0.043055555555555555 0.06666666666666667
1 0.4701388888888889 0.871875 0.2152777777777778 0.25625
1 0.5069444444444444 0.759375 0.11666666666666667 0.14791666666666667
1 0.5923611111111111 0.5010416666666666 0.0625 0.09791666666666667
1 0.5868055555555556 0.4583333333333333 0.051388888888888894 0.08333333333333333
1 0.5770833333333334 0.42916666666666664 0.043055555555555555 0.06666666666666667
1 0.7381944444444445 0.45416666666666666 0.04583333333333334 0.07916666666666666
1 0.7388888888888889 0.5177083333333333 0.05277777777777778 0.08541666666666667
1 0.7736111111111111 0.5395833333333333 0.0638888888888889 0.1
1 0.6819444444444445 0.646875 0.07777777777777778 0.15625
1 0.8833333333333334 0.88125 0.15 0.23333333333333334
1 0.9611111111111111 0.7072916666666667 0.07777777777777778 0.16041666666666665
1 0.8756944444444444 0.5125 0.05416666666666667 0.1
1 0.9333333333333333 0.5229166666666667 0.05277777777777778 0.1
