1 0.08291666666666667 0.538961038961039 0.08916666666666667 0.12554112554112554
1 0.03833333333333334 0.6161616161616161 0.07 0.1673881673881674
1 0.08291666666666667 0.3939393939393939 0.035833333333333335 0.06926406926406926
1 0.13208333333333333 0.2943722943722944 0.02416666666666667 0.05483405483405483
1 0.125 0.42207792207792205 0.03833333333333334 0.0707070707070707
1 0.23833333333333334 0.4588744588744589 0.06833333333333334 0.12121212121212122
1 0.22875 0.3795093795093795 0.030833333333333334 0.049062049062049064
1 0.28583333333333333 0.4213564213564214 0.035 0.07503607503607504
1 0.2783333333333334 0.7344877344877345 0.17 0.27994227994227994
1 0.36583333333333334 0.4595959595959596 0.05666666666666667 0.08802308802308802
1 0.4295833333333334 0.3874458874458874 0.02416666666666667 0.04184704184704185
1 0.4691666666666667 0.3787878787878788 0.02 0.03896103896103896
1 0.51 0.38023088023088025 0.02 0.044733044733044736
1 0.50375 0.4805194805194805 0.07416666666666667 0.13275613275613277
1 0.5425 0.39466089466089466 0.02 0.04184704184704185
1 0.5487500000000001 0.36724386724386726 0.020833333333333336 0.044733044733044736
1 0.6162500000000001 0.47113997113997114 0.07083333333333333 0.11976911976911978
1 0.6975 0.2532467532467532 0.055 0.10245310245310245
1 0.925 0.6262626262626263 0.13166666666666668 0.2481962481962482
1 0.8970833333333333 0.487012987012987 0.09916666666666667 0.16594516594516595
