1 0.016964285714285713 0.41950261780104714 0.030357142857142857 0.05366492146596859
1 0.049999999999999996 0.5052356020942409 0.060714285714285714 0.12041884816753927
1 0.08526785714285715 0.44502617801047123 0.04375 0.08376963350785341
1 0.11696428571428572 0.412303664921466 0.026785714285714284 0.04712041884816754
1 0.19866071428571427 0.40903141361256545 0.020535714285714286 0.04057591623036649
1 0.23392857142857143 0.47120418848167545 0.039285714285714285 0.07068062827225131
1 0.2200892857142857 0.4397905759162304 0.03660714285714286 0.05759162303664922
1 0.2839285714285714 0.4273560209424084 0.02142857142857143 0.03795811518324608
1 0.31026785714285715 0.3965968586387435 0.022321428571428572 0.034031413612565446
1 0.28348214285714285 0.3599476439790576 0.020535714285714286 0.03141361256544503
1 0.20714285714285713 0.568717277486911 0.08214285714285714 0.1531413612565445
1 0.35312499999999997 0.4731675392670157 0.05982142857142857 0.09816753926701571
1 0.3723214285714286 0.4404450261780105 0.02857142857142857 0.05628272251308901
1 0.46116071428571426 0.4803664921465969 0.04732142857142857 0.07853403141361257
1 0.4700892857142857 0.4339005235602095 0.03660714285714286 0.061518324607329845
1 0.4459821428571428 0.43520942408376967 0.027678571428571427 0.04581151832460733
1 0.5410714285714285 0.5281413612565445 0.05892857142857143 0.09816753926701571
1 0.5263392857142857 0.43324607329842935 0.02589285714285714 0.04973821989528796
1 0.5678571428571428 0.4410994764397906 0.03571428571428571 0.06544502617801047
1 0.6102678571428571 0.47251308900523564 0.03660714285714286 0.06282722513089006
1 0.5866071428571429 0.4430628272251309 0.023214285714285715 0.043193717277486915
1 0.6455357142857142 0.4417539267015707 0.026785714285714284 0.05104712041884817
1 0.6611607142857142 0.5307591623036649 0.054464285714285715 0.0824607329842932
1 0.6991071428571428 0.47447643979057597 0.030357142857142857 0.05366492146596859
1 0.7325892857142857 0.4476439790575916 0.03125 0.04973821989528796
1 0.7008928571428571 0.45157068062827227 0.03214285714285714 0.04712041884816754
1 0.8272321428571429 0.5026178010471205 0.045535714285714284 0.09424083769633508
1 0.9165178571428572 0.49018324607329844 0.03660714285714286 0.07984293193717278
1 0.8897321428571429 0.4626963350785341 0.029464285714285714 0.061518324607329845
1 0.9883928571428571 0.46138743455497383 0.023214285714285715 0.0693717277486911
