1 0.1123076923076923 0.5024813895781638 0.11692307692307692 0.24069478908188585
1 0.04923076923076923 0.6712158808933002 0.09538461538461539 0.4392059553349876
1 0.08076923076923077 0.2878411910669975 0.04153846153846154 0.07444168734491315
1 0.45076923076923076 0.45037220843672454 0.12 0.2109181141439206
1 0.5792307692307692 0.3709677419354839 0.09384615384615384 0.18610421836228289
1 0.7415384615384616 0.15508684863523572 0.06461538461538462 0.12158808933002481
1 0.8707692307692307 0.13523573200992556 0.06461538461538462 0.10669975186104218
1 0.9007692307692308 0.20719602977667495 0.06307692307692307 0.12655086848635236
1 0.8630769230769231 0.5248138957816377 0.19384615384615383 0.38957816377171217
1 0.9738461538461538 0.18238213399503722 0.052307692307692305 0.1315136476426799
