1 0.4227906976744186 0.216260162601626 0.019534883720930235 0.03577235772357724
1 0.6525581395348837 0.14552845528455285 0.013953488372093025 0.024390243902439025
1 0.6330232558139536 0.14146341463414633 0.013953488372093025 0.026016260162601626
1 0.6548837209302326 0.11869918699186992 0.014883720930232559 0.029268292682926828
1 0.7651162790697675 0.14959349593495935 0.013953488372093025 0.03252032520325203
1 0.78 0.15609756097560976 0.013953488372093025 0.029268292682926828
1 0.8372093023255814 0.2658536585365854 0.018604651162790697 0.04065040650406504
1 0.9041860465116279 0.25365853658536586 0.013023255813953489 0.03902439024390244
1 0.9060465116279071 0.21951219512195122 0.014883720930232559 0.03252032520325203
1 0.8823255813953489 0.19593495934959348 0.012093023255813955 0.030894308943089432
1 0.9330232558139535 0.25934959349593495 0.01674418604651163 0.03739837398373984
