1 0.32139148494288683 0.2047970479704797 0.017653167185877467 0.02952029520295203
1 0.35877466251298024 0.20018450184501843 0.01557632398753894 0.03136531365313653
1 0.37642782969885774 0.1900369003690037 0.013499480789200415 0.025830258302583026
1 0.41017653167185875 0.17527675276752766 0.014537902388369679 0.025830258302583026
1 0.4200415368639668 0.17988929889298894 0.013499480789200415 0.03136531365313653
1 0.42471443406022846 0.1651291512915129 0.012461059190031152 0.023985239852398522
1 0.4371754932502596 0.16143911439114392 0.012461059190031152 0.023985239852398522
1 0.46261682242990654 0.1559040590405904 0.013499480789200415 0.016605166051660517
1 0.48286604361370716 0.15129151291512916 0.014537902388369679 0.033210332103321034
1 0.4672897196261682 0.18265682656826568 0.016614745586708203 0.025830258302583026
1 0.46677050882658355 0.21125461254612546 0.01973001038421599 0.027675276752767528
1 0.4470404984423676 0.2481549815498155 0.01973001038421599 0.027675276752767528
1 0.5 0.12546125461254612 0.01142263759086189 0.02214022140221402
1 0.49948078920041533 0.19188191881918817 0.018691588785046728 0.03690036900369004
1 0.5207684319833853 0.1863468634686347 0.01557632398753894 0.02214022140221402
1 0.5368639667705088 0.12822878228782286 0.010384215991692626 0.02029520295202952
1 0.5373831775700935 0.1503690036900369 0.013499480789200415 0.027675276752767528
1 0.564901349948079 0.13745387453874539 0.012461059190031152 0.023985239852398522
1 0.5716510903426791 0.15129151291512916 0.013499480789200415 0.02214022140221402
1 0.5529595015576324 0.18357933579335792 0.01557632398753894 0.03136531365313653
1 0.5768431983385254 0.1863468634686347 0.01557632398753894 0.02952029520295203
1 0.5981308411214953 0.1503690036900369 0.014537902388369679 0.02029520295202952
1 0.5815160955347871 0.13099630996309963 0.012461059190031152 0.02214022140221402
1 0.6116303219106958 0.10608856088560885 0.010384215991692626 0.02029520295202952
1 0.6407061266874351 0.12269372693726936 0.010384215991692626 0.02029520295202952
1 0.6365524402907581 0.13653136531365312 0.012461059190031152 0.02214022140221402
1 0.6536863966770509 0.14760147601476015 0.01142263759086189 0.02214022140221402
1 0.6630321910695742 0.11531365313653136 0.01142263759086189 0.02029520295202952
1 0.6687435098650052 0.12546125461254612 0.010384215991692626 0.01845018450184502
1 0.7035306334371755 0.12822878228782286 0.009345794392523364 0.016605166051660517
1 0.6734164070612668 0.1448339483394834 0.01142263759086189 0.016605166051660517
1 0.6261682242990654 0.18081180811808117 0.014537902388369679 0.02214022140221402
1 0.5851505711318795 0.1706642066420664 0.017653167185877467 0.02029520295202952
1 0.5721703011422637 0.23247232472324722 0.02284527518172378 0.04428044280442804
1 0.6355140186915887 0.2011070110701107 0.018691588785046728 0.04059040590405904
1 0.6552440290758048 0.23800738007380073 0.020768431983385252 0.03690036900369004
1 0.660436137071651 0.18450184501845018 0.016614745586708203 0.033210332103321034
1 0.6967808930425753 0.18081180811808117 0.014537902388369679 0.02214022140221402
1 0.7118380062305296 0.1540590405904059 0.013499480789200415 0.027675276752767528
1 0.7149532710280374 0.235239852398524 0.01973001038421599 0.042435424354243544
1 0.7222222222222222 0.18911439114391143 0.01557632398753894 0.03505535055350553
1 0.7341640706126688 0.17343173431734316 0.014537902388369679 0.03690036900369004
1 0.7435098650051921 0.1540590405904059 0.012461059190031152 0.023985239852398522
1 0.7642782969885773 0.14667896678966788 0.010384215991692626 0.016605166051660517
1 0.788681204569055 0.14667896678966788 0.013499480789200415 0.027675276752767528
1 0.7980269989615784 0.13191881918819187 0.009345794392523364 0.023985239852398522
1 0.8058151609553479 0.15498154981549814 0.014537902388369679 0.02952029520295203
1 0.7938733125649013 0.17804428044280443 0.013499480789200415 0.023985239852398522
1 0.768951194184839 0.18542435424354242 0.01557632398753894 0.03505535055350553
1 0.7564901349948079 0.31088560885608857 0.036344755970924195 0.06826568265682656
1 0.8006230529595015 0.20848708487084872 0.014537902388369679 0.04059040590405904
1 0.8136033229491173 0.20387453874538744 0.01557632398753894 0.03505535055350553
1 0.8291796469366562 0.17896678966789667 0.013499480789200415 0.02952029520295203
1 0.8271028037383177 0.15867158671586715 0.01142263759086189 0.02214022140221402
1 0.8541017653167186 0.1503690036900369 0.01142263759086189 0.027675276752767528
1 0.8660436137071651 0.09778597785977859 0.012461059190031152 0.02952029520295203
1 0.8888888888888888 0.1595940959409594 0.010384215991692626 0.023985239852398522
1 0.8572170301142263 0.21309963099630996 0.013499480789200415 0.027675276752767528
1 0.8831775700934579 0.23800738007380073 0.013499480789200415 0.03690036900369004
1 0.8753894080996885 0.272140221402214 0.016614745586708203 0.038745387453874534
1 0.9179646936656283 0.1817343173431734 0.012461059190031152 0.027675276752767528
1 0.9382139148494288 0.21309963099630996 0.01557632398753894 0.03505535055350553
1 0.9215991692627207 0.26752767527675275 0.01557632398753894 0.03690036900369004
1 0.935098650051921 0.24907749077490773 0.017653167185877467 0.033210332103321034
