1 0.10918544194107452 0.7161458333333333 0.08665511265164644 0.125
1 0.17504332755632582 0.6796875 0.05199306759098787 0.09375
1 0.1975736568457539 0.4765625 0.05892547660311958 0.109375
1 0.032062391681109186 0.7708333333333333 0.06065857885615251 0.16145833333333331
1 0.4168110918544194 0.7174479166666666 0.0779896013864818 0.12760416666666666
1 0.3795493934142114 0.6953125 0.04852686308492201 0.09375
1 0.3821490467937608 0.6419270833333333 0.036395147313691506 0.0546875
1 0.37868284228769494 0.625 0.05025996533795494 0.08854166666666666
1 0.512998266897747 0.7786458333333333 0.10051993067590988 0.171875
1 0.5961871750433275 0.640625 0.038128249566724434 0.09375
1 0.6282495667244367 0.6484375 0.053726169844020795 0.09375
1 0.6594454072790294 0.6770833333333333 0.05025996533795494 0.09895833333333333
1 0.7036395147313691 0.7057291666666666 0.062391681109185436 0.11458333333333333
1 0.731369150779896 0.6315104166666666 0.04159445407279029 0.08072916666666666
1 0.7677642980935875 0.7057291666666666 0.07625649913344887 0.140625
1 0.8310225303292894 0.7513020833333333 0.08145580589254765 0.17447916666666666
1 0.9159445407279029 0.7760416666666666 0.11265164644714037 0.19270833333333331
1 0.9662045060658578 0.6927083333333333 0.04679376083188908 0.09895833333333333
1 0.9263431542461005 0.6432291666666666 0.06065857885615251 0.11458333333333333
1 0.852686308492201 0.6419270833333333 0.05545927209705372 0.09114583333333333
1 0.8058925476603119 0.515625 0.04506065857885615 0.08333333333333333
