1 0.07649842271293375 0.5139103554868625 0.044164037854889586 0.0973724884080371
1 0.23028391167192427 0.24884080370942813 0.01892744479495268 0.04636785162287481
1 0.24605678233438485 0.24961360123647605 0.02050473186119874 0.04482225656877898
1 0.26537854889589907 0.23724884080370942 0.013406940063091483 0.04173106646058732
1 0.3225552050473186 0.22720247295208654 0.015772870662460567 0.0401854714064915
1 0.3186119873817035 0.20092735703245748 0.01892744479495268 0.030911901081916538
1 0.3446372239747634 0.22024729520865532 0.02050473186119874 0.04791344667697063
1 0.35764984227129337 0.20015455950540958 0.016561514195583597 0.04482225656877898
1 0.37342271293375395 0.18701700154559506 0.01971608832807571 0.03400309119010819
1 0.3832807570977918 0.24188562596599691 0.02050473186119874 0.04482225656877898
1 0.41640378548895896 0.17542503863987635 0.017350157728706624 0.03245749613601236
1 0.4420347003154574 0.18006182380216382 0.013406940063091483 0.03554868624420402
1 0.43730283911671924 0.2982998454404946 0.01971608832807571 0.05255023183925811
1 0.48146687697160884 0.2241112828438949 0.022870662460567823 0.04636785162287481
1 0.4629337539432177 0.15996908809891808 0.015772870662460567 0.03863987635239567
1 0.47318611987381703 0.14064914992272023 0.015772870662460567 0.030911901081916538
1 0.48501577287066244 0.16769706336939721 0.022082018927444793 0.04173106646058732
1 0.499211356466877 0.14142194744976816 0.011041009463722396 0.03245749613601236
1 0.5232649842271293 0.15301391035548687 0.016561514195583597 0.027820710973724884
1 0.5031545741324921 0.1955177743431221 0.015772870662460567 0.03245749613601236
1 0.5611198738170347 0.20633693972179287 0.01971608832807571 0.04173106646058732
1 0.5382492113564669 0.1499227202472952 0.011829652996845425 0.03400309119010819
1 0.5583596214511041 0.1491499227202473 0.011041009463722396 0.026275115919629055
1 0.5603312302839116 0.12982998454404945 0.014984227129337538 0.027820710973724884
1 0.5816246056782334 0.12982998454404945 0.016561514195583597 0.030911901081916538
1 0.6037066246056783 0.11901081916537867 0.013406940063091483 0.027820710973724884
1 0.6360410094637223 0.1213292117465224 0.011829652996845425 0.03554868624420402
1 0.5863564668769716 0.19242658423493045 0.013406940063091483 0.03245749613601236
1 0.6593059936908517 0.1445131375579598 0.015772870662460567 0.03554868624420402
1 0.6632492113564669 0.1329211746522411 0.01892744479495268 0.030911901081916538
1 0.6959779179810726 0.13060278207109738 0.014984227129337538 0.03554868624420402
1 0.7149053627760252 0.1437403400309119 0.011829652996845425 0.030911901081916538
1 0.6147476340694006 0.16924265842349304 0.014984227129337538 0.03863987635239567
1 0.624211356466877 0.18778979907264295 0.01813880126182965 0.04173106646058732
1 0.6675867507886435 0.2187017001545595 0.022870662460567823 0.05100463678516229
1 0.7046529968454258 0.1970633693972179 0.016561514195583597 0.03554868624420402
1 0.612776025236593 0.2828438948995363 0.02365930599369085 0.04636785162287481
1 0.5792586750788643 0.31375579598145287 0.022870662460567823 0.04945904173106646
1 0.6084384858044164 0.34389489953632146 0.02444794952681388 0.0571870170015456
1 0.6616719242902208 0.37171561051004637 0.026813880126182965 0.05100463678516229
1 0.7318611987381703 0.36476043276661513 0.026813880126182965 0.05873261205564142
1 0.7275236593059937 0.2426584234930448 0.021293375394321766 0.04327666151468315
1 0.7456624605678234 0.214064914992272 0.016561514195583597 0.04173106646058732
1 0.7641955835962145 0.1846986089644513 0.015772870662460567 0.03554868624420402
1 0.779968454258675 0.18856259659969088 0.014195583596214511 0.04327666151468315
1 0.7977129337539431 0.18006182380216382 0.021293375394321766 0.03554868624420402
1 0.8126971608832807 0.18238021638330756 0.013406940063091483 0.04327666151468315
1 0.7988958990536278 0.24188562596599691 0.017350157728706624 0.03863987635239567
1 0.7681388012618297 0.26738794435857804 0.015772870662460567 0.04327666151468315
1 0.8154574132492113 0.2882534775888717 0.01892744479495268 0.05409582689335394
1 0.792981072555205 0.42194744976816073 0.02917981072555205 0.08346213292117464
1 0.8560725552050473 0.46445131375579596 0.027602523659305992 0.08809891808346212
1 0.874211356466877 0.3956723338485317 0.021293375394321766 0.05873261205564142
1 0.8659305993690851 0.3160741885625966 0.022082018927444793 0.04482225656877898
1 0.873422712933754 0.22102009273570325 0.014984227129337538 0.03400309119010819
1 0.9014195583596214 0.2241112828438949 0.014195583596214511 0.0401854714064915
1 0.9416403785488958 0.22565687789799072 0.017350157728706624 0.03709428129829984
1 0.9511041009463722 0.41653786707882534 0.022082018927444793 0.0633693972179289
1 0.985410094637224 0.24884080370942813 0.013406940063091483 0.03709428129829984
1 0.9664826498422713 0.29057187017001546 0.01813880126182965 0.0401854714064915
1 0.9751577287066245 0.3361669242658423 0.01813880126182965 0.04791344667697063
1 0.9242902208201893 0.32457496136012365 0.01892744479495268 0.05255023183925811
1 0.8931388012618297 0.2650695517774343 0.01813880126182965 0.05100463678516229
1 0.9305993690851735 0.25193199381761977 0.011041009463722396 0.03709428129829984
1 0.8237381703470031 0.20942812982998454 0.01813880126182965 0.03554868624420402
1 0.4057570977917981 0.2357032457496136 0.016561514195583597 0.03863987635239567
1 0.4258675078864353 0.16228748068006182 0.014195583596214511 0.02472952086553323
1 0.6888801261829652 0.1491499227202473 0.01971608832807571 0.03245749613601236
1 0.9444006309148265 0.3554868624420402 0.01971608832807571 0.05873261205564142
