1 0.10333333333333333 0.38 0.030666666666666665 0.052000000000000005
1 0.06266666666666666 0.752 0.06933333333333333 0.14
1 0.12 0.6970000000000001 0.058666666666666666 0.11
1 0.11733333333333333 0.5660000000000001 0.032 0.064
1 0.15 0.608 0.04133333333333333 0.07200000000000001
1 0.25466666666666665 0.536 0.034666666666666665 0.056
1 0.2773333333333333 0.772 0.06666666666666667 0.10400000000000001
1 0.152 0.84 0.07733333333333334 0.14400000000000002
1 0.27266666666666667 0.905 0.08399999999999999 0.166
1 0.42066666666666663 0.907 0.06 0.11800000000000001
1 0.43466666666666665 0.808 0.050666666666666665 0.088
1 0.5386666666666666 0.882 0.064 0.112
1 0.4093333333333333 0.686 0.04 0.064
1 0.30866666666666664 0.636 0.03333333333333333 0.06
1 0.2573333333333333 0.6990000000000001 0.05333333333333333 0.066
1 0.33199999999999996 0.559 0.034666666666666665 0.054
1 0.362 0.53 0.028 0.04
1 0.4473333333333333 0.606 0.044 0.052000000000000005
1 0.4533333333333333 0.542 0.032 0.048
1 0.45599999999999996 0.51 0.021333333333333333 0.036000000000000004
1 0.5093333333333333 0.622 0.04 0.064
1 0.5546666666666666 0.592 0.03733333333333333 0.06
1 0.59 0.733 0.044 0.082
1 0.5353333333333333 0.52 0.03866666666666667 0.064
1 0.5486666666666666 0.489 0.03333333333333333 0.054
1 0.5666666666666667 0.42 0.024 0.036000000000000004
1 0.6393333333333333 0.381 0.025333333333333333 0.046
1 0.6266666666666666 0.513 0.026666666666666665 0.046
1 0.646 0.597 0.03866666666666667 0.062
1 0.6586666666666666 0.556 0.026666666666666665 0.056
1 0.7213333333333333 0.6930000000000001 0.042666666666666665 0.082
1 0.7146666666666667 0.78 0.058666666666666666 0.112
1 0.7426666666666667 0.558 0.03733333333333333 0.056
1 0.7466666666666666 0.517 0.034666666666666665 0.054
1 0.83 0.543 0.03866666666666667 0.062
1 0.832 0.659 0.048 0.082
1 0.846 0.748 0.05733333333333333 0.084
1 0.9786666666666667 0.707 0.042666666666666665 0.078
