1 0.5745454545454546 0.3810679611650485 0.04 0.05339805825242718
1 0.8245454545454546 0.5716019417475727 0.07090909090909091 0.10922330097087378
1 0.9472727272727273 0.5097087378640777 0.05454545454545454 0.08737864077669902
1 0.9763636363636363 0.5618932038834951 0.04727272727272727 0.08009708737864077
1 0.6154545454545455 0.5230582524271844 0.04181818181818182 0.06067961165048543
1 0.5572727272727273 0.5436893203883495 0.04181818181818182 0.06796116504854369
1 0.5136363636363637 0.5084951456310679 0.034545454545454546 0.046116504854368925
1 0.4672727272727273 0.5594660194174756 0.05818181818181818 0.0703883495145631
1 0.3145454545454546 0.5679611650485437 0.06545454545454546 0.09223300970873785
1 0.3563636363636364 0.491504854368932 0.03636363636363636 0.046116504854368925
1 0.28909090909090907 0.48422330097087374 0.03636363636363636 0.0558252427184466
1 0.2736363636363636 0.5339805825242718 0.038181818181818185 0.05339805825242718
1 0.2781818181818182 0.674757281553398 0.09454545454545454 0.14563106796116504
1 0.10818181818181818 0.6007281553398057 0.0890909090909091 0.12864077669902912
1 0.1481818181818182 0.5546116504854368 0.04909090909090909 0.0703883495145631
1 0.17636363636363636 0.49757281553398053 0.04727272727272727 0.06310679611650485
1 0.11363636363636363 0.49757281553398053 0.034545454545454546 0.05339805825242718
1 0.07 0.48543689320388345 0.045454545454545456 0.06796116504854369
1 0.026363636363636363 0.5376213592233009 0.04909090909090909 0.0849514563106796
