1 0.09531250000000001 0.365625 0.10312500000000001 0.15625
1 0.30703125000000003 0.19791666666666666 0.0671875 0.1
1 0.43046875 0.21979166666666666 0.0703125 0.08958333333333333
1 0.4609375 0.296875 0.043750000000000004 0.08125
1 0.48515625 0.3177083333333333 0.035937500000000004 0.06041666666666667
1 0.5515625000000001 0.378125 0.053125000000000006 0.08541666666666667
1 0.565625 0.325 0.034375 0.05
1 0.59765625 0.3333333333333333 0.0421875 0.06666666666666667
1 0.853125 0.50625 0.1 0.1375
1 0.82734375 0.40208333333333335 0.0578125 0.1
1 0.96796875 0.48854166666666665 0.06406250000000001 0.12291666666666666
