1 0.184375 0.6 0.09625 0.16444444444444445
1 0.033125 0.5044444444444445 0.04125 0.08888888888888889
1 0.35125 0.4088888888888889 0.0325 0.06666666666666667
1 0.43125 0.4122222222222222 0.025 0.04666666666666667
1 0.483125 0.4122222222222222 0.04125 0.06888888888888889
1 0.553125 0.48 0.05375 0.09333333333333334
1 0.586875 0.43777777777777777 0.03625 0.08444444444444445
1 0.694375 0.40555555555555556 0.03875 0.07333333333333333
1 0.7675000000000001 0.5455555555555556 0.0775 0.1622222222222222
1 0.725625 0.6822222222222222 0.10625 0.19555555555555557
1 0.87 0.4177777777777778 0.0275 0.06666666666666667
1 0.923125 0.46111111111111114 0.043750000000000004 0.08666666666666667
1 0.9425 0.4 0.0375 0.08444444444444445
