1 0.1275925925925926 0.6397222222222222 0.07148148148148148 0.105
1 0.17055555555555554 0.7013888888888888 0.060370370370370366 0.08833333333333333
1 0.06222222222222222 0.9075 0.08222222222222222 0.14944444444444444
1 0.029444444444444443 0.8022222222222222 0.055185185185185184 0.12111111111111111
1 0.2562962962962963 0.6402777777777777 0.06444444444444444 0.08722222222222223
1 0.2337037037037037 0.7630555555555556 0.06444444444444444 0.10055555555555555
1 0.2609259259259259 0.8277777777777777 0.08407407407407406 0.12777777777777777
1 0.3172222222222222 0.6752777777777778 0.06259259259259259 0.10166666666666667
1 0.4033333333333333 0.6175 0.056296296296296296 0.09722222222222222
1 0.4066666666666666 0.7511111111111111 0.06592592592592593 0.12444444444444444
1 0.4742592592592592 0.6827777777777778 0.056666666666666664 0.09222222222222222
1 0.5572222222222222 0.6113888888888889 0.06925925925925926 0.10166666666666667
1 0.5353703703703704 0.39361111111111113 0.05296296296296296 0.09277777777777778
1 0.5259259259259259 0.9069444444444444 0.1111111111111111 0.16055555555555556
1 0.6518518518518518 0.8752777777777778 0.08592592592592592 0.1438888888888889
1 0.6953703703703703 0.7558333333333334 0.06999999999999999 0.11944444444444445
1 0.7533333333333333 0.6747222222222222 0.0637037037037037 0.105
1 0.8362962962962962 0.6505555555555556 0.06518518518518518 0.09555555555555556
1 0.8864814814814814 0.7677777777777778 0.07222222222222222 0.13444444444444445
1 0.8166666666666667 0.8619444444444444 0.10148148148148148 0.1461111111111111
1 0.7574074074074074 0.9436111111111111 0.08444444444444445 0.10611111111111111
1 0.9355555555555555 0.7061111111111111 0.0674074074074074 0.09777777777777778
