1 0.5492880613362541 0.19901960784313724 0.025191675794085433 0.056862745098039215
1 0.6111719605695509 0.24901960784313726 0.024096385542168676 0.06666666666666667
1 0.6905805038335159 0.2911764705882353 0.038335158817086525 0.08823529411764705
1 0.5125958378970427 0.1715686274509804 0.02190580503833516 0.049019607843137254
1 0.46714129244249725 0.19901960784313724 0.023001095290251915 0.056862745098039215
1 0.40963855421686746 0.17254901960784313 0.02190580503833516 0.054901960784313725
1 0.411829134720701 0.2284313725490196 0.02628696604600219 0.056862745098039215
1 0.3773274917853231 0.2068627450980392 0.018619934282584884 0.049019607843137254
1 0.3466593647316539 0.19901960784313724 0.018619934282584884 0.049019607843137254
1 0.296276013143483 0.21666666666666667 0.0208105147864184 0.049019607843137254
1 0.2606790799561884 0.2196078431372549 0.01971522453450164 0.0392156862745098
1 0.3066812705366922 0.21568627450980393 0.01533406352683461 0.0392156862745098
1 0.33187294633077763 0.20294117647058824 0.02190580503833516 0.052941176470588235
