1 0.10279667422524566 0.7739393939393939 0.06651549508692366 0.1103030303030303
1 0.2214663643235072 0.8636363636363636 0.09674981103552532 0.15636363636363637
1 0.29478458049886624 0.7739393939393939 0.08465608465608465 0.1393939393939394
1 0.335978835978836 0.8290909090909091 0.07180650037792895 0.11636363636363636
1 0.3303099017384732 0.6303030303030303 0.055933484504913075 0.09454545454545454
1 0.47203325774754346 0.22787878787878788 0.044595616024187455 0.09212121212121212
1 0.41118669690098264 0.7187878787878788 0.06500377928949358 0.10666666666666666
1 0.4323507180650038 0.8648484848484849 0.09070294784580499 0.1296969696969697
1 0.4947089947089947 0.6703030303030303 0.07029478458049887 0.10909090909090909
1 0.48034769463340893 0.573939393939394 0.050642479213907785 0.09333333333333334
1 0.6205593348450491 0.8096969696969697 0.08767951625094482 0.15272727272727274
1 0.564625850340136 0.8096969696969697 0.08314436885865457 0.15272727272727274
1 0.5959939531368103 0.7266666666666667 0.05366591080876795 0.09333333333333334
1 0.6394557823129252 0.7327272727272727 0.07105064247921392 0.11515151515151516
1 0.6541950113378685 0.6557575757575758 0.058201058201058205 0.10424242424242425
1 0.6039304610733183 0.583030303030303 0.054421768707483 0.09212121212121212
1 0.719198790627362 0.5915151515151515 0.06575963718820863 0.10181818181818182
1 0.7509448223733938 0.7521212121212121 0.0854119425547997 0.1781818181818182
1 0.8216175359032503 0.7624242424242424 0.06802721088435375 0.13818181818181818
1 0.7770219198790628 0.6290909090909091 0.05744520030234316 0.10181818181818182
1 0.8306878306878307 0.5836363636363636 0.054421768707483 0.09818181818181818
1 0.90854119425548 0.8072727272727273 0.10279667422524566 0.1987878787878788
1 0.90854119425548 0.5854545454545454 0.045351473922902494 0.08727272727272728
1 0.953514739229025 0.5496969696969697 0.04610733182161754 0.07393939393939394
