1 0.058077436582109475 0.3027027027027027 0.017356475300400534 0.043243243243243246
1 0.035380507343124167 0.45270270270270274 0.028037383177570093 0.07837837837837838
1 0.18090787716955942 0.37432432432432433 0.08144192256341788 0.1864864864864865
1 0.3684913217623498 0.27297297297297296 0.0801068090787717 0.22702702702702704
1 0.25500667556742324 0.4202702702702703 0.0267022696929239 0.05675675675675676
1 0.2590120160213618 0.5013513513513513 0.032042723631508674 0.07837837837837838
1 0.5360480640854473 0.3067567567567568 0.06542056074766354 0.17027027027027028
1 0.6288384512683578 0.3391891891891892 0.042723631508678236 0.10540540540540541
1 0.6548731642189586 0.38513513513513514 0.05473965287049399 0.13243243243243244
1 0.7336448598130841 0.3756756756756757 0.05473965287049399 0.15675675675675677
1 0.8044058744993324 0.46621621621621623 0.04672897196261682 0.11081081081081082
1 0.8805073431241656 0.3648648648648649 0.04939919893190921 0.10270270270270271
