1 0.052901023890784986 0.48636363636363633 0.06484641638225257 0.10909090909090909
1 0.08191126279863481 0.4295454545454545 0.04778156996587031 0.07727272727272727
1 0.14846416382252559 0.44545454545454544 0.07167235494880546 0.09999999999999999
1 0.2764505119453925 0.4795454545454545 0.09556313993174062 0.1318181818181818
1 0.27303754266211605 0.3840909090909091 0.04778156996587031 0.06818181818181818
1 0.41467576791808874 0.3840909090909091 0.04436860068259386 0.05909090909090909
1 0.48293515358361777 0.3795454545454545 0.03754266211604096 0.05909090909090909
1 0.7098976109215017 0.39999999999999997 0.05460750853242321 0.07272727272727272
1 0.9675767918088737 0.42727272727272725 0.05802047781569966 0.08181818181818182
1 0.9709897610921502 0.39545454545454545 0.03754266211604096 0.05454545454545454
