1 0.05715871254162042 0.6179166666666667 0.06326304106548279 0.0475
1 0.049944506104328525 0.5754166666666667 0.03995560488346282 0.037500000000000006
1 0.10377358490566038 0.5654166666666667 0.05660377358490566 0.0425
1 0.24639289678135406 0.5554166666666667 0.03995560488346282 0.03416666666666667
1 0.3257491675915649 0.5933333333333334 0.061043285238623755 0.043333333333333335
1 0.33684794672586016 0.5537500000000001 0.038845726970033294 0.030833333333333334
1 0.4361820199778024 0.5591666666666667 0.0532741398446171 0.03333333333333333
1 0.5205327413984462 0.5545833333333333 0.0532741398446171 0.0325
1 0.46059933407325193 0.6745833333333334 0.10876803551609324 0.09250000000000001
1 0.4078801331853496 0.7954166666666668 0.20310765815760268 0.18250000000000002
1 0.7275249722530521 0.6075 0.09433962264150944 0.08
1 0.6293007769145395 0.5708333333333334 0.06659267480577137 0.055
1 0.6759156492785794 0.5454166666666667 0.042175360710321866 0.04083333333333333
1 0.7275249722530521 0.5525 0.04772475027746948 0.04
1 0.8412874583795783 0.5475 0.05549389567147614 0.04166666666666667
1 0.9261931187569368 0.6004166666666667 0.08324084350721421 0.07250000000000001
1 0.8729189789123196 0.7233333333333334 0.16759156492785793 0.14333333333333334
