1 0.6916666666666668 0.3125 0.05 0.04
1 0.6933333333333334 0.4475 0.08 0.07
1 0.6966666666666667 0.40875 0.06666666666666667 0.0525
1 0.8166666666666668 0.45125 0.1 0.0775
1 0.9433333333333334 0.51125 0.11333333333333334 0.1125
1 0.93 0.40375 0.06666666666666667 0.0525
1 0.5583333333333333 0.4225 0.07 0.065
1 0.1716666666666667 0.46375 0.09000000000000001 0.0825
1 0.21166666666666667 0.42625 0.07666666666666667 0.0625
1 0.07 0.52875 0.13333333333333333 0.11750000000000001
1 0.03666666666666667 0.43875000000000003 0.06666666666666667 0.0775
1 0.08 0.43375 0.060000000000000005 0.0525
