1 0.2042594385285576 0.4536082474226804 0.04453049370764763 0.08247422680412371
1 0.4932236205227493 0.19072164948453607 0.018393030009680542 0.03436426116838488
1 0.5217812197483059 0.18298969072164947 0.017424975798644726 0.0429553264604811
1 0.5701839303000968 0.13917525773195877 0.015488867376573089 0.037800687285223365
1 0.718296224588577 0.18127147766323023 0.017424975798644726 0.0429553264604811
1 0.7652468538238142 0.17096219931271478 0.016456921587608905 0.0429553264604811
1 0.8059051306873185 0.18470790378006874 0.016456921587608905 0.03608247422680412
1 0.8151016456921588 0.17268041237113402 0.015488867376573089 0.03264604810996564
1 0.851403678606002 0.18642611683848798 0.01452081316553727 0.03264604810996564
1 0.8906098741529526 0.29381443298969073 0.021297192642787996 0.044673539518900345
1 0.9569215876089061 0.2465635738831615 0.02032913843175218 0.0429553264604811
1 0.9845111326234269 0.13917525773195877 0.015488867376573089 0.03436426116838488
