1 0.157 0.6773255813953488 0.074 0.11046511627906977
1 0.184 0.5901162790697674 0.076 0.11627906976744186
1 0.125 0.5712209302325582 0.058 0.09593023255813954
1 0.125 0.5203488372093024 0.054 0.06976744186046512
1 0.242 0.4375 0.036000000000000004 0.061046511627906974
1 0.275 0.41860465116279066 0.046 0.06976744186046512
1 0.34900000000000003 0.4694767441860465 0.058 0.08430232558139535
1 0.38 0.6031976744186046 0.056 0.11337209302325581
1 0.398 0.5348837209302325 0.06 0.08139534883720931
1 0.365 0.5319767441860465 0.046 0.0755813953488372
1 0.467 0.622093023255814 0.09 0.13372093023255813
1 0.47400000000000003 0.41424418604651164 0.044 0.055232558139534885
1 0.524 0.3866279069767442 0.04 0.046511627906976744
1 0.484 0.3706395348837209 0.036000000000000004 0.04941860465116279
1 0.493 0.3386627906976744 0.03 0.0436046511627907
1 0.581 0.376453488372093 0.038 0.055232558139534885
1 0.592 0.4563953488372093 0.052000000000000005 0.09883720930232558
1 0.632 0.39680232558139533 0.044 0.061046511627906974
1 0.668 0.5523255813953488 0.052000000000000005 0.11627906976744186
1 0.73 0.08284883720930232 0.108 0.15988372093023256
1 0.901 0.47238372093023256 0.054 0.10755813953488372
1 0.981 0.4825581395348837 0.034 0.09883720930232558
1 0.197 0.19040697674418605 0.03 0.061046511627906974
1 0.263 0.25872093023255816 0.026000000000000002 0.040697674418604654
1 0.355 0.2616279069767442 0.03 0.040697674418604654
1 0.321 0.38226744186046513 0.03 0.04941860465116279
1 0.333 0.34156976744186046 0.03 0.0436046511627907
1 0.373 0.34593023255813954 0.03 0.040697674418604654
1 0.356 0.4011627906976744 0.032 0.05232558139534883
1 0.275 0.3488372093023256 0.03 0.05232558139534883
1 0.225 0.41569767441860467 0.034 0.05232558139534883
1 0.182 0.40843023255813954 0.036000000000000004 0.04941860465116279
1 0.166 0.3575581395348837 0.02 0.046511627906976744
1 0.146 0.34156976744186046 0.024 0.0436046511627907
1 0.108 0.502906976744186 0.048 0.05232558139534883
1 0.088 0.4563953488372093 0.048 0.05813953488372093
1 0.082 0.4215116279069767 0.036000000000000004 0.046511627906976744
1 0.08700000000000001 0.3633720930232558 0.026000000000000002 0.03488372093023256
1 0.069 0.36046511627906974 0.026000000000000002 0.03488372093023256
1 0.052000000000000005 0.35319767441860467 0.024 0.0377906976744186
