1 0.9645522388059702 0.1366666666666667 0.013059701492537313 0.04
1 0.9193097014925373 0.19 0.01585820895522388 0.04
1 0.8759328358208955 0.19166666666666668 0.013059701492537313 0.03666666666666667
1 0.8404850746268656 0.18666666666666668 0.014925373134328358 0.03666666666666667
1 0.8610074626865671 0.2316666666666667 0.016791044776119403 0.043333333333333335
1 0.7910447761194029 0.19583333333333336 0.016791044776119403 0.03833333333333334
1 0.8036380597014925 0.13083333333333333 0.012126865671641791 0.025
1 0.742070895522388 0.11416666666666668 0.012126865671641791 0.028333333333333335
1 0.7140858208955224 0.1391666666666667 0.013992537313432836 0.03833333333333334
1 0.7453358208955224 0.15000000000000002 0.013059701492537313 0.03333333333333333
1 0.7467350746268656 0.17750000000000002 0.017723880597014924 0.03833333333333334
1 0.7700559701492538 0.30833333333333335 0.01958955223880597 0.05333333333333334
1 0.7145522388059702 0.2791666666666667 0.024253731343283583 0.058333333333333334
1 0.6861007462686567 0.10333333333333335 0.012126865671641791 0.030000000000000002
1 0.6814365671641791 0.15833333333333335 0.013992537313432836 0.043333333333333335
1 0.6902985074626865 0.18250000000000002 0.014925373134328358 0.04166666666666667
1 0.7154850746268656 0.17583333333333334 0.014925373134328358 0.035
1 0.6585820895522388 0.20333333333333334 0.016791044776119403 0.04666666666666667
1 0.6595149253731343 0.2541666666666667 0.018656716417910446 0.05166666666666667
1 0.6147388059701493 0.20333333333333334 0.018656716417910446 0.05
1 0.5676305970149254 0.1125 0.010261194029850746 0.021666666666666667
1 0.6138059701492538 0.11583333333333334 0.009328358208955223 0.025
1 0.5597014925373134 0.13166666666666668 0.011194029850746268 0.02666666666666667
1 0.5760261194029851 0.15000000000000002 0.012126865671641791 0.03333333333333333
1 0.5900186567164178 0.1275 0.010261194029850746 0.021666666666666667
1 0.6026119402985074 0.1375 0.009328358208955223 0.025
1 0.48554104477611937 0.125 0.010261194029850746 0.02
1 0.5270522388059702 0.1391666666666667 0.013059701492537313 0.028333333333333335
1 0.5335820895522388 0.13166666666666668 0.011194029850746268 0.02666666666666667
1 0.43470149253731344 0.16416666666666668 0.013059701492537313 0.03166666666666667
1 0.44636194029850745 0.195 0.01585820895522388 0.03333333333333333
1 0.42304104477611937 0.21583333333333335 0.01585820895522388 0.03833333333333334
1 0.449160447761194 0.225 0.01585820895522388 0.04
1 0.554570895522388 0.24166666666666667 0.017723880597014924 0.05
1 0.519589552238806 0.21500000000000002 0.014925373134328358 0.043333333333333335
1 0.4976679104477612 0.17083333333333334 0.013992537313432836 0.035
1 0.4729477611940298 0.2041666666666667 0.014925373134328358 0.028333333333333335
1 0.38199626865671643 0.20083333333333334 0.012126865671641791 0.028333333333333335
1 0.4281716417910448 0.28583333333333333 0.020522388059701493 0.055
1 0.3031716417910448 0.2566666666666667 0.014925373134328358 0.03666666666666667
1 0.33582089552238803 0.2775 0.014925373134328358 0.03833333333333334
1 0.31389925373134325 0.2841666666666667 0.017723880597014924 0.03833333333333334
1 0.5988805970149254 0.0975 0.009328358208955223 0.021666666666666667
1 0.4794776119402985 0.325 0.022388059701492536 0.05333333333333334
1 0.5438432835820896 0.3016666666666667 0.024253731343283583 0.06333333333333334
1 0.6007462686567164 0.2566666666666667 0.024253731343283583 0.05
1 0.6082089552238806 0.3016666666666667 0.027985074626865673 0.07
1 0.2080223880597015 0.4675 0.04291044776119403 0.08833333333333333
