1 0.08116883116883117 0.7395833333333334 0.1025974025974026 0.12083333333333333
1 0.048051948051948054 0.6447916666666667 0.05974025974025974 0.07291666666666667
1 0.21753246753246752 0.6020833333333333 0.07142857142857142 0.10833333333333334
1 0.2798701298701299 0.7572916666666667 0.1025974025974026 0.17291666666666666
1 0.31103896103896106 0.6729166666666666 0.07142857142857142 0.1375
1 0.40584415584415584 0.6395833333333333 0.06883116883116883 0.10833333333333334
1 0.37727272727272726 0.9114583333333334 0.13376623376623376 0.17708333333333334
1 0.5318181818181819 0.6916666666666667 0.07402597402597402 0.14583333333333334
1 0.6675324675324675 0.38958333333333334 0.05714285714285714 0.1
1 0.7402597402597403 0.6239583333333333 0.06233766233766234 0.10625
1 0.7435064935064936 0.7770833333333333 0.10519480519480519 0.16666666666666666
1 0.7668831168831168 0.9020833333333333 0.12857142857142856 0.19583333333333333
1 0.9110389610389611 0.6458333333333334 0.07142857142857142 0.12083333333333333
1 0.9415584415584416 0.6770833333333334 0.07532467532467532 0.1375
