1 0.05 0.6862017804154303 0.09111111111111111 0.16468842729970326
1 0.28055555555555556 0.5719584569732938 0.052222222222222225 0.060830860534124634
1 0.25055555555555553 0.5497032640949555 0.03888888888888889 0.06379821958456973
1 0.3638888888888889 0.5385756676557863 0.03888888888888889 0.05637982195845698
1 0.3922222222222222 0.5578635014836796 0.03777777777777778 0.05637982195845698
1 0.42833333333333334 0.5771513353115727 0.04555555555555556 0.05934718100890208
1 0.4083333333333333 0.6364985163204748 0.07888888888888888 0.10979228486646884
1 0.4988888888888889 0.6913946587537092 0.11333333333333333 0.1543026706231454
1 0.6227777777777778 0.637240356083086 0.056666666666666664 0.09050445103857567
1 0.705 0.6899109792284867 0.13666666666666666 0.20474777448071219
1 0.5866666666666667 0.5637982195845698 0.04 0.05341246290801187
1 0.5311111111111111 0.5526706231454006 0.03333333333333333 0.04599406528189911
1 0.4938888888888889 0.5578635014836796 0.03888888888888889 0.05341246290801187
1 0.6577777777777778 0.5422848664688428 0.04 0.060830860534124634
1 0.7 0.543026706231454 0.03111111111111111 0.04747774480712166
1 0.7283333333333334 0.5422848664688428 0.03666666666666667 0.05489614243323442
1 0.7577777777777778 0.5408011869436202 0.03333333333333333 0.05192878338278932
1 0.7366666666666667 0.4821958456973294 0.026666666666666665 0.03857566765578635
1 0.7883333333333333 0.5148367952522256 0.023333333333333334 0.04154302670623146
1 0.5933333333333334 0.45548961424332346 0.026666666666666665 0.032640949554896145
1 0.8111111111111111 0.6313056379821959 0.08 0.11127596439169139
1 0.8433333333333334 0.6149851632047478 0.04888888888888889 0.08753709198813056
1 0.8288888888888889 0.5467359050445104 0.028888888888888888 0.04599406528189911
1 0.8627777777777778 0.548219584569733 0.03222222222222222 0.04896142433234422
1 0.8466666666666667 0.5207715133531158 0.024444444444444446 0.032640949554896145
1 0.8838888888888888 0.5192878338278932 0.03222222222222222 0.050445103857566766
1 0.9022222222222223 0.5222551928783383 0.022222222222222223 0.03857566765578635
1 0.9688888888888889 0.5356083086053413 0.03333333333333333 0.04747774480712166
