1 0.019372693726937267 0.47838214783821476 0.027675276752767528 0.04184100418410042
1 0.0235239852398524 0.44700139470013944 0.015682656826568265 0.03207810320781032
1 0.038745387453874534 0.4407252440725244 0.01845018450184502 0.02789400278940028
1 0.04151291512915129 0.4707112970711297 0.023985239852398522 0.03765690376569038
1 0.06595940959409594 0.4456066945606694 0.021217712177121772 0.03207810320781032
1 0.08579335793357934 0.4295676429567643 0.02029520295202952 0.030683403068340307
1 0.10101476014760147 0.4414225941422594 0.019372693726937267 0.029288702928870293
1 0.11946494464944649 0.4595536959553696 0.03413284132841328 0.048814504881450484
1 0.1033210332103321 0.42677824267782427 0.02214022140221402 0.02510460251046025
1 0.12822878228782286 0.42398884239888424 0.016605166051660517 0.02789400278940028
1 0.1429889298892989 0.4302649930264993 0.02029520295202952 0.03207810320781032
1 0.14391143911439114 0.45746164574616455 0.02029520295202952 0.03626220362622036
1 0.17343173431734316 0.46582984658298465 0.027675276752767528 0.03905160390516039
1 0.17896678966789667 0.4225941422594142 0.02029520295202952 0.030683403068340307
1 0.1960332103321033 0.403765690376569 0.015682656826568265 0.029288702928870293
1 0.2209409594095941 0.4232914923291492 0.015682656826568265 0.03207810320781032
1 0.20341328413284132 0.4518828451882845 0.024907749077490774 0.03905160390516039
1 0.23108856088560886 0.4846582984658298 0.035977859778597784 0.048814504881450484
1 0.24584870848708487 0.45676429567642957 0.021217712177121772 0.03486750348675035
1 0.23477859778597784 0.403765690376569 0.015682656826568265 0.029288702928870293
1 0.2716789667896679 0.42608089260808923 0.023062730627306273 0.03486750348675035
1 0.2716789667896679 0.45397489539748953 0.023062730627306273 0.043235704323570434
1 0.27121771217712176 0.40655509065550904 0.014760147601476014 0.03207810320781032
1 0.30350553505535055 0.42887029288702927 0.02029520295202952 0.03486750348675035
1 0.3205719557195572 0.4581589958158996 0.024907749077490774 0.048814504881450484
1 0.30488929889298894 0.38912133891213385 0.017527675276752766 0.030683403068340307
1 0.3168819188191882 0.3793584379358438 0.01014760147601476 0.02789400278940028
1 0.32656826568265684 0.396792189679219 0.016605166051660517 0.029288702928870293
1 0.3339483394833948 0.42677824267782427 0.02214022140221402 0.03347280334728033
1 0.35516605166051657 0.4532775453277545 0.025830258302583026 0.044630404463040445
1 0.35009225092250923 0.38354253835425384 0.013837638376383764 0.02789400278940028
1 0.36162361623616235 0.3842398884239888 0.016605166051660517 0.03207810320781032
1 0.3814575645756457 0.4072524407252441 0.015682656826568265 0.030683403068340307
1 0.375 0.38842398884239887 0.011992619926199261 0.02092050209205021
1 0.38883763837638374 0.37866108786610875 0.015682656826568265 0.026499302649930265
1 0.41605166051660514 0.3716875871687587 0.01107011070110701 0.023709902370990237
1 0.4345018450184502 0.37796373779637377 0.014760147601476014 0.02510460251046025
1 0.42896678966789664 0.39958158995815896 0.014760147601476014 0.029288702928870293
1 0.4409594095940959 0.403765690376569 0.016605166051660517 0.03486750348675035
1 0.42850553505535055 0.4804741980474198 0.03413284132841328 0.048814504881450484
1 0.4617158671586716 0.49651324965132493 0.035977859778597784 0.058577405857740586
1 0.4769372693726937 0.4728033472803347 0.02952029520295203 0.03905160390516039
1 0.4663284132841328 0.4476987447698745 0.024907749077490774 0.044630404463040445
1 0.4584870848708487 0.39748953974895396 0.01845018450184502 0.03347280334728033
1 0.45987084870848705 0.3772663877266388 0.01014760147601476 0.023709902370990237
1 0.44926199261992616 0.3737796373779637 0.016605166051660517 0.02789400278940028
1 0.5004612546125461 0.3647140864714086 0.01014760147601476 0.02092050209205021
1 0.5018450184501845 0.3912133891213389 0.01845018450184502 0.03765690376569038
1 0.5092250922509225 0.40655509065550904 0.02029520295202952 0.03207810320781032
1 0.5193726937269373 0.38912133891213385 0.016605166051660517 0.02789400278940028
1 0.5821033210332103 0.3793584379358438 0.01845018450184502 0.02789400278940028
1 0.5880996309963099 0.3633193863319386 0.011992619926199261 0.02092050209205021
1 0.5922509225092251 0.403765690376569 0.014760147601476014 0.029288702928870293
1 0.551660516605166 0.4616457461645746 0.02214022140221402 0.03905160390516039
1 0.496309963099631 0.44700139470013944 0.027675276752767528 0.029288702928870293
1 0.4935424354243542 0.4707112970711297 0.02214022140221402 0.043235704323570434
1 0.591789667896679 0.4511854951185495 0.023062730627306273 0.048814504881450484
1 0.6079335793357934 0.4623430962343096 0.027675276752767528 0.05439330543933054
1 0.6669741697416974 0.5034867503486751 0.055350553505535055 0.08368200836820083
1 0.6420664206642066 0.43584379358437936 0.027675276752767528 0.05160390516039051
1 0.6263837638376384 0.39051603905160387 0.02029520295202952 0.03347280334728033
1 0.6240774907749077 0.3633193863319386 0.013837638376383764 0.026499302649930265
1 0.665590405904059 0.41701534170153415 0.019372693726937267 0.03905160390516039
1 0.6789667896678967 0.4302649930264993 0.02029520295202952 0.03486750348675035
1 0.6937269372693726 0.38912133891213385 0.01845018450184502 0.03626220362622036
1 0.7255535055350554 0.4142259414225941 0.023062730627306273 0.04184100418410042
1 0.7403136531365313 0.49232914923291493 0.04151291512915129 0.08089260808926081
1 0.7523062730627306 0.40655509065550904 0.017527675276752766 0.040446304044630406
1 0.7726014760147601 0.3947001394700139 0.019372693726937267 0.03626220362622036
1 0.7785977859778598 0.37587168758716877 0.01845018450184502 0.023709902370990237
1 0.7933579335793358 0.36541143654114366 0.016605166051660517 0.02510460251046025
1 0.7975092250922509 0.3926080892608089 0.017527675276752766 0.03486750348675035
1 0.8173431734317343 0.3828451882845188 0.02029520295202952 0.03207810320781032
1 0.8353321033210331 0.37587168758716877 0.013837638376383764 0.026499302649930265
1 0.8510147601476015 0.3709902370990237 0.017527675276752766 0.02789400278940028
1 0.7896678966789668 0.4637377963737796 0.03505535055350553 0.05718270571827057
1 0.8371771217712177 0.46931659693165967 0.03782287822878229 0.06276150627615062
1 0.8597785977859779 0.4337517433751743 0.02952029520295203 0.04741980474198047
1 0.900830258302583 0.402370990237099 0.03044280442804428 0.048814504881450484
1 0.9423431734317342 0.38563458856345884 0.021217712177121772 0.03765690376569038
1 0.9810885608856088 0.42887029288702927 0.024907749077490774 0.046025104602510455
1 0.9792435424354243 0.36610878661087864 0.019372693726937267 0.03765690376569038
1 0.9916974169741697 0.3821478382147838 0.016605166051660517 0.03347280334728033
1 0.9395756457564576 0.45746164574616455 0.026752767527675275 0.044630404463040445
1 0.9511070110701106 0.5676429567642957 0.06457564575645756 0.12552301255230125
