1 0.09948453608247423 0.26972477064220185 0.031958762886597936 0.04036697247706422
1 0.2154639175257732 0.3513761467889909 0.04948453608247423 0.07889908256880734
1 0.4402061855670103 0.22752293577981653 0.01443298969072165 0.03669724770642202
1 0.48041237113402063 0.22568807339449543 0.016494845360824743 0.04036697247706422
1 0.5335051546391752 0.20642201834862386 0.01752577319587629 0.031192660550458717
1 0.6747422680412372 0.17706422018348625 0.01752577319587629 0.031192660550458717
1 0.6278350515463917 0.23486238532110093 0.02268041237113402 0.047706422018348627
1 0.6747422680412372 0.22110091743119267 0.01958762886597938 0.04954128440366973
1 0.681958762886598 0.25137614678899084 0.01752577319587629 0.044036697247706424
1 0.7278350515463917 0.20275229357798166 0.020618556701030927 0.03853211009174312
1 0.7329896907216495 0.3091743119266055 0.030927835051546393 0.07155963302752294
1 0.7541237113402062 0.29908256880733947 0.034020618556701035 0.08440366972477065
1 0.8376288659793815 0.26146788990825687 0.027835051546391754 0.05688073394495413
1 0.8757731958762887 0.29633027522935784 0.01958762886597938 0.045871559633027525
