1 0.19905771495877503 0.3493723849372385 0.0447585394581861 0.08786610878661087
1 0.2991755005889281 0.2405857740585774 0.014134275618374558 0.02928870292887029
1 0.3168433451118963 0.2228033472803347 0.01177856301531213 0.02719665271966527
1 0.3409893992932862 0.22907949790794976 0.015312131919905771 0.03138075313807531
1 0.34628975265017664 0.2615062761506276 0.016489988221436984 0.03347280334728033
1 0.3780918727915194 0.22175732217573219 0.016489988221436984 0.03347280334728033
1 0.38280329799764423 0.20083682008368198 0.01884570082449941 0.025104602510460247
1 0.4210836277974087 0.18410041841004182 0.015312131919905771 0.025104602510460247
1 0.4393404004711425 0.1924686192468619 0.014134275618374558 0.025104602510460247
1 0.42167255594817427 0.21652719665271963 0.016489988221436984 0.03138075313807531
1 0.4528857479387514 0.2207112970711297 0.017667844522968195 0.03138075313807531
1 0.42520612485276793 0.28033472803347276 0.02355712603062426 0.046025104602510455
1 0.46407538280329796 0.19979079497907948 0.014134275618374558 0.023012552301255228
1 0.45229681978798586 0.1705020920502092 0.014134275618374558 0.02719665271966527
1 0.47585394581861007 0.1715481171548117 0.014134275618374558 0.025104602510460247
1 0.49764428739693756 0.19979079497907948 0.015312131919905771 0.02719665271966527
1 0.5135453474676089 0.21129707112970708 0.016489988221436984 0.03765690376569037
1 0.4681978798586572 0.15481171548117154 0.012956419316843343 0.025104602510460247
1 0.4829210836277974 0.13598326359832635 0.01177856301531213 0.025104602510460247
1 0.5212014134275618 0.14958158995815898 0.015312131919905771 0.03138075313807531
1 0.5412249705535924 0.16422594142259414 0.015312131919905771 0.03556485355648535
1 0.5665488810365135 0.1799163179916318 0.016489988221436984 0.03347280334728033
1 0.5736160188457008 0.1600418410041841 0.014134275618374558 0.02719665271966527
1 0.5530035335689045 0.12343096234309622 0.010600706713780918 0.025104602510460247
1 0.5830388692579505 0.10878661087866108 0.01177856301531213 0.02092050209205021
1 0.6089517078916372 0.10564853556485354 0.009422850412249705 0.023012552301255228
1 0.6042402826855123 0.12343096234309622 0.01177856301531213 0.02092050209205021
1 0.6142520612485276 0.14330543933054393 0.015312131919905771 0.03138075313807531
1 0.6366313309776207 0.10251046025104602 0.010600706713780918 0.025104602510460247
1 0.6307420494699646 0.11610878661087864 0.010600706713780918 0.023012552301255228
1 0.6531213191990577 0.12656903765690375 0.015312131919905771 0.02719665271966527
1 0.6101295641931684 0.20815899581589956 0.01884570082449941 0.0397489539748954
1 0.5571260306242638 0.2510460251046025 0.021201413427561835 0.04184100418410042
1 0.5977620730270906 0.2635983263598326 0.020023557126030624 0.046025104602510455
1 0.5400471142520612 0.3075313807531381 0.024734982332155476 0.05439330543933054
1 0.4846878680800942 0.30962343096234307 0.0270906949352179 0.050209205020920494
1 0.5983510011778562 0.3305439330543933 0.028268551236749116 0.05439330543933054
1 0.6554770318021201 0.2635983263598326 0.02237926972909305 0.04184100418410042
1 0.6678445229681979 0.3284518828451883 0.02355712603062426 0.06276150627615062
1 0.7096584216725559 0.2845188284518828 0.02237926972909305 0.050209205020920494
1 0.7061248527679622 0.22698744769874474 0.02237926972909305 0.048117154811715475
1 0.6554770318021201 0.20606694560669453 0.020023557126030624 0.043933054393305436
1 0.6489988221436984 0.17782426778242677 0.016489988221436984 0.02928870292887029
1 0.6819787985865724 0.10355648535564853 0.014134275618374558 0.03556485355648535
1 0.7114252061248527 0.14330543933054393 0.014134275618374558 0.03138075313807531
1 0.6855123674911661 0.1820083682008368 0.016489988221436984 0.04184100418410042
1 0.724381625441696 0.16631799163179914 0.014134275618374558 0.03138075313807531
1 0.7385159010600706 0.1914225941422594 0.01884570082449941 0.05230125523012552
1 0.7391048292108362 0.15062761506276148 0.012956419316843343 0.02928870292887029
1 0.7555948174322732 0.16736401673640167 0.015312131919905771 0.03765690376569037
1 0.7296819787985865 0.12343096234309622 0.012956419316843343 0.02928870292887029
1 0.7426383981154299 0.11401673640167363 0.012956419316843343 0.03138075313807531
1 0.7591283863368669 0.13493723849372383 0.012956419316843343 0.03138075313807531
1 0.7897526501766784 0.13807531380753138 0.010600706713780918 0.03347280334728033
1 0.8015312131919905 0.13702928870292885 0.010600706713780918 0.03138075313807531
1 0.7897526501766784 0.17782426778242677 0.015312131919905771 0.046025104602510455
1 0.8133097762073026 0.17364016736401672 0.012956419316843343 0.03347280334728033
1 0.8221436984687868 0.14435146443514643 0.01177856301531213 0.03347280334728033
1 0.8421672555948174 0.15794979079497906 0.014134275618374558 0.03556485355648535
1 0.8539458186101295 0.14016736401673638 0.009422850412249705 0.02092050209205021
1 0.8574793875147232 0.15376569037656904 0.014134275618374558 0.03138075313807531
1 0.881625441696113 0.16527196652719664 0.012956419316843343 0.02928870292887029
1 0.8922261484098939 0.14016736401673638 0.010600706713780918 0.02928870292887029
1 0.9193168433451119 0.1600418410041841 0.012956419316843343 0.03556485355648535
1 0.8757361601884569 0.19560669456066945 0.017667844522968195 0.03556485355648535
1 0.9098939929328621 0.20502092050209203 0.017667844522968195 0.04184100418410042
1 0.8339222614840989 0.1924686192468619 0.014134275618374558 0.03347280334728033
1 0.8604240282685511 0.2322175732217573 0.020023557126030624 0.046025104602510455
1 0.9045936395759717 0.2834728033472803 0.021201413427561835 0.05648535564853556
1 0.7608951707891637 0.28974895397489536 0.02355712603062426 0.05648535564853556
