1 0.16526315789473683 0.6938202247191011 0.21052631578947367 0.29775280898876405
1 0.1668421052631579 0.5028089887640449 0.05789473684210526 0.08426966292134831
1 0.16 0.4606741573033708 0.05052631578947368 0.05898876404494382
1 0.07789473684210527 0.46839887640449435 0.042105263157894736 0.05758426966292135
1 0.03368421052631579 0.4529494382022472 0.03368421052631579 0.04915730337078651
1 0.01263157894736842 0.4557584269662921 0.023157894736842106 0.0547752808988764
1 0.013157894736842105 0.3735955056179775 0.024210526315789474 0.0449438202247191
1 0.10421052631578948 0.37780898876404495 0.035789473684210524 0.047752808988764044
1 0.15842105263157893 0.42907303370786515 0.03684210526315789 0.04073033707865169
1 0.2294736842105263 0.44101123595505615 0.03789473684210526 0.0449438202247191
1 0.2894736842105263 0.4339887640449438 0.027368421052631577 0.03932584269662921
1 0.33999999999999997 0.461376404494382 0.035789473684210524 0.05758426966292135
1 0.3684210526315789 0.47191011235955055 0.04631578947368421 0.07303370786516854
1 0.43105263157894735 0.49929775280898875 0.06210526315789473 0.09410112359550561
1 0.4236842105263158 0.37429775280898875 0.0431578947368421 0.06320224719101124
1 0.3163157894736842 0.4199438202247191 0.02631578947368421 0.03089887640449438
1 0.33210526315789474 0.43469101123595505 0.022105263157894735 0.03230337078651685
1 0.5121052631578947 0.4648876404494382 0.03894736842105263 0.0702247191011236
1 0.5221052631578947 0.4318820224719101 0.02526315789473684 0.04915730337078651
1 0.5589473684210526 0.4262640449438202 0.03368421052631579 0.046348314606741575
1 0.5863157894736842 0.3792134831460674 0.021052631578947368 0.03932584269662921
1 0.6042105263157894 0.43047752808988765 0.027368421052631577 0.046348314606741575
1 0.6378947368421053 0.45856741573033705 0.042105263157894736 0.06882022471910113
1 0.6726315789473684 0.4375 0.03789473684210526 0.06601123595505617
1 0.71 0.42134831460674155 0.024210526315789474 0.042134831460674156
1 0.7684210526315789 0.36235955056179775 0.021052631578947368 0.033707865168539325
1 0.5147368421052632 0.6362359550561798 0.1431578947368421 0.22752808988764045
1 0.6389473684210526 0.5519662921348314 0.08 0.14325842696629212
1 0.8178947368421052 0.5716292134831461 0.1031578947368421 0.14887640449438203
1 0.8642105263157894 0.5063202247191011 0.06526315789473684 0.10814606741573034
1 0.7810526315789473 0.44101123595505615 0.04842105263157895 0.07303370786516854
1 0.841578947368421 0.44803370786516855 0.03894736842105263 0.05056179775280899
1 0.9042105263157895 0.4220505617977528 0.03789473684210526 0.0547752808988764
1 0.9652631578947368 0.46418539325842695 0.04631578947368421 0.07724719101123595
1 0.9405263157894737 0.38202247191011235 0.03263157894736842 0.0449438202247191
