1 0.1514670896114195 0.3055162659123055 0.023790642347343377 0.042432814710042434
1 0.19032513877874702 0.27015558698727016 0.020618556701030927 0.039603960396039604
1 0.1950832672482157 0.23691654879773694 0.019032513877874704 0.03536067892503536
1 0.2168913560666138 0.24823196605374825 0.02775574940523394 0.055162659123055166
1 0.24464710547184773 0.25035360678925034 0.026169706582077717 0.05374823196605375
1 0.27478191911181604 0.2545968882602546 0.022997620935765267 0.036775106082036775
1 0.26645519429024583 0.28712871287128716 0.034892942109436956 0.05091937765205092
1 0.2367168913560666 0.22065063649222066 0.01823949246629659 0.033946251768033946
1 0.3156225218080888 0.2036775106082037 0.020618556701030927 0.036775106082036775
1 0.3996827914353688 0.24893917963224896 0.025376685170499604 0.04526166902404526
