1 0.2146341463414634 0.36371527777777773 0.03902439024390244 0.08159722222222222
1 0.3097560975609756 0.23958333333333331 0.018536585365853658 0.03819444444444444
1 0.31853658536585366 0.21875 0.018536585365853658 0.03125
1 0.3351219512195122 0.24045138888888887 0.018536585365853658 0.03993055555555555
1 0.3473170731707317 0.2048611111111111 0.015609756097560976 0.03125
1 0.35317073170731705 0.1796875 0.013658536585365854 0.029513888888888888
1 0.3751219512195122 0.20225694444444442 0.018536585365853658 0.03645833333333333
1 0.3780487804878049 0.24739583333333331 0.018536585365853658 0.03993055555555555
1 0.4121951219512195 0.24479166666666666 0.02048780487804878 0.041666666666666664
1 0.4009756097560976 0.19618055555555555 0.0175609756097561 0.03125
1 0.41268292682926827 0.20572916666666666 0.01951219512195122 0.029513888888888888
1 0.4151219512195122 0.17100694444444445 0.016585365853658537 0.029513888888888888
1 0.435609756097561 0.1423611111111111 0.012682926829268294 0.027777777777777776
1 0.4521951219512195 0.22135416666666666 0.02048780487804878 0.03993055555555555
1 0.44341463414634147 0.1796875 0.02048780487804878 0.03645833333333333
1 0.4634146341463415 0.15104166666666666 0.015609756097560976 0.03125
1 0.4746341463414634 0.1345486111111111 0.016585365853658537 0.022569444444444444
1 0.4824390243902439 0.15625 0.014634146341463414 0.034722222222222224
1 0.48878048780487804 0.18663194444444445 0.015609756097560976 0.03645833333333333
1 0.48634146341463413 0.22482638888888887 0.0224390243902439 0.03993055555555555
1 0.49365853658536585 0.27604166666666663 0.029268292682926828 0.059027777777777776
1 0.49560975609756097 0.14149305555555555 0.015609756097560976 0.029513888888888888
1 0.5068292682926829 0.1267361111111111 0.01073170731707317 0.024305555555555552
1 0.5126829268292683 0.15104166666666666 0.016585365853658537 0.03125
1 0.5195121951219512 0.13541666666666666 0.014634146341463414 0.020833333333333332
1 0.5292682926829269 0.1284722222222222 0.012682926829268294 0.027777777777777776
1 0.5209756097560976 0.1736111111111111 0.015609756097560976 0.034722222222222224
1 0.5585365853658537 0.1814236111111111 0.014634146341463414 0.03645833333333333
1 0.5536585365853659 0.15885416666666666 0.014634146341463414 0.029513888888888888
1 0.5575609756097561 0.13975694444444445 0.01073170731707317 0.022569444444444444
1 0.5575609756097561 0.1267361111111111 0.014634146341463414 0.027777777777777776
1 0.5804878048780487 0.1189236111111111 0.013658536585365854 0.029513888888888888
1 0.5921951219512195 0.11371527777777778 0.013658536585365854 0.029513888888888888
1 0.5902439024390244 0.1440972222222222 0.0175609756097561 0.03125
1 0.5897560975609756 0.17447916666666666 0.014634146341463414 0.03298611111111111
1 0.6297560975609756 0.15277777777777776 0.014634146341463414 0.03125
1 0.6204878048780488 0.1284722222222222 0.011707317073170732 0.024305555555555552
1 0.6117073170731707 0.11805555555555555 0.011707317073170732 0.03125
1 0.6204878048780488 0.10850694444444443 0.00975609756097561 0.022569444444444444
1 0.64 0.11805555555555555 0.015609756097560976 0.024305555555555552
1 0.6575609756097561 0.12152777777777778 0.011707317073170732 0.027777777777777776
1 0.6648780487804878 0.1484375 0.012682926829268294 0.03298611111111111
1 0.6721951219512196 0.1032986111111111 0.011707317073170732 0.026041666666666664
1 0.6907317073170731 0.1189236111111111 0.013658536585365854 0.029513888888888888
1 0.6985365853658536 0.10069444444444443 0.011707317073170732 0.024305555555555552
1 0.7258536585365853 0.11284722222222221 0.011707317073170732 0.024305555555555552
1 0.7073170731707317 0.1501736111111111 0.015609756097560976 0.029513888888888888
1 0.7102439024390244 0.1814236111111111 0.0175609756097561 0.043402777777777776
1 0.6731707317073171 0.1892361111111111 0.02146341463414634 0.03819444444444444
1 0.6351219512195122 0.2378472222222222 0.02146341463414634 0.048611111111111105
1 0.6263414634146341 0.22569444444444442 0.0175609756097561 0.034722222222222224
1 0.5702439024390243 0.2560763888888889 0.0224390243902439 0.03993055555555555
1 0.555609756097561 0.2795138888888889 0.024390243902439025 0.048611111111111105
1 0.6102439024390244 0.34027777777777773 0.02829268292682927 0.06597222222222222
1 0.6951219512195121 0.3055555555555555 0.024390243902439025 0.05555555555555555
1 0.6878048780487804 0.2734375 0.023414634146341463 0.05034722222222222
1 0.724390243902439 0.234375 0.018536585365853658 0.04513888888888889
1 0.7341463414634146 0.3020833333333333 0.02829268292682927 0.05555555555555555
1 0.775609756097561 0.2534722222222222 0.025365853658536587 0.048611111111111105
1 0.7658536585365854 0.1970486111111111 0.02146341463414634 0.03993055555555555
1 0.7560975609756098 0.1736111111111111 0.0175609756097561 0.03125
1 0.7404878048780488 0.140625 0.015609756097560976 0.034722222222222224
1 0.7575609756097561 0.13020833333333331 0.012682926829268294 0.03125
1 0.78 0.15885416666666666 0.016585365853658537 0.029513888888888888
1 0.7878048780487805 0.13975694444444445 0.012682926829268294 0.026041666666666664
1 0.8039024390243903 0.1640625 0.013658536585365854 0.029513888888888888
1 0.8151219512195121 0.15364583333333331 0.014634146341463414 0.029513888888888888
1 0.8107317073170732 0.2065972222222222 0.015609756097560976 0.034722222222222224
1 0.8263414634146341 0.2456597222222222 0.02146341463414634 0.05034722222222222
1 0.7809756097560976 0.34809027777777773 0.024390243902439025 0.046875
1 0.7478048780487805 0.4079861111111111 0.03219512195121951 0.07638888888888888
1 0.8204878048780487 0.40625 0.037073170731707315 0.0625
1 0.8390243902439024 0.3602430555555555 0.027317073170731707 0.05034722222222222
1 0.9097560975609756 0.4288194444444444 0.03219512195121951 0.07291666666666666
1 0.9195121951219513 0.3454861111111111 0.02829268292682927 0.0625
1 0.9297560975609757 0.2873263888888889 0.02146341463414634 0.043402777777777776
1 0.8975609756097561 0.23350694444444442 0.0175609756097561 0.03993055555555555
1 0.8746341463414634 0.2699652777777778 0.0224390243902439 0.05381944444444444
1 0.9419512195121951 0.2126736111111111 0.016585365853658537 0.043402777777777776
