1 0.07919730392156862 0.46486928104575165 0.07873774509803921 0.11356209150326797
1 0.13066789215686275 0.4238153594771242 0.053002450980392156 0.07883986928104575
1 0.24509803921568626 0.3560049019607843 0.04105392156862745 0.060866013071895424
1 0.32735906862745096 0.36744281045751637 0.026041666666666668 0.039624183006535946
1 0.28737745098039214 0.5477941176470589 0.10600490196078431 0.15359477124183007
1 0.40042892156862747 0.5038807189542484 0.07536764705882353 0.1352124183006536
1 0.29181985294117646 0.45669934640522875 0.06403186274509803 0.08088235294117647
1 0.4333639705882353 0.40175653594771243 0.0352328431372549 0.06495098039215687
1 0.49203431372549017 0.38848039215686275 0.03431372549019608 0.05392156862745098
1 0.5533088235294118 0.4281045751633987 0.044730392156862746 0.06781045751633988
1 0.5761335784313726 0.3868464052287582 0.029105392156862746 0.05310457516339869
1 0.6272977941176471 0.41687091503267976 0.0389093137254902 0.056781045751633986
1 0.7293198529411764 0.45608660130718953 0.0548406862745098 0.06985294117647059
1 0.8305759803921569 0.43218954248366015 0.04656862745098039 0.07189542483660132
1 0.8869485294117647 0.44607843137254904 0.034926470588235295 0.05800653594771242
1 0.8892463235294118 0.4221813725490196 0.036458333333333336 0.05759803921568628
