1 0.6827272727272727 0.5300546448087432 0.056363636363636366 0.09289617486338798
1 0.7736363636363637 0.5218579234972678 0.056363636363636366 0.08196721311475409
1 0.8136363636363636 0.5273224043715847 0.034545454545454546 0.06557377049180328
1 0.8654545454545455 0.5150273224043715 0.03636363636363636 0.05737704918032787
1 0.9109090909090909 0.5095628415300546 0.02909090909090909 0.05191256830601093
1 0.9363636363636364 0.4931693989071038 0.025454545454545455 0.05737704918032787
1 0.9727272727272728 0.505464480874317 0.02909090909090909 0.0546448087431694
1 0.5845454545454546 0.47404371584699456 0.03090909090909091 0.06830601092896176
1 0.6454545454545455 0.46994535519125685 0.02909090909090909 0.04918032786885246
1 0.5872727272727273 0.4344262295081967 0.025454545454545455 0.03278688524590164
1 0.6145454545454545 0.43989071038251365 0.025454545454545455 0.03278688524590164
1 0.56 0.4371584699453552 0.02181818181818182 0.03278688524590164
1 0.53 0.4344262295081967 0.023636363636363636 0.03278688524590164
1 0.6827272727272727 0.4494535519125683 0.02 0.03551912568306011
1 0.7054545454545454 0.45081967213114754 0.025454545454545455 0.03278688524590164
1 0.7163636363636363 0.43306010928961747 0.02181818181818182 0.04644808743169399
1 0.6627272727272727 0.4344262295081967 0.02 0.02185792349726776
1 0.7554545454545455 0.4426229508196721 0.023636363636363636 0.03278688524590164
1 0.7890909090909091 0.4426229508196721 0.02181818181818182 0.03825136612021858
1 0.8109090909090909 0.4644808743169399 0.01818181818181818 0.03278688524590164
1 0.83 0.4371584699453552 0.012727272727272728 0.0273224043715847
1 0.860909090909091 0.4576502732240437 0.02 0.03551912568306011
1 0.39090909090909093 0.5437158469945356 0.06545454545454546 0.08743169398907104
1 0.38727272727272727 0.47540983606557374 0.04 0.0546448087431694
1 0.4009090909090909 0.45081967213114754 0.023636363636363636 0.04371584699453552
1 0.3654545454545455 0.3702185792349727 0.02181818181818182 0.030054644808743168
1 0.31636363636363635 0.48360655737704916 0.03636363636363636 0.0546448087431694
1 0.3190909090909091 0.4385245901639344 0.02 0.03551912568306011
1 0.33636363636363636 0.43989071038251365 0.01818181818181818 0.03825136612021858
1 0.26 0.5314207650273224 0.04727272727272727 0.07923497267759563
1 0.2309090909090909 0.48770491803278687 0.03272727272727273 0.05737704918032787
1 0.24545454545454545 0.4494535519125683 0.02181818181818182 0.030054644808743168
1 0.27454545454545454 0.46174863387978143 0.025454545454545455 0.03825136612021858
1 0.2872727272727273 0.4494535519125683 0.014545454545454545 0.030054644808743168
1 0.17 0.5163934426229508 0.04181818181818182 0.08196721311475409
1 0.07727272727272727 0.5642076502732241 0.05272727272727273 0.06830601092896176
1 0.07272727272727272 0.49453551912568305 0.025454545454545455 0.04371584699453552
1 0.11 0.4959016393442623 0.023636363636363636 0.04644808743169399
1 0.1390909090909091 0.4931693989071038 0.02 0.03551912568306011
1 0.2009090909090909 0.46584699453551914 0.02 0.030054644808743168
1 0.18636363636363637 0.46174863387978143 0.016363636363636365 0.03278688524590164
1 0.14727272727272728 0.46584699453551914 0.014545454545454545 0.02459016393442623
1 0.1318181818181818 0.4562841530054645 0.016363636363636365 0.03278688524590164
