1 0.9388185654008439 0.175422138836773 0.008438818565400843 0.024390243902439025
1 0.92668776371308 0.1848030018761726 0.01160337552742616 0.03564727954971857
1 0.9372362869198312 0.199812382739212 0.01371308016877637 0.03189493433395872
1 0.936181434599156 0.22420262664165103 0.01371308016877637 0.03189493433395872
1 0.9345991561181434 0.23358348968105067 0.012658227848101264 0.03189493433395872
1 0.8960970464135021 0.21669793621013134 0.01582278481012658 0.028142589118198873
1 0.8802742616033754 0.15947467166979362 0.009493670886075948 0.026266416510318948
1 0.8554852320675105 0.14540337711069418 0.008438818565400843 0.024390243902439025
1 0.8180379746835442 0.14634146341463414 0.01160337552742616 0.026266416510318948
1 0.8639240506329113 0.20544090056285177 0.012658227848101264 0.03564727954971857
1 0.8834388185654007 0.23170731707317074 0.01582278481012658 0.039399624765478425
1 0.8728902953586497 0.27392120075046905 0.01371308016877637 0.04127579737335835
1 0.7610759493670886 0.1397748592870544 0.009493670886075948 0.024390243902439025
1 0.8301687763713079 0.1894934333958724 0.012658227848101264 0.03377110694183865
1 0.8101265822784809 0.16322701688555347 0.012658227848101264 0.0300187617260788
1 0.7943037974683543 0.17166979362101314 0.012658227848101264 0.03189493433395872
1 0.8011603375527425 0.21013133208255158 0.01371308016877637 0.03377110694183865
1 0.815928270042194 0.21200750469043153 0.01371308016877637 0.03377110694183865
1 0.7732067510548523 0.18386491557223264 0.010548523206751054 0.0300187617260788
1 0.7362869198312235 0.18292682926829268 0.012658227848101264 0.03189493433395872
1 0.731012658227848 0.15478424015009382 0.012658227848101264 0.03564727954971857
1 0.6935654008438819 0.18198874296435272 0.01160337552742616 0.03377110694183865
1 0.7236286919831223 0.23358348968105067 0.018987341772151896 0.043151969981238276
1 0.7088607594936708 0.19699812382739212 0.016877637130801686 0.0375234521575985
1 0.7056962025316456 0.12382739212007504 0.008438818565400843 0.0225140712945591
1 0.6740506329113923 0.11350844277673545 0.008438818565400843 0.020637898686679174
1 0.6571729957805906 0.11819887429643527 0.008438818565400843 0.0150093808630394
1 0.600210970464135 0.06848030018761726 0.008438818565400843 0.020637898686679174
1 0.6181434599156118 0.10881801125703565 0.008438818565400843 0.0150093808630394
1 0.5047468354430379 0.0825515947467167 0.009493670886075948 0.01876172607879925
1 0.5485232067510548 0.12288930581613508 0.008438818565400843 0.020637898686679174
1 0.5791139240506329 0.1275797373358349 0.010548523206751054 0.026266416510318948
1 0.5944092827004219 0.14165103189493433 0.01160337552742616 0.028142589118198873
1 0.6007383966244725 0.15853658536585366 0.01160337552742616 0.024390243902439025
1 0.5733122362869197 0.14634146341463414 0.01160337552742616 0.0300187617260788
1 0.6318565400843882 0.14352720450281425 0.012658227848101264 0.028142589118198873
1 0.625 0.13602251407129456 0.009493670886075948 0.024390243902439025
1 0.6318565400843882 0.1669793621013133 0.016877637130801686 0.026266416510318948
1 0.6592827004219409 0.19418386491557224 0.014767932489451475 0.039399624765478425
1 0.669831223628692 0.2176360225140713 0.014767932489451475 0.04127579737335835
1 0.6239451476793249 0.225140712945591 0.017932489451476793 0.04127579737335835
1 0.565928270042194 0.24859287054409004 0.020042194092827002 0.043151969981238276
1 0.5263713080168776 0.13414634146341464 0.010548523206751054 0.024390243902439025
1 0.540084388185654 0.15384615384615385 0.010548523206751054 0.026266416510318948
1 0.5564345991561181 0.18761726078799248 0.01371308016877637 0.03377110694183865
1 0.5242616033755274 0.18667917448405252 0.012658227848101264 0.03564727954971857
1 0.5174050632911392 0.17354596622889307 0.01371308016877637 0.03189493433395872
1 0.45094936708860756 0.15478424015009382 0.01160337552742616 0.028142589118198873
1 0.4293248945147679 0.15196998123827393 0.010548523206751054 0.026266416510318948
1 0.4604430379746835 0.17073170731707318 0.01160337552742616 0.03377110694183865
1 0.47995780590717296 0.1378986866791745 0.012658227848101264 0.028142589118198873
1 0.4957805907172995 0.1350844277673546 0.010548523206751054 0.0225140712945591
1 0.47995780590717296 0.15478424015009382 0.012658227848101264 0.024390243902439025
1 0.4546413502109704 0.2326454033771107 0.016877637130801686 0.04127579737335835
1 0.4804852320675105 0.18105065666041276 0.017932489451476793 0.03564727954971857
1 0.3222573839662447 0.2045028142589118 0.01582278481012658 0.0300187617260788
1 0.3713080168776371 0.19793621013133209 0.012658227848101264 0.028142589118198873
1 0.3834388185654008 0.18292682926829268 0.01371308016877637 0.028142589118198873
1 0.4113924050632911 0.17823639774859287 0.012658227848101264 0.0300187617260788
1 0.6503164556962024 0.32082551594746717 0.03691983122362869 0.07879924953095685
