1 0.015213815789473683 0.4294781382228491 0.02713815789473684 0.05218617771509168
1 0.2347861842105263 0.3420310296191819 0.01726973684210526 0.03526093088857546
1 0.25945723684210525 0.3730606488011283 0.020559210526315787 0.04372355430183357
1 0.29152960526315785 0.37588152327221436 0.022203947368421052 0.04090267983074753
1 0.2919407894736842 0.30677009873060646 0.019736842105263157 0.03808180535966149
1 0.3359375 0.3617771509167842 0.022203947368421052 0.04090267983074753
1 0.3622532894736842 0.33638928067700985 0.018914473684210526 0.03808180535966149
1 0.3577302631578947 0.3018335684062059 0.013157894736842105 0.03385049365303244
1 0.389391447368421 0.32933709449929477 0.018914473684210526 0.03244005641748942
1 0.4103618421052631 0.3385049365303244 0.023026315789473683 0.039492242595204514
1 0.41447368421052627 0.3025387870239774 0.019736842105263157 0.029619181946403384
1 0.4124177631578947 0.2736248236953456 0.015625 0.031029619181946404
1 0.39884868421052627 0.26868829337094496 0.014802631578947368 0.029619181946403384
1 0.43421052631578944 0.2531734837799718 0.01644736842105263 0.03244005641748942
1 0.453125 0.26657263751763044 0.01644736842105263 0.03385049365303244
1 0.43996710526315785 0.36600846262341324 0.023026315789473683 0.0465444287729196
1 0.4765625 0.3032440056417489 0.022203947368421052 0.036671368124118475
1 0.4794407894736842 0.26798307475317346 0.014802631578947368 0.028208744710860365
1 0.4749177631578947 0.23765867418899858 0.015625 0.03526093088857546
1 0.5119243421052632 0.26939351198871647 0.015625 0.028208744710860365
1 0.5250822368421052 0.27997179125528915 0.020559210526315787 0.03526093088857546
1 0.5242598684210527 0.2531734837799718 0.013980263157894735 0.029619181946403384
1 0.5382401315789473 0.25176304654442877 0.015625 0.03526093088857546
1 0.5057565789473684 0.3244005641748942 0.019736842105263157 0.039492242595204514
1 0.5620888157894737 0.28138222849083216 0.01726973684210526 0.03244005641748942
1 0.5859375 0.27080394922425954 0.015625 0.031029619181946404
1 0.5785361842105263 0.2468265162200282 0.015625 0.028208744710860365
1 0.5793585526315789 0.22708039492242596 0.01726973684210526 0.028208744710860365
1 0.5633223684210527 0.231311706629055 0.014802631578947368 0.028208744710860365
1 0.6044407894736842 0.25105782792665726 0.01644736842105263 0.028208744710860365
1 0.6048519736842105 0.22566995768688292 0.013980263157894735 0.02538787023977433
1 0.615953947368421 0.20944992947813823 0.01644736842105263 0.029619181946403384
1 0.5382401315789473 0.35684062059238364 0.02549342105263158 0.0535966149506347
1 0.4695723684210526 0.41255289139633283 0.029605263157894735 0.060648801128349784
1 0.5341282894736842 0.4308885754583921 0.03536184210526316 0.05500705218617771
1 0.5978618421052632 0.4520451339915374 0.03782894736842105 0.06629055007052186
1 0.6430921052631579 0.4485190409026798 0.03453947368421052 0.06770098730606489
1 0.6180098684210525 0.36671368124118475 0.022203947368421052 0.05077574047954866
1 0.6044407894736842 0.33779971791255287 0.021381578947368418 0.03526093088857546
1 0.6402138157894737 0.3018335684062059 0.020559210526315787 0.045133991537376586
1 0.6402138157894737 0.25176304654442877 0.015625 0.03244005641748942
1 0.6311677631578947 0.22002820874471085 0.012335526315789474 0.031029619181946404
1 0.6463815789473684 0.22919605077574048 0.01644736842105263 0.03244005641748942
1 0.6632401315789473 0.21227080394922426 0.012335526315789474 0.02679830747531735
1 0.6792763157894737 0.22637517630465445 0.013157894736842105 0.02679830747531735
1 0.7035361842105263 0.22778561354019747 0.013980263157894735 0.029619181946403384
1 0.7092927631578947 0.25105782792665726 0.015625 0.031029619181946404
1 0.6809210526315789 0.27291960507757407 0.01644736842105263 0.04090267983074753
1 0.6595394736842105 0.3716502115655853 0.024671052631578948 0.05782792665726375
1 0.6533717105263157 0.3420310296191819 0.018914473684210526 0.03526093088857546
1 0.6936677631578947 0.35754583921015515 0.023848684210526314 0.04372355430183357
1 0.7388980263157894 0.40620592383638926 0.028782894736842105 0.0535966149506347
1 0.71875 0.48448519040902677 0.041118421052631575 0.07193229901269393
1 0.7898848684210525 0.4301833568406206 0.02713815789473684 0.05641748942172073
1 0.817845394736842 0.36600846262341324 0.022203947368421052 0.05500705218617771
1 0.7314967105263157 0.29055007052186177 0.01726973684210526 0.036671368124118475
1 0.7380756578947368 0.2623413258110014 0.015625 0.03385049365303244
1 0.7512335526315789 0.2383638928067701 0.015625 0.022566995768688293
1 0.7528782894736842 0.25035260930888575 0.012335526315789474 0.023977433004231313
1 0.7652138157894737 0.2651622002820874 0.013980263157894735 0.028208744710860365
1 0.7796052631578947 0.2863187588152327 0.014802631578947368 0.03385049365303244
1 0.7828947368421052 0.25035260930888575 0.013157894736842105 0.023977433004231313
1 0.7935855263157894 0.24964739069111425 0.013157894736842105 0.028208744710860365
1 0.8199013157894737 0.26939351198871647 0.01644736842105263 0.031029619181946404
1 0.8248355263157894 0.3131170662905501 0.019736842105263157 0.036671368124118475
1 0.8470394736842105 0.3441466854724965 0.019736842105263157 0.045133991537376586
1 0.8610197368421052 0.2856135401974612 0.01644736842105263 0.029619181946403384
1 0.8474506578947368 0.26022566995768687 0.01726973684210526 0.03526093088857546
1 0.8774671052631579 0.2545839210155148 0.011513157894736841 0.03244005641748942
1 0.9033717105263157 0.28843441466854725 0.015625 0.03526093088857546
1 0.8918585526315789 0.31946403385049366 0.01726973684210526 0.03244005641748942
1 0.8667763157894737 0.3723554301833568 0.024671052631578948 0.0535966149506347
1 0.8741776315789473 0.344851904090268 0.018092105263157895 0.04090267983074753
1 0.8507401315789473 0.4717912552891396 0.030427631578947366 0.06346967559943582
1 0.8297697368421052 0.5246826516220028 0.03782894736842105 0.07334273624823695
1 0.9189967105263157 0.4696755994358251 0.03207236842105263 0.05641748942172073
1 0.919407894736842 0.32651622002820874 0.019736842105263157 0.0465444287729196
1 0.9383223684210525 0.3511988716502116 0.023026315789473683 0.039492242595204514
1 0.9399671052631579 0.2856135401974612 0.01644736842105263 0.029619181946403384
