1 0.30842105263157893 0.5404984423676013 0.09473684210526316 0.17133956386292834
1 0.2305263157894737 0.4158878504672897 0.07368421052631578 0.10903426791277258
1 0.13473684210526315 0.3598130841121495 0.06315789473684211 0.09657320872274143
1 0.09052631578947368 0.30062305295950154 0.05473684210526315 0.09034267912772585
1 0.053684210526315786 0.24299065420560748 0.04 0.056074766355140186
1 0.14105263157894737 0.2616822429906542 0.03789473684210526 0.056074766355140186
1 0.15894736842105261 0.2757009345794392 0.035789473684210524 0.059190031152647975
1 0.25894736842105265 0.2850467289719626 0.04631578947368421 0.07165109034267912
1 0.4094736842105263 0.3956386292834891 0.056842105263157895 0.09345794392523364
1 0.5663157894736842 0.4485981308411215 0.07578947368421052 0.12461059190031153
1 0.4557894736842105 0.2585669781931464 0.035789473684210524 0.06230529595015576
1 0.44105263157894736 0.22274143302180685 0.031578947368421054 0.04672897196261682
1 0.3894736842105263 0.24766355140186916 0.029473684210526315 0.0529595015576324
1 0.33473684210526317 0.21495327102803738 0.02526315789473684 0.04361370716510903
1 0.6221052631578947 0.19781931464174454 0.023157894736842106 0.04672897196261682
1 0.7094736842105263 0.2102803738317757 0.02526315789473684 0.04672897196261682
1 0.6873684210526315 0.29906542056074764 0.04 0.07476635514018691
1 0.8273684210526315 0.3644859813084112 0.042105263157894736 0.09345794392523364
1 0.9347368421052631 0.32398753894080995 0.05052631578947368 0.09345794392523364
1 0.7978947368421052 0.24922118380062305 0.02526315789473684 0.056074766355140186
1 0.9663157894736842 0.2367601246105919 0.03789473684210526 0.06230529595015576
