1 0.04181818181818182 0.7646341463414634 0.08 0.1975609756097561
1 0.035454545454545454 0.5890243902439024 0.06727272727272728 0.11463414634146342
1 0.05090909090909091 0.47804878048780486 0.05818181818181818 0.09268292682926829
1 0.013636363636363636 0.45365853658536587 0.023636363636363636 0.06341463414634146
1 0.031818181818181815 0.3878048780487805 0.038181818181818185 0.04878048780487805
1 0.02181818181818182 0.3439024390243902 0.03272727272727273 0.03902439024390244
1 0.05272727272727273 0.35121951219512193 0.02909090909090909 0.03902439024390244
1 0.08272727272727273 0.4304878048780488 0.04181818181818182 0.06585365853658537
1 0.11454545454545455 0.4097560975609756 0.03636363636363636 0.058536585365853655
1 0.13090909090909092 0.3524390243902439 0.02909090909090909 0.041463414634146344
1 0.16454545454545455 0.35365853658536583 0.02727272727272727 0.03902439024390244
1 0.19545454545454546 0.3646341463414634 0.023636363636363636 0.041463414634146344
1 0.18727272727272729 0.43658536585365854 0.03636363636363636 0.05365853658536585
1 0.14272727272727273 0.4792682926829268 0.045454545454545456 0.06585365853658537
1 0.1390909090909091 0.6024390243902439 0.06727272727272728 0.1024390243902439
1 0.22090909090909092 0.5548780487804879 0.06363636363636363 0.08536585365853659
1 0.2190909090909091 0.46707317073170734 0.045454545454545456 0.07073170731707316
1 0.26636363636363636 0.41585365853658535 0.04181818181818182 0.05609756097560976
1 0.23545454545454544 0.37073170731707317 0.023636363636363636 0.03902439024390244
1 0.25727272727272726 0.37317073170731707 0.02727272727272727 0.03414634146341464
1 0.26272727272727275 0.3573170731707317 0.02 0.03170731707317073
1 0.28909090909090907 0.3195121951219512 0.01818181818181818 0.03414634146341464
1 0.23454545454545456 0.7195121951219512 0.10181818181818182 0.13658536585365855
1 0.35909090909090907 0.6268292682926829 0.07818181818181819 0.12682926829268293
1 0.3281818181818182 0.55 0.056363636363636366 0.07560975609756097
1 0.33181818181818185 0.4865853658536585 0.04181818181818182 0.06585365853658537
1 0.3509090909090909 0.4524390243902439 0.04 0.046341463414634146
1 0.32545454545454544 0.3853658536585366 0.02181818181818182 0.03902439024390244
1 0.28909090909090907 0.3646341463414634 0.01818181818181818 0.03170731707317073
1 0.31272727272727274 0.33170731707317075 0.01818181818181818 0.024390243902439025
1 0.3418181818181818 0.37682926829268293 0.01818181818181818 0.036585365853658534
1 0.36 0.3524390243902439 0.014545454545454545 0.026829268292682926
1 0.36727272727272725 0.37073170731707317 0.01818181818181818 0.024390243902439025
1 0.37454545454545457 0.3878048780487805 0.014545454545454545 0.029268292682926828
1 0.4118181818181818 0.3878048780487805 0.02727272727272727 0.03902439024390244
1 0.3936363636363636 0.38170731707317074 0.012727272727272728 0.026829268292682926
1 0.39545454545454545 0.35365853658536583 0.02 0.024390243902439025
1 0.4536363636363636 0.3646341463414634 0.016363636363636365 0.02195121951219512
1 0.4390909090909091 0.3926829268292683 0.02 0.03414634146341464
1 0.4727272727272727 0.40487804878048783 0.01818181818181818 0.03414634146341464
1 0.4590909090909091 0.3878048780487805 0.02 0.029268292682926828
1 0.4818181818181818 0.3878048780487805 0.01818181818181818 0.024390243902439025
1 0.4990909090909091 0.36341463414634145 0.02 0.029268292682926828
1 0.5009090909090909 0.4 0.02 0.03414634146341464
1 0.4209090909090909 0.5 0.04181818181818182 0.058536585365853655
1 0.38 0.5158536585365854 0.05090909090909091 0.07073170731707316
1 0.45 0.5695121951219512 0.07090909090909091 0.1048780487804878
1 0.4918181818181818 0.4878048780487805 0.034545454545454546 0.058536585365853655
1 0.5345454545454545 0.42560975609756097 0.02909090909090909 0.046341463414634146
1 0.57 0.4219512195121951 0.023636363636363636 0.03414634146341464
1 0.5890909090909091 0.41585365853658535 0.02181818181818182 0.036585365853658534
1 0.56 0.39390243902439026 0.02181818181818182 0.026829268292682926
1 0.5318181818181819 0.39634146341463417 0.012727272727272728 0.02195121951219512
1 0.5209090909090909 0.4 0.016363636363636365 0.029268292682926828
1 0.5636363636363636 0.5426829268292683 0.07272727272727272 0.11463414634146342
1 0.6845454545454546 0.46463414634146344 0.056363636363636366 0.09024390243902439
1 0.7254545454545455 0.4524390243902439 0.025454545454545455 0.03170731707317073
1 0.74 0.4548780487804878 0.025454545454545455 0.036585365853658534
1 0.7572727272727273 0.4402439024390244 0.02727272727272727 0.041463414634146344
1 0.7163636363636363 0.3621951219512195 0.02181818181818182 0.03170731707317073
1 0.74 0.3670731707317073 0.014545454545454545 0.02195121951219512
1 0.8136363636363636 0.36097560975609755 0.023636363636363636 0.03414634146341464
1 0.88 0.3426829268292683 0.025454545454545455 0.036585365853658534
1 0.7918181818181819 0.42560975609756097 0.02 0.03170731707317073
1 0.7809090909090909 0.44146341463414634 0.016363636363636365 0.03414634146341464
