1 0.9075 0.8571428571428571 0.17500000000000002 0.2857142857142857
1 0.72 0.37593984962406013 0.135 0.22556390977443608
1 0.57625 0.5676691729323308 0.0725 0.13533834586466165
1 0.64125 0.5018796992481203 0.0625 0.11654135338345864
1 0.35625 0.2988721804511278 0.1075 0.21428571428571427
1 0.44625000000000004 0.44548872180451127 0.0525 0.10150375939849623
1 0.5075000000000001 0.3872180451127819 0.035 0.06766917293233082
1 0.56 0.3872180451127819 0.03 0.05263157894736842
1 0.57375 0.3515037593984962 0.0275 0.04887218045112782
1 0.51 0.3308270676691729 0.03 0.06015037593984962
1 0.86875 0.42293233082706766 0.0375 0.06390977443609022
1 0.90625 0.3571428571428571 0.0225 0.045112781954887216
1 0.94375 0.35526315789473684 0.0325 0.05639097744360902
1 0.975 0.37969924812030076 0.03 0.06015037593984962
1 0.9575 0.5507518796992481 0.085 0.20676691729323307
1 0.2625 0.42293233082706766 0.05 0.07142857142857142
1 0.215 0.42293233082706766 0.04 0.07142857142857142
1 0.18375 0.4473684210526315 0.0425 0.06766917293233082
1 0.1825 0.5526315789473684 0.095 0.15037593984962405
1 0.06375 0.7387218045112781 0.1225 0.25187969924812026
1 0.02125 0.43421052631578944 0.0375 0.08646616541353383
1 0.043750000000000004 0.40037593984962405 0.0375 0.05639097744360902
1 0.07125000000000001 0.381578947368421 0.0325 0.05639097744360902
1 0.0975 0.41353383458646614 0.045 0.06766917293233082
1 0.1475 0.37593984962406013 0.045 0.06766917293233082
