1 0.24166666666666667 0.546875 0.11666666666666667 0.1875
1 0.3072916666666667 0.42812500000000003 0.06041666666666667 0.1125
1 0.37916666666666665 0.4703125 0.07916666666666666 0.140625
1 0.48854166666666665 0.721875 0.14791666666666667 0.2625
1 0.5270833333333333 0.521875 0.09583333333333333 0.17500000000000002
1 0.5885416666666666 0.384375 0.04791666666666666 0.1
1 0.628125 0.34218750000000003 0.04375 0.084375
1 0.6520833333333333 0.31875000000000003 0.04583333333333333 0.08750000000000001
1 0.7270833333333333 0.3609375 0.05 0.084375
1 0.7239583333333334 0.465625 0.06458333333333333 0.1125
1 0.8447916666666666 0.4 0.04791666666666666 0.08750000000000001
1 0.9041666666666667 0.42031250000000003 0.058333333333333334 0.109375
1 0.5302083333333333 0.321875 0.04375 0.08125
1 0.5010416666666666 0.3640625 0.05625 0.096875
1 0.46770833333333334 0.325 0.035416666666666666 0.06875
1 0.421875 0.325 0.04375 0.07500000000000001
1 0.328125 0.19687500000000002 0.03125 0.05625
1 0.21041666666666667 0.3671875 0.05416666666666667 0.09062500000000001
1 0.175 0.3484375 0.05416666666666667 0.084375
1 0.13020833333333334 0.26406250000000003 0.035416666666666666 0.046875
1 0.08541666666666667 0.3203125 0.041666666666666664 0.065625
1 0.029166666666666667 0.38906250000000003 0.05416666666666667 0.109375
1 0.05416666666666667 0.8390625 0.1 0.321875
