1 0.305 0.44375000000000003 0.08666666666666667 0.1475
1 0.22916666666666669 0.395 0.045000000000000005 0.07
1 0.17833333333333334 0.43875000000000003 0.06666666666666667 0.1125
1 0.1325 0.3775 0.04166666666666667 0.07
1 0.10750000000000001 0.34625 0.028333333333333335 0.0525
1 0.07583333333333334 0.38625 0.058333333333333334 0.0825
1 0.01916666666666667 0.36375 0.035 0.0825
1 0.07 0.27625 0.02666666666666667 0.0475
1 0.09666666666666668 0.26875 0.02666666666666667 0.0425
1 0.20333333333333334 0.34125 0.030000000000000002 0.0525
1 0.20916666666666667 0.30625 0.021666666666666667 0.0325
1 0.24583333333333335 0.37 0.03833333333333334 0.075
1 0.27083333333333337 0.33875 0.03833333333333334 0.0575
1 0.305 0.32375 0.023333333333333334 0.0425
1 0.3416666666666667 0.35625 0.03666666666666667 0.0575
1 0.3441666666666667 0.32375 0.03166666666666667 0.0475
1 0.35750000000000004 0.315 0.018333333333333333 0.035
1 0.40750000000000003 0.3425 0.03166666666666667 0.055
1 0.4141666666666667 0.31625000000000003 0.018333333333333333 0.0375
1 0.4791666666666667 0.43875000000000003 0.08166666666666667 0.1275
1 0.4516666666666667 0.38125000000000003 0.05333333333333334 0.0775
1 0.4791666666666667 0.32875 0.03166666666666667 0.0475
1 0.5216666666666667 0.35375 0.04666666666666667 0.08750000000000001
1 0.5716666666666667 0.4 0.05666666666666667 0.1
1 0.6066666666666667 0.34125 0.043333333333333335 0.0675
1 0.6708333333333334 0.39125 0.058333333333333334 0.0975
1 0.6766666666666667 0.34 0.043333333333333335 0.06
1 0.63 0.3175 0.02 0.035
1 0.5466666666666667 0.34375 0.02666666666666667 0.0525
1 0.5433333333333333 0.31625000000000003 0.016666666666666666 0.0325
1 0.7058333333333334 0.32 0.018333333333333333 0.035
1 0.7283333333333334 0.31875000000000003 0.023333333333333334 0.0325
1 0.7491666666666668 0.3525 0.03833333333333334 0.065
1 0.7766666666666667 0.34125 0.023333333333333334 0.0525
1 0.8008333333333334 0.35000000000000003 0.035 0.06
1 0.8350000000000001 0.34 0.030000000000000002 0.055
1 0.8675 0.37 0.05166666666666667 0.085
1 0.9133333333333334 0.3525 0.04666666666666667 0.08
1 0.9341666666666667 0.32125 0.025 0.0525
1 0.9891666666666667 0.32375 0.021666666666666667 0.0475
1 0.9591666666666667 0.32375 0.021666666666666667 0.0375
1 0.8675 0.315 0.021666666666666667 0.045
