1 0.17460317460317462 0.48105436573311366 0.03361344537815126 0.06260296540362438
1 0.2530345471521942 0.26688632619439867 0.013071895424836602 0.032948929159802305
1 0.27077497665732964 0.27677100494233936 0.014939309056956116 0.029654036243822075
1 0.29551820728291317 0.26194398682042835 0.017740429505135387 0.032948929159802305
1 0.34733893557422973 0.2990115321252059 0.01680672268907563 0.03130148270181219
1 0.3506069094304389 0.26359143327841844 0.015873015873015872 0.036243822075782535
1 0.3057889822595705 0.23311367380560133 0.015873015873015872 0.02800658978583196
1 0.33099906629318393 0.22240527182866557 0.014005602240896359 0.032948929159802305
1 0.3524743230625584 0.2273476112026359 0.014005602240896359 0.023064250411861616
1 0.380952380952381 0.22405271828665568 0.013071895424836602 0.023064250411861616
1 0.3944911297852475 0.26359143327841844 0.017740429505135387 0.03953871499176277
1 0.3776844070961718 0.19439868204283361 0.01027077497665733 0.023064250411861616
1 0.38982259570494865 0.18698517298187808 0.01027077497665733 0.03130148270181219
1 0.4150326797385621 0.1828665568369028 0.012138188608776844 0.029654036243822075
1 0.44257703081232497 0.1828665568369028 0.011204481792717087 0.023064250411861616
1 0.453781512605042 0.2182866556836903 0.01680672268907563 0.03789126853377265
1 0.47945845004668536 0.2298187808896211 0.015873015873015872 0.03459637561779242
1 0.5060690943043884 0.18945634266886327 0.014939309056956116 0.032948929159802305
1 0.4785247432306256 0.19769357495881384 0.015873015873015872 0.029654036243822075
1 0.4729225023342671 0.1655683690280066 0.012138188608776844 0.02471169686985173
1 0.44724556489262374 0.14744645799011533 0.011204481792717087 0.0214168039538715
1 0.4789915966386555 0.1416803953871499 0.011204481792717087 0.023064250411861616
1 0.511671335200747 0.16309719934102143 0.013071895424836602 0.019769357495881386
1 0.5410830999066294 0.1902800658978583 0.014005602240896359 0.03459637561779242
1 0.5513538748832867 0.16639209225700166 0.01027077497665733 0.029654036243822075
1 0.580765639589169 0.16886326194398682 0.013071895424836602 0.02800658978583196
1 0.5630252100840336 0.12273476112026359 0.013071895424836602 0.02800658978583196
1 0.6064425770308124 0.1598023064250412 0.012138188608776844 0.026359143327841845
1 0.6283846872082166 0.13920922570016475 0.014939309056956116 0.02471169686985173
1 0.6414565826330533 0.11779242174629324 0.011204481792717087 0.02800658978583196
1 0.6783380018674137 0.12520593080724876 0.01027077497665733 0.026359143327841845
1 0.6097105508870215 0.11779242174629324 0.009337068160597572 0.018121911037891267
1 0.5718954248366014 0.1457990115321252 0.012138188608776844 0.018121911037891267
1 0.5224089635854342 0.29736408566721584 0.021475256769374416 0.04118616144975289
1 0.5620915032679739 0.2957166392092257 0.022408963585434174 0.051070840197693576
1 0.61531279178338 0.31219110378912684 0.022408963585434174 0.057660626029654036
1 0.6050420168067228 0.2602965403624382 0.02054154995331466 0.04612850082372323
1 0.5756302521008404 0.2273476112026359 0.021475256769374416 0.04612850082372323
1 0.6218487394957983 0.2158154859967051 0.01680672268907563 0.036243822075782535
1 0.665732959850607 0.21911037891268534 0.014939309056956116 0.036243822075782535
1 0.6764705882352942 0.26194398682042835 0.0196078431372549 0.04942339373970346
1 0.7035480859010271 0.26935749588138386 0.0196078431372549 0.047775947281713346
1 0.6713352007469655 0.1902800658978583 0.013071895424836602 0.02800658978583196
1 0.6984126984126985 0.18945634266886327 0.01680672268907563 0.036243822075782535
1 0.6876750700280112 0.1581548599670511 0.012138188608776844 0.029654036243822075
1 0.7007469654528479 0.1457990115321252 0.012138188608776844 0.02800658978583196
1 0.7180205415499533 0.1655683690280066 0.014939309056956116 0.03130148270181219
1 0.7264239028944912 0.13756177924217464 0.011204481792717087 0.02471169686985173
1 0.7390289449112979 0.1326194398682043 0.014005602240896359 0.03130148270181219
1 0.7605042016806723 0.128500823723229 0.012138188608776844 0.029654036243822075
1 0.7586367880485528 0.16886326194398682 0.014005602240896359 0.02800658978583196
1 0.7726423902894491 0.16227347611202636 0.014005602240896359 0.03130148270181219
1 0.727357609710551 0.2026359143327842 0.014939309056956116 0.029654036243822075
1 0.7105508870214753 0.2199341021416804 0.01680672268907563 0.03789126853377265
1 0.76937441643324 0.2273476112026359 0.018674136321195144 0.04942339373970346
1 0.7623716153127919 0.285831960461285 0.025210084033613446 0.047775947281713346
1 0.838468720821662 0.2833607907742998 0.02054154995331466 0.05601317957166392
1 0.9169000933706817 0.2504118616144975 0.018674136321195144 0.05271828665568369
1 0.8856209150326798 0.21663920922570018 0.015873015873015872 0.03459637561779242
1 0.8837535014005603 0.17545304777594728 0.01027077497665733 0.02471169686985173
1 0.8884220354808591 0.16062602965403625 0.012138188608776844 0.03130148270181219
1 0.8333333333333334 0.2273476112026359 0.014005602240896359 0.036243822075782535
1 0.8417366946778712 0.1927512355848435 0.015873015873015872 0.032948929159802305
1 0.850140056022409 0.1696869851729819 0.014005602240896359 0.032948929159802305
1 0.827264239028945 0.15321252059308071 0.013071895424836602 0.023064250411861616
1 0.8020541549953315 0.1655683690280066 0.014939309056956116 0.03789126853377265
