1 0.18607954545454547 0.3422818791946309 0.04450757575757576 0.08053691275167785
1 0.3006628787878788 0.24412751677852348 0.029356060606060608 0.05536912751677852
1 0.3759469696969697 0.21476510067114093 0.01893939393939394 0.03355704697986577
1 0.3783143939393939 0.18540268456375839 0.017992424242424244 0.03523489932885906
1 0.421875 0.1929530201342282 0.021780303030303032 0.040268456375838924
1 0.41240530303030304 0.22483221476510068 0.017992424242424244 0.03691275167785235
1 0.3868371212121212 0.276006711409396 0.027462121212121212 0.03859060402684564
1 0.440814393939394 0.24664429530201343 0.021780303030303032 0.03355704697986577
1 0.47774621212121215 0.23070469798657717 0.019886363636363636 0.04194630872483222
1 0.44460227272727276 0.1837248322147651 0.016098484848484848 0.025167785234899327
1 0.4744318181818182 0.16778523489932887 0.017045454545454544 0.03355704697986577
1 0.5127840909090909 0.200503355704698 0.021780303030303032 0.04530201342281879
1 0.5331439393939394 0.2046979865771812 0.020833333333333336 0.040268456375838924
1 0.5639204545454546 0.07802013422818792 0.01231060606060606 0.025167785234899327
1 0.5724431818181819 0.13842281879194632 0.01231060606060606 0.025167785234899327
1 0.6003787878787878 0.25167785234899326 0.020833333333333336 0.050335570469798654
1 0.6278409090909091 0.2600671140939597 0.026515151515151516 0.053691275167785234
1 0.609375 0.31208053691275167 0.03503787878787879 0.06375838926174497
1 0.6671401515151515 0.1669463087248322 0.019886363636363636 0.04865771812080537
1 0.7012310606060607 0.20553691275167785 0.017992424242424244 0.03859060402684564
1 0.7017045454545455 0.17281879194630873 0.015151515151515152 0.03355704697986577
1 0.7305871212121212 0.18288590604026844 0.016098484848484848 0.03691275167785235
1 0.7410037878787878 0.15520134228187918 0.01231060606060606 0.028523489932885907
1 0.7580492424242424 0.174496644295302 0.014204545454545456 0.03355704697986577
1 0.7760416666666667 0.1568791946308725 0.014204545454545456 0.03523489932885906
1 0.7926136363636364 0.17197986577181207 0.015151515151515152 0.031879194630872486
1 0.7722537878787878 0.19714765100671142 0.014204545454545456 0.03523489932885906
1 0.7452651515151515 0.2105704697986577 0.017045454545454544 0.04194630872483222
1 0.7897727272727273 0.2273489932885906 0.01893939393939394 0.04194630872483222
1 0.7234848484848485 0.2919463087248322 0.026515151515151516 0.060402684563758385
1 0.8196022727272727 0.28187919463087246 0.021780303030303032 0.053691275167785234
1 0.8664772727272727 0.2936241610738255 0.020833333333333336 0.05704697986577181
1 0.9038825757575758 0.29446308724832215 0.019886363636363636 0.04530201342281879
1 0.9043560606060607 0.22315436241610737 0.017045454545454544 0.0436241610738255
1 0.9294507575757576 0.24412751677852348 0.01231060606060606 0.04194630872483222
1 0.9332386363636364 0.22483221476510068 0.014204545454545456 0.03691275167785235
