1 0.11946532999164577 0.5143266475644699 0.040100250626566414 0.07449856733524356
1 0.21010860484544694 0.32664756446991405 0.017543859649122806 0.03151862464183381
1 0.23725981620718462 0.34957020057306587 0.018379281537176273 0.040114613180515755
1 0.26399331662489556 0.37249283667621774 0.020050125313283207 0.03724928366762178
1 0.2677527151211362 0.2987106017191977 0.015873015873015872 0.03008595988538682
1 0.3020050125313283 0.3173352435530086 0.017543859649122806 0.027220630372492834
1 0.316624895572264 0.35028653295128936 0.018379281537176273 0.0329512893982808
1 0.33542188805346695 0.32091690544412604 0.017543859649122806 0.03151862464183381
1 0.3370927318295739 0.2843839541547278 0.017543859649122806 0.03008595988538682
1 0.3629908103592314 0.335243553008596 0.01921470342522974 0.034383954154727794
1 0.39264828738512947 0.31948424068767906 0.020050125313283207 0.034383954154727794
1 0.38972431077694236 0.28724928366762176 0.017543859649122806 0.0329512893982808
1 0.37468671679197996 0.2507163323782235 0.014202172096908938 0.025787965616045846
1 0.410609857978279 0.248567335243553 0.012531328320802004 0.024355300859598854
1 0.42898913951545525 0.25 0.014202172096908938 0.024355300859598854
1 0.43609022556390975 0.3302292263610315 0.02172096908939014 0.03581661891117478
1 0.41604010025062654 0.3044412607449857 0.01670843776106934 0.03008595988538682
1 0.4569757727652464 0.2951289398280802 0.015037593984962405 0.022922636103151862
1 0.4644945697577276 0.2507163323782235 0.015037593984962405 0.022922636103151862
1 0.4527986633249791 0.2313753581661891 0.011695906432748537 0.02148997134670487
1 0.4557226399331662 0.22277936962750716 0.012531328320802004 0.01862464183381089
1 0.49456975772765244 0.2521489971346705 0.015037593984962405 0.025787965616045846
1 0.49958228905597324 0.23782234957020057 0.013366750208855471 0.020057306590257878
1 0.5442773600668337 0.2134670487106017 0.012531328320802004 0.022922636103151862
1 0.5588972431077694 0.20702005730659026 0.015037593984962405 0.02148997134670487
1 0.5300751879699248 0.25859598853868193 0.015873015873015872 0.03008595988538682
1 0.5446950710108605 0.2714899713467049 0.01670843776106934 0.03008595988538682
1 0.5647451963241437 0.25501432664756446 0.015037593984962405 0.028653295128939826
1 0.5889724310776943 0.23782234957020057 0.013366750208855471 0.025787965616045846
1 0.5906432748538011 0.20845272206303725 0.013366750208855471 0.024355300859598854
1 0.5960735171261486 0.19627507163323782 0.012531328320802004 0.022922636103151862
1 0.6161236424394319 0.20128939828080228 0.012531328320802004 0.024355300859598854
1 0.6274018379281536 0.21275071633237821 0.011695906432748537 0.024355300859598854
1 0.6257309941520468 0.2299426934097421 0.011695906432748537 0.024355300859598854
1 0.6612364243943191 0.1977077363896848 0.012531328320802004 0.022922636103151862
1 0.6633249791144528 0.21776504297994267 0.011695906432748537 0.022922636103151862
1 0.6733500417710944 0.21203438395415472 0.011695906432748537 0.022922636103151862
1 0.4878863826232247 0.3166189111747851 0.01670843776106934 0.03151862464183381
1 0.4653299916457811 0.38968481375358166 0.02506265664160401 0.04871060171919771
1 0.5334168755221387 0.40114613180515757 0.025898078529657476 0.045845272206303724
1 0.5258980785296574 0.3445558739255014 0.022556390977443608 0.03868194842406877
1 0.5722639933166249 0.4455587392550143 0.031746031746031744 0.0659025787965616
1 0.6244778613199665 0.45558739255014324 0.03258145363408521 0.0659025787965616
1 0.6056808688387636 0.3488538681948424 0.020050125313283207 0.03868194842406877
1 0.5889724310776943 0.3151862464183381 0.018379281537176273 0.034383954154727794
1 0.6223893065998329 0.29083094555873923 0.01670843776106934 0.028653295128939826
1 0.6445279866332497 0.3488538681948424 0.022556390977443608 0.04154727793696275
1 0.6616541353383458 0.2621776504297994 0.015037593984962405 0.028653295128939826
1 0.6658312447786132 0.2994269340974212 0.02172096908939014 0.040114613180515755
1 0.6954887218045113 0.2356733524355301 0.014202172096908938 0.0329512893982808
1 0.694235588972431 0.2843839541547278 0.018379281537176273 0.0329512893982808
1 0.6829573934837092 0.3445558739255014 0.022556390977443608 0.050143266475644696
1 0.7138680033416875 0.3861031518624642 0.02756892230576441 0.04727793696275071
1 0.6908939014202171 0.5279369627507163 0.03341687552213868 0.06446991404011461
1 0.794486215538847 0.5530085959885387 0.031746031746031744 0.07163323782234957
1 0.8329156223893066 0.4577363896848137 0.028404344193817876 0.055873925501432664
1 0.7777777777777777 0.407593123209169 0.026733500417710943 0.044412607449856735
1 0.9193817878028404 0.45702005730659023 0.02756892230576441 0.05444126074498567
1 0.8441938178780284 0.4004297994269341 0.022556390977443608 0.044412607449856735
1 0.9256474519632414 0.39040114613180515 0.020050125313283207 0.03868194842406877
1 0.9118629908103592 0.31017191977077363 0.015873015873015872 0.03008595988538682
1 0.9289891395154553 0.29727793696275073 0.01670843776106934 0.03008595988538682
1 0.9285714285714285 0.2600286532951289 0.012531328320802004 0.027220630372492834
1 0.8897243107769424 0.26647564469914037 0.015037593984962405 0.03151862464183381
1 0.8830409356725146 0.30515759312320917 0.013366750208855471 0.034383954154727794
1 0.8654970760233918 0.32449856733524357 0.01670843776106934 0.03581661891117478
1 0.8395989974937343 0.2994269340974212 0.015037593984962405 0.03151862464183381
1 0.8475355054302423 0.2600286532951289 0.017543859649122806 0.0329512893982808
1 0.873015873015873 0.24426934097421202 0.011695906432748537 0.024355300859598854
1 0.8375104427736006 0.2449856733524355 0.014202172096908938 0.022922636103151862
1 0.808688387635756 0.2600286532951289 0.013366750208855471 0.024355300859598854
1 0.8015873015873015 0.22851002865329512 0.012531328320802004 0.027220630372492834
1 0.7865497076023391 0.2843839541547278 0.020885547201336674 0.03581661891117478
1 0.7685881370091896 0.27650429799426934 0.018379281537176273 0.03724928366762178
1 0.7769423558897243 0.2521489971346705 0.013366750208855471 0.028653295128939826
1 0.772765246449457 0.22636103151862463 0.015037593984962405 0.028653295128939826
1 0.7284878863826232 0.24426934097421202 0.013366750208855471 0.0329512893982808
1 0.7276524644945697 0.22779369627507162 0.013366750208855471 0.022922636103151862
1 0.7372598162071846 0.22564469914040114 0.01086048454469507 0.024355300859598854
1 0.802422723475355 0.3488538681948424 0.01921470342522974 0.03581661891117478
1 0.8032581453634084 0.32593123209169056 0.017543859649122806 0.027220630372492834
