1 0.19646271510516253 0.4573378839590444 0.04110898661567877 0.06484641638225257
1 0.2958891013384321 0.22696245733788395 0.020076481835564052 0.030716723549488054
1 0.3097514340344168 0.24573378839590443 0.019120458891013385 0.040955631399317405
1 0.3274378585086042 0.2380546075085324 0.018164435946462713 0.03583617747440273
1 0.33078393881453155 0.1945392491467577 0.015296367112810707 0.034129692832764506
1 0.3417782026768642 0.197098976109215 0.018164435946462713 0.03924914675767918
1 0.3652007648183556 0.1962457337883959 0.019120458891013385 0.034129692832764506
1 0.3565965583173996 0.22610921501706485 0.021032504780114723 0.03924914675767918
1 0.375717017208413 0.2832764505119454 0.021032504780114723 0.040955631399317405
1 0.4392925430210325 0.24658703071672355 0.020076481835564052 0.03583617747440273
1 0.390057361376673 0.20819112627986347 0.019120458891013385 0.034129692832764506
1 0.4130019120458891 0.18686006825938567 0.017208413001912046 0.02901023890784983
1 0.41778202676864246 0.15784982935153583 0.015296367112810707 0.03242320819112628
1 0.43738049713193117 0.17406143344709898 0.018164435946462713 0.034129692832764506
1 0.4483747609942638 0.15358361774744028 0.015296367112810707 0.027303754266211604
1 0.47370936902485655 0.1697952218430034 0.016252390057361375 0.03242320819112628
1 0.48279158699808794 0.14590443686006827 0.013384321223709368 0.02901023890784983
1 0.4909177820267686 0.1356655290102389 0.016252390057361375 0.025597269624573378
1 0.5095602294455067 0.12286689419795221 0.01147227533460803 0.027303754266211604
1 0.5305927342256214 0.1220136518771331 0.013384321223709368 0.025597269624573378
1 0.5454110898661567 0.12969283276450513 0.014340344168260038 0.027303754266211604
1 0.5090822179732314 0.1407849829351536 0.016252390057361375 0.02901023890784983
1 0.5239005736137667 0.14505119453924914 0.015296367112810707 0.027303754266211604
1 0.5597514340344169 0.1612627986348123 0.016252390057361375 0.03242320819112628
1 0.5836520076481836 0.16894197952218432 0.016252390057361375 0.034129692832764506
1 0.5846080305927343 0.12627986348122866 0.014340344168260038 0.023890784982935155
1 0.5860420650095602 0.11774744027303755 0.01147227533460803 0.023890784982935155
1 0.6123326959847036 0.12116040955631399 0.012428298279158699 0.030716723549488054
1 0.6180688336520076 0.15699658703071673 0.014340344168260038 0.034129692832764506
1 0.6515296367112811 0.13822525597269625 0.014340344168260038 0.027303754266211604
1 0.6630019120458891 0.11774744027303755 0.012428298279158699 0.023890784982935155
1 0.6720841300191205 0.10068259385665529 0.009560229445506692 0.027303754266211604
1 0.6921606118546845 0.10494880546075086 0.01147227533460803 0.025597269624573378
1 0.7088910133843211 0.1075085324232082 0.014340344168260038 0.027303754266211604
1 0.5559273422562141 0.19539249146757678 0.020076481835564052 0.03924914675767918
1 0.5066921606118546 0.19283276450511946 0.017208413001912046 0.030716723549488054
1 0.4804015296367113 0.2286689419795222 0.020076481835564052 0.04436860068259386
1 0.4282982791586998 0.21160409556313994 0.019120458891013385 0.027303754266211604
1 0.4445506692160612 0.2150170648464164 0.017208413001912046 0.030716723549488054
1 0.5090822179732314 0.2858361774744027 0.02198852772466539 0.052901023890784986
1 0.5449330783938814 0.29180887372013653 0.026768642447418736 0.05802047781569966
1 0.5697896749521988 0.25597269624573377 0.02294455066921606 0.04436860068259386
1 0.6295411089866156 0.25170648464163825 0.018164435946462713 0.04948805460750853
1 0.6347992351816444 0.21075085324232082 0.017208413001912046 0.03583617747440273
1 0.6840344168260039 0.18686006825938567 0.020076481835564052 0.03583617747440273
1 0.7021988527724665 0.1561433447098976 0.014340344168260038 0.03242320819112628
1 0.7294455066921606 0.1493174061433447 0.015296367112810707 0.03583617747440273
1 0.7648183556405354 0.13310580204778158 0.015296367112810707 0.030716723549488054
1 0.7872848948374761 0.13651877133105803 0.016252390057361375 0.027303754266211604
1 0.7858508604206501 0.15955631399317408 0.019120458891013385 0.03242320819112628
1 0.8116634799235182 0.1552901023890785 0.019120458891013385 0.03754266211604096
1 0.7562141491395793 0.1757679180887372 0.015296367112810707 0.03754266211604096
1 0.7456978967495219 0.2022184300341297 0.017208413001912046 0.03242320819112628
1 0.7069789674952198 0.1962457337883959 0.020076481835564052 0.040955631399317405
1 0.7170172084130019 0.23122866894197952 0.017208413001912046 0.03924914675767918
1 0.6782982791586998 0.27047781569965873 0.02390057361376673 0.04607508532423208
1 0.7265774378585086 0.2841296928327645 0.024856596558317397 0.04948805460750853
1 0.6634799235181644 0.3643344709897611 0.03441682600382409 0.059726962457337884
1 0.5956022944550668 0.34726962457337884 0.026768642447418736 0.06313993174061433
1 0.748565965583174 0.39334470989761094 0.026768642447418736 0.059726962457337884
1 0.7868068833652008 0.3165529010238908 0.021032504780114723 0.04948805460750853
1 0.7705544933078393 0.24573378839590443 0.021032504780114723 0.04436860068259386
1 0.8068833652007648 0.2508532423208191 0.017208413001912046 0.040955631399317405
1 0.8078393881453154 0.20392491467576793 0.015296367112810707 0.03924914675767918
1 0.880019120458891 0.22440273037542663 0.016252390057361375 0.03583617747440273
1 0.9273422562141491 0.23976109215017066 0.015296367112810707 0.03583617747440273
1 0.865678776290631 0.2815699658703072 0.02198852772466539 0.04778156996587031
1 0.8384321223709369 0.31911262798634815 0.021032504780114723 0.051194539249146756
1 0.8212237093690248 0.4044368600682594 0.028680688336520075 0.06143344709897611
1 0.8570745697896749 0.3976109215017065 0.029636711281070746 0.07167235494880546
1 0.9125239005736138 0.3412969283276451 0.02390057361376673 0.06825938566552901
1 0.9273422562141491 0.2986348122866894 0.02294455066921606 0.04436860068259386
1 0.6252390057361377 0.12969283276450513 0.015296367112810707 0.027303754266211604
