1 0.052500000000000005 0.5175 0.08166666666666667 0.135
1 0.02416666666666667 0.40875 0.045000000000000005 0.0725
1 0.0625 0.4275 0.04166666666666667 0.07
1 0.17083333333333334 0.41125 0.045000000000000005 0.0675
1 0.17250000000000001 0.505 0.05166666666666667 0.07
1 0.265 0.5175 0.05666666666666667 0.095
1 0.26416666666666666 0.4275 0.035 0.05
1 0.28583333333333333 0.4375 0.035 0.055
1 0.32 0.485 0.03333333333333333 0.055
1 0.3516666666666667 0.47750000000000004 0.04666666666666667 0.08
1 0.375 0.44625000000000004 0.030000000000000002 0.0475
1 0.4591666666666667 0.4275 0.03833333333333334 0.055
1 0.465 0.28875 0.023333333333333334 0.0375
1 0.40166666666666667 0.8075 0.14666666666666667 0.23
1 0.5816666666666667 0.63 0.11333333333333334 0.165
1 0.7266666666666667 0.5775 0.07666666666666667 0.11
1 0.8033333333333333 0.4575 0.05 0.08
1 0.8858333333333334 0.48375 0.04166666666666667 0.0725
1 0.8675 0.55875 0.06166666666666667 0.0925
1 0.9016666666666667 0.63 0.09333333333333334 0.135
1 0.7883333333333333 0.765 0.11 0.155
