1 0.42257462686567165 0.22632423756019263 0.018656716417910446 0.03531300160513644
1 0.5111940298507462 0.17897271268057785 0.024253731343283583 0.04654895666131621
1 0.6352611940298507 0.1420545746388443 0.013059701492537313 0.02728731942215088
1 0.6557835820895522 0.1476725521669342 0.014925373134328358 0.025682182985553772
1 0.6637126865671642 0.12520064205457465 0.013992537313432836 0.02247191011235955
1 0.7709888059701493 0.14285714285714285 0.012126865671641791 0.025682182985553772
1 0.7807835820895522 0.15569823434991975 0.011194029850746268 0.025682182985553772
1 0.8442164179104478 0.25441412520064205 0.018656716417910446 0.04012841091492777
1 0.9034514925373134 0.2520064205457464 0.01585820895522388 0.03531300160513644
1 0.9356343283582089 0.25762439807383625 0.016791044776119403 0.03691813804173355
1 0.909981343283582 0.22632423756019263 0.012126865671641791 0.025682182985553772
