1 0.10250000000000001 0.405 0.05 0.07666666666666667
1 0.26875 0.54 0.1075 0.16
1 0.335 0.42000000000000004 0.06 0.08666666666666667
1 0.2775 0.35000000000000003 0.05 0.08
1 0.41250000000000003 0.33333333333333337 0.04 0.06666666666666667
1 0.45125 0.36500000000000005 0.0475 0.07
1 0.52 0.42500000000000004 0.075 0.09666666666666668
1 0.50625 0.305 0.0275 0.05666666666666667
1 0.64125 0.3166666666666667 0.0375 0.060000000000000005
1 0.67125 0.3766666666666667 0.0425 0.07333333333333333
1 0.74375 0.34 0.0425 0.06666666666666667
1 0.7775 0.3166666666666667 0.03 0.04
1 0.7175 0.6083333333333334 0.135 0.18333333333333335
1 0.8775000000000001 0.4466666666666667 0.075 0.12666666666666668
1 0.89375 0.395 0.0575 0.08333333333333334
