1 0.30966767371601206 0.2586805555555555 0.03323262839879154 0.05208333333333333
1 0.41540785498489424 0.234375 0.019133937562940583 0.034722222222222224
1 0.45417925478348437 0.2421875 0.02014098690835851 0.03993055555555555
1 0.5689828801611279 0.2065972222222222 0.01812688821752266 0.034722222222222224
1 0.5715005035246727 0.1796875 0.017119838872104734 0.026041666666666664
1 0.6289023162134945 0.2725694444444444 0.019133937562940583 0.04513888888888889
1 0.6319234642497482 0.23177083333333331 0.019133937562940583 0.03645833333333333
1 0.6873111782477341 0.23871527777777776 0.021148036253776436 0.03993055555555555
1 0.6802618328298087 0.19010416666666666 0.017119838872104734 0.03298611111111111
1 0.9486404833836858 0.2534722222222222 0.02014098690835851 0.03819444444444444
