1 0.26091954022988506 0.3089368258859784 0.14482758620689656 0.22650231124807396
1 0.11379310344827587 0.3428351309707242 0.11494252873563218 0.17719568567026195
1 0.45632183908045976 0.39984591679506937 0.08045977011494253 0.11556240369799692
1 0.4729885057471264 0.3667180277349769 0.054022988505747126 0.08320493066255778
1 0.5091954022988505 0.4291217257318952 0.04827586206896552 0.07550077041602465
1 0.5885057471264368 0.37057010785824346 0.08045977011494253 0.10323574730354391
1 0.7706896551724138 0.41602465331278893 0.04252873563218391 0.07087827426810478
1 0.8413793103448276 0.4090909090909091 0.059770114942528735 0.060092449922958396
1 0.8850574712643678 0.41602465331278893 0.041379310344827586 0.058551617873651776
1 0.8994252873563219 0.37904468412942993 0.035632183908045977 0.04930662557781202
1 0.7413793103448276 0.43682588597842836 0.0367816091954023 0.05701078582434515
