1 0.06791171477079797 0.597165991902834 0.11318619128466327 0.2145748987854251
1 0.08545557441992077 0.4660931174089069 0.0588568194680249 0.09615384615384616
1 0.05744199207696661 0.43876518218623484 0.04810413129598189 0.09615384615384616
1 0.13695529145444257 0.4200404858299595 0.049801924165251844 0.11336032388663968
1 0.18109790605546125 0.4144736842105263 0.05772495755517827 0.09412955465587045
1 0.2693831352574986 0.5323886639676113 0.07470288624787776 0.15789473684210525
1 0.32116581777023206 0.520242914979757 0.09903791737408037 0.20242914979757085
1 0.3958687040181098 0.548582995951417 0.07753254102999435 0.15182186234817813
1 0.25495189586870404 0.402834008097166 0.06055461233729485 0.11133603238866396
1 0.28098471986417656 0.27631578947368424 0.041312959818902095 0.0728744939271255
1 0.41850594227504245 0.3081983805668016 0.035653650254668934 0.06376518218623482
1 0.47057159026598755 0.2651821862348178 0.031126202603282402 0.06072874493927126
1 0.5311262026032825 0.402834008097166 0.052631578947368425 0.10121457489878542
1 0.599320882852292 0.3992914979757085 0.04527447651386531 0.09615384615384616
1 0.5981890209394454 0.35374493927125505 0.021505376344086023 0.04149797570850203
1 0.7034521788341823 0.4048582995951417 0.05998868138087154 0.11740890688259109
1 0.7750424448217318 0.3901821862348178 0.04923599320882852 0.09412955465587045
1 0.799660441426146 0.37955465587044535 0.038483305036785515 0.09109311740890688
1 0.8443689869835881 0.3729757085020243 0.03395585738539898 0.08805668016194332
1 0.8777589134125637 0.3785425101214575 0.04074702886247878 0.08906882591093118
1 0.9173740803621958 0.37044534412955465 0.04640633842671194 0.08097165991902834
1 0.980192416525184 0.3466599190283401 0.03395585738539898 0.06781376518218624
1 0.9301075268817205 0.3390688259109312 0.035653650254668934 0.058704453441295545
