1 0.27156862745098037 0.30597014925373134 0.023529411764705882 0.05804311774461028
1 0.20490196078431372 0.5033167495854063 0.041176470588235294 0.06467661691542288
1 0.4343137254901961 0.269485903814262 0.0196078431372549 0.03482587064676617
1 0.4294117647058823 0.21227197346600332 0.01764705882352941 0.03316749585406302
1 0.46078431372549017 0.2330016583747927 0.021568627450980392 0.03150912106135987
1 0.49313725490196075 0.30597014925373134 0.023529411764705882 0.03814262023217247
1 0.5529411764705883 0.35572139303482586 0.0196078431372549 0.04809286898839138
1 0.734313725490196 0.13266998341625208 0.01764705882352941 0.03648424543946932
1 0.7676470588235293 0.1417910447761194 0.01568627450980392 0.03150912106135987
1 0.9044117647058824 0.21393034825870647 0.022549019607843137 0.04311774461028192
