1 0.045112781954887216 0.43427620632279534 0.02819548872180451 0.059900166389351084
1 0.26033834586466165 0.26955074875207985 0.018796992481203006 0.029950083194675542
1 0.274906015037594 0.2670549084858569 0.017857142857142856 0.03826955074875208
1 0.3157894736842105 0.24459234608985025 0.018796992481203006 0.04326123128119801
1 0.33176691729323304 0.21963394342762063 0.018796992481203006 0.036605657237936774
1 0.337406015037594 0.2512479201331115 0.020676691729323307 0.036605657237936774
1 0.36372180451127817 0.2870216306156406 0.020676691729323307 0.04159733777038269
1 0.3890977443609022 0.2911813643926789 0.022556390977443608 0.04658901830282862
1 0.35432330827067665 0.25707154742096505 0.016917293233082706 0.03161397670549085
1 0.3594924812030075 0.2237936772046589 0.021616541353383457 0.04159733777038269
1 0.3839285714285714 0.18552412645590682 0.017857142857142856 0.03494176372712147
1 0.3970864661654135 0.2146422628951747 0.017857142857142856 0.033277870216306155
1 0.4083646616541353 0.17803660565723795 0.015977443609022556 0.033277870216306155
1 0.4196428571428571 0.1988352745424293 0.015977443609022556 0.04159733777038269
1 0.4412593984962406 0.19550748752079866 0.017857142857142856 0.03826955074875208
1 0.4548872180451128 0.2221297836938436 0.022556390977443608 0.03826955074875208
1 0.4722744360902255 0.23211314475873546 0.02537593984962406 0.04492512479201331
1 0.47603383458646614 0.19550748752079866 0.021616541353383457 0.03826955074875208
1 0.4605263157894737 0.14891846921797006 0.018796992481203006 0.021630615640599003
1 0.4755639097744361 0.16638935108153077 0.018796992481203006 0.029950083194675542
1 0.5159774436090225 0.18718801996672213 0.018796992481203006 0.03494176372712147
1 0.5319548872180451 0.21547420965058237 0.020676691729323307 0.04492512479201331
1 0.5032894736842105 0.13227953410981697 0.012218045112781954 0.02495840266222962
1 0.5512218045112781 0.15391014975041598 0.015977443609022556 0.03161397670549085
1 0.5784774436090225 0.21880199667221298 0.019736842105263157 0.04492512479201331
1 0.5009398496240601 0.2945091514143095 0.02631578947368421 0.056572379367720464
1 0.5770676691729323 0.29534109816971715 0.03007518796992481 0.064891846921797
1 0.569078947368421 0.12479201331114809 0.014097744360902255 0.026622296173044926
1 0.5874060150375939 0.12479201331114809 0.013157894736842105 0.033277870216306155
1 0.5845864661654135 0.1638935108153078 0.016917293233082706 0.03161397670549085
1 0.600093984962406 0.14309484193011648 0.015977443609022556 0.026622296173044926
1 0.6184210526315789 0.1447587354409318 0.013157894736842105 0.026622296173044926
1 0.6165413533834586 0.11647254575707155 0.011278195488721804 0.026622296173044926
1 0.6494360902255639 0.12146422628951747 0.013157894736842105 0.02329450915141431
1 0.6447368421052632 0.14392678868552414 0.015037593984962405 0.02495840266222962
1 0.6132518796992481 0.1988352745424293 0.017857142857142856 0.03161397670549085
1 0.6569548872180451 0.17970049916805325 0.016917293233082706 0.033277870216306155
1 0.6701127819548872 0.19800332778702165 0.020676691729323307 0.036605657237936774
1 0.6738721804511277 0.15307820299500832 0.015037593984962405 0.029950083194675542
1 0.681390977443609 0.1264559068219634 0.015037593984962405 0.033277870216306155
1 0.6917293233082706 0.14725457570715475 0.016917293233082706 0.03161397670549085
1 0.7208646616541353 0.16638935108153077 0.016917293233082706 0.036605657237936774
1 0.7095864661654135 0.15307820299500832 0.011278195488721804 0.026622296173044926
1 0.6997180451127819 0.1821963394342762 0.017857142857142856 0.03826955074875208
1 0.6264097744360901 0.24292845257903495 0.02913533834586466 0.05324459234608985
1 0.612781954887218 0.3011647254575707 0.03195488721804511 0.0632279534109817
1 0.6616541353383458 0.28119800332778705 0.02443609022556391 0.05324459234608985
1 0.7048872180451128 0.28868552412645593 0.02631578947368421 0.05823627287853578
1 0.725093984962406 0.22628951747088186 0.021616541353383457 0.04326123128119801
1 0.7354323308270676 0.1988352745424293 0.017857142857142856 0.03494176372712147
1 0.7429511278195489 0.1156405990016639 0.015977443609022556 0.03161397670549085
1 0.7556390977443609 0.13560732113144758 0.016917293233082706 0.03494176372712147
1 0.7697368421052632 0.12895174708818635 0.013157894736842105 0.03161397670549085
1 0.781484962406015 0.14309484193011648 0.015977443609022556 0.026622296173044926
1 0.7800751879699248 0.17138103161397672 0.018796992481203006 0.036605657237936774
1 0.7664473684210525 0.16722129783693843 0.014097744360902255 0.03161397670549085
1 0.7678571428571428 0.20465890183028287 0.020676691729323307 0.04326123128119801
1 0.7579887218045113 0.240432612312812 0.023496240601503758 0.051580698835274545
1 0.7702067669172932 0.2803660565723794 0.02725563909774436 0.05823627287853578
1 0.8280075187969924 0.20881863560732114 0.022556390977443608 0.048252911813643926
1 0.8463345864661653 0.3211314475873544 0.03289473684210526 0.056572379367720464
1 0.8609022556390977 0.23710482529118138 0.022556390977443608 0.048252911813643926
1 0.8430451127819548 0.19550748752079866 0.018796992481203006 0.04159733777038269
1 0.8392857142857142 0.15307820299500832 0.016917293233082706 0.033277870216306155
1 0.8585526315789473 0.15973377703826955 0.014097744360902255 0.04326123128119801
1 0.8867481203007518 0.1622296173044925 0.014097744360902255 0.03161397670549085
1 0.8961466165413533 0.1589018302828619 0.010338345864661654 0.021630615640599003
1 0.9013157894736842 0.1821963394342762 0.015037593984962405 0.03161397670549085
1 0.8933270676691729 0.2079866888519135 0.017857142857142856 0.036605657237936774
1 0.9083646616541353 0.2329450915141431 0.017857142857142856 0.04326123128119801
1 0.9201127819548872 0.2562396006655574 0.022556390977443608 0.04991680532445924
