1 0.9332 0.1504854368932039 0.0152 0.0319001386962552
1 0.906 0.12413314840499307 0.012 0.02912621359223301
1 0.896 0.1463245492371706 0.014400000000000001 0.0319001386962552
1 0.8916000000000001 0.17406380027739252 0.0184 0.03467406380027739
1 0.922 0.20180305131761442 0.013600000000000001 0.03467406380027739
1 0.9404 0.2552011095700416 0.0184 0.047156726768377254
1 0.9072 0.21636615811373094 0.014400000000000001 0.036061026352288486
1 0.9132 0.32940360610263525 0.02 0.059639389736477116
1 0.8844000000000001 0.470873786407767 0.0264 0.0651872399445215
1 0.8816 0.24410540915395285 0.019200000000000002 0.05270457697642164
1 0.8384 0.31484049930651875 0.024 0.0638002773925104
1 0.8172 0.3786407766990291 0.028 0.07489597780859918
1 0.8284 0.23439667128987518 0.016800000000000002 0.044382801664355064
1 0.8644000000000001 0.21012482662968102 0.0184 0.04022191400832178
1 0.8656 0.13661581137309292 0.0112 0.023578363384188627
1 0.87 0.12482662968099861 0.010400000000000001 0.027739251040221916
1 0.8484 0.18446601941747573 0.013600000000000001 0.033287101248266296
1 0.8524 0.15811373092926492 0.012 0.027739251040221916
1 0.8404 0.11927877947295423 0.010400000000000001 0.024965325936199722
1 0.8316 0.13661581137309292 0.012 0.02912621359223301
1 0.8240000000000001 0.15117891816920945 0.0176 0.033287101248266296
1 0.8056000000000001 0.17753120665742025 0.014400000000000001 0.036061026352288486
1 0.7688 0.2884882108183079 0.024 0.05270457697642164
1 0.748 0.24826629680998613 0.020800000000000003 0.044382801664355064
1 0.776 0.19902912621359223 0.019200000000000002 0.03744798890429959
1 0.8092 0.11789181692094314 0.012 0.027739251040221916
1 0.78 0.10194174757281553 0.014400000000000001 0.0319001386962552
1 0.78 0.1435506241331484 0.014400000000000001 0.02912621359223301
1 0.7644000000000001 0.13245492371705964 0.0152 0.02635228848821082
1 0.7568 0.16851595006934814 0.014400000000000001 0.03467406380027739
1 0.7388 0.13730929264909847 0.0152 0.027739251040221916
1 0.732 0.12482662968099861 0.0128 0.027739251040221916
1 0.7164 0.13522884882108183 0.013600000000000001 0.02912621359223301
1 0.7272000000000001 0.1796116504854369 0.019200000000000002 0.04022191400832178
1 0.7132000000000001 0.1622746185852982 0.0152 0.033287101248266296
1 0.6868000000000001 0.10610263522884883 0.010400000000000001 0.023578363384188627
1 0.7092 0.21359223300970875 0.0184 0.049930651872399444
1 0.6812 0.20527045769764216 0.016800000000000002 0.04160887656033287
1 0.6880000000000001 0.18446601941747573 0.016 0.03883495145631068
1 0.644 0.09015256588072122 0.009600000000000001 0.022191400832177532
1 0.2828 0.27461858529819694 0.02 0.04160887656033287
1 0.3136 0.22052704576976423 0.014400000000000001 0.033287101248266296
1 0.3372 0.2524271844660194 0.0184 0.044382801664355064
1 0.3456 0.20873786407766992 0.014400000000000001 0.0319001386962552
1 0.35960000000000003 0.2184466019417476 0.0152 0.04022191400832178
1 0.37120000000000003 0.22330097087378642 0.016 0.036061026352288486
1 0.3628 0.26629680998613037 0.0184 0.03883495145631068
1 0.3864 0.27739251040221913 0.020800000000000003 0.044382801664355064
1 0.396 0.2170596393897365 0.0176 0.03467406380027739
1 0.42000000000000004 0.180998613037448 0.016 0.0319001386962552
1 0.43 0.21497919556171985 0.0152 0.03883495145631068
1 0.4464 0.1608876560332871 0.0112 0.024965325936199722
1 0.45480000000000004 0.18793342579750347 0.0152 0.03467406380027739
1 0.4656 0.1393897364771151 0.0112 0.02912621359223301
1 0.4864 0.21636615811373094 0.016 0.03883495145631068
1 0.48760000000000003 0.1955617198335645 0.0152 0.033287101248266296
1 0.48400000000000004 0.1317614424410541 0.009600000000000001 0.024965325936199722
1 0.4888 0.1490984743411928 0.0112 0.0319001386962552
1 0.5076 0.1262135922330097 0.010400000000000001 0.024965325936199722
1 0.5056 0.15603328710124828 0.009600000000000001 0.0319001386962552
1 0.5176000000000001 0.15117891816920945 0.0112 0.030513176144244106
1 0.5272 0.13245492371705964 0.0128 0.0319001386962552
1 0.612 0.09847434119278779 0.0128 0.027739251040221916
1 0.6612 0.11719833564493759 0.0152 0.023578363384188627
1 0.6544 0.14008321775312066 0.014400000000000001 0.033287101248266296
1 0.6052000000000001 0.24826629680998613 0.02 0.049930651872399444
1 0.6084 0.20110957004160887 0.02 0.047156726768377254
1 0.6748000000000001 0.26144244105409153 0.023200000000000002 0.05131761442441054
1 0.6164000000000001 0.32524271844660196 0.0296 0.059639389736477116
1 0.5388000000000001 0.2829403606102635 0.023200000000000002 0.05270457697642164
1 0.5648000000000001 0.23855755894590847 0.024 0.05270457697642164
1 0.542 0.16296809986130376 0.0152 0.03467406380027739
1 0.556 0.13800277392510402 0.0128 0.0319001386962552
1 0.5700000000000001 0.1678224687933426 0.016800000000000002 0.033287101248266296
1 0.5640000000000001 0.10332871012482663 0.0128 0.018030513176144243
1 0.5652 0.12343966712898752 0.012 0.024965325936199722
1 0.5848 0.10887656033287102 0.0128 0.023578363384188627
1 0.5940000000000001 0.13730929264909847 0.0152 0.030513176144244106
1 0.6176 0.12066574202496533 0.014400000000000001 0.033287101248266296
1 0.6324000000000001 0.13592233009708737 0.012 0.027739251040221916
1 0.0476 0.4119278779472954 0.0296 0.05547850208044383
