1 0.04105839416058394 0.4545454545454546 0.049270072992700725 0.07162534435261708
1 0.08394160583941605 0.4807162534435262 0.051094890510948905 0.06887052341597796
1 0.11678832116788321 0.43526170798898073 0.040145985401459854 0.06060606060606061
1 0.15237226277372262 0.4834710743801653 0.05291970802919708 0.0743801652892562
1 0.19434306569343066 0.6267217630853995 0.17335766423357662 0.21212121212121213
1 0.25364963503649635 0.4462809917355372 0.04744525547445255 0.06611570247933884
1 0.2527372262773723 0.556473829201102 0.07846715328467153 0.13774104683195593
1 0.33302919708029194 0.4559228650137741 0.05656934306569343 0.08539944903581267
1 0.3740875912408759 0.46005509641873277 0.04744525547445255 0.08264462809917356
1 0.3677007299270073 0.5550964187327824 0.09671532846715328 0.1184573002754821
1 0.5063868613138686 0.3622589531680441 0.03832116788321168 0.05785123966942149
1 0.5282846715328468 0.47658402203856753 0.049270072992700725 0.06611570247933884
1 0.6049270072992701 0.48484848484848486 0.04562043795620438 0.07713498622589532
1 0.7034671532846715 0.6225895316804408 0.10036496350364964 0.18732782369146006
1 0.7262773722627737 0.49449035812672176 0.040145985401459854 0.06887052341597796
1 0.770985401459854 0.4889807162534435 0.03467153284671533 0.06887052341597796
1 0.8348540145985401 0.4807162534435262 0.06021897810218978 0.07988980716253444
1 0.9105839416058393 0.556473829201102 0.06569343065693431 0.1322314049586777
1 0.9826642335766423 0.5578512396694215 0.03467153284671533 0.14049586776859505
1 0.9616788321167883 0.46831955922865015 0.04744525547445255 0.07713498622589532
1 0.9051094890510949 0.47107438016528924 0.04744525547445255 0.06611570247933884
