1 0.8718181818181818 0.754863813229572 0.04181818181818182 0.07003891050583658
1 0.8704545454545455 0.7023346303501945 0.035454545454545454 0.05058365758754864
1 0.7695454545454545 0.6880674448767834 0.03727272727272727 0.0609597924773022
1 0.7090909090909091 0.6867704280155642 0.03272727272727273 0.05317769130998703
1 0.6268181818181818 0.7237354085603113 0.03 0.059662775616083005
1 0.5927272727272728 0.7159533073929961 0.04181818181818182 0.07522697795071336
1 0.5477272727272727 0.7367055771725032 0.03 0.05188067444876783
1 0.5290909090909091 0.7418936446173799 0.03272727272727273 0.06744487678339818
1 0.4768181818181818 0.7457846952010376 0.03363636363636364 0.06744487678339818
1 0.4918181818181818 0.7412451361867703 0.02727272727272727 0.05577172503242542
1 0.41863636363636364 0.7535667963683528 0.03909090909090909 0.057068741893644616
1 0.43636363636363634 0.7457846952010376 0.025454545454545455 0.06485084306095978
1 0.36863636363636365 0.7619974059662775 0.035454545454545454 0.058365758754863814
1 0.36818181818181817 0.7269779507133592 0.03636363636363636 0.0609597924773022
1 0.33136363636363636 0.7872892347600519 0.024545454545454544 0.04928664072632944
1 0.28454545454545455 0.7490272373540856 0.03636363636363636 0.0609597924773022
1 0.3013636363636364 0.75810635538262 0.03 0.05577172503242542
1 0.23954545454545453 0.7594033722438391 0.03727272727272727 0.0609597924773022
1 0.20454545454545456 0.7957198443579766 0.04363636363636364 0.07133592736705577
1 0.15636363636363637 0.8073929961089494 0.03090909090909091 0.058365758754863814
1 0.09681818181818182 0.7853437094682231 0.03727272727272727 0.058365758754863814
1 0.12090909090909091 0.7801556420233463 0.025454545454545455 0.0609597924773022
1 0.07681818181818181 0.7989623865110246 0.031818181818181815 0.0622568093385214
1 0.034545454545454546 0.7944228274967574 0.04 0.0609597924773022
