1 0.1961789375582479 0.4035532994923858 0.04007455731593663 0.0829103214890017
1 0.25675675675675674 0.2656514382402707 0.021435228331780055 0.04060913705583756
1 0.28005591798695245 0.2563451776649746 0.015843429636533086 0.032148900169204735
1 0.30987884436160296 0.24365482233502536 0.017707362534948742 0.04060913705583756
1 0.33317800559179866 0.2614213197969543 0.0195712954333644 0.04230118443316413
1 0.3341099720410065 0.2131979695431472 0.015843429636533086 0.03722504230118443
1 0.34808946877912395 0.2318104906937394 0.015843429636533086 0.03722504230118443
1 0.3685927306616962 0.2766497461928934 0.0195712954333644 0.04568527918781726
1 0.38863000931966446 0.28680203045685276 0.024231127679403542 0.052453468697123515
1 0.36113699906803354 0.20642978003384094 0.015843429636533086 0.03045685279187817
1 0.36113699906803354 0.24111675126903553 0.013979496738117428 0.025380710659898477
1 0.3998136067101584 0.20981387478849406 0.014911463187325256 0.0338409475465313
1 0.385834109972041 0.18527918781725888 0.0130475302889096 0.032148900169204735
1 0.4109972041006524 0.1895093062605753 0.014911463187325256 0.0338409475465313
1 0.4389561975768872 0.22927241962774958 0.020503261882572225 0.04568527918781726
1 0.46691519105312207 0.2419627749576988 0.022367194780987885 0.04060913705583756
1 0.43988816402609504 0.19289340101522842 0.024231127679403542 0.0338409475465313
1 0.4445479962721342 0.17174280879864637 0.016775396085740912 0.032148900169204735
1 0.4771668219944082 0.1878172588832487 0.016775396085740912 0.03722504230118443
1 0.4599254426840634 0.0922165820642978 0.012115563839701771 0.021996615905245345
1 0.5032618825722274 0.19458544839255498 0.014911463187325256 0.03722504230118443
1 0.5032618825722274 0.16243654822335024 0.0130475302889096 0.023688663282571912
1 0.5260950605778192 0.20219966159052452 0.021435228331780055 0.04568527918781726
1 0.5344827586206896 0.16159052453468697 0.015843429636533086 0.032148900169204735
1 0.5461323392357875 0.15143824027072758 0.014911463187325256 0.028764805414551606
1 0.48602050326188256 0.13874788494077833 0.008387698042870456 0.023688663282571912
1 0.5605778191985088 0.1209813874788494 0.013979496738117428 0.028764805414551606
1 0.5764212488350419 0.1404399323181049 0.013979496738117428 0.02707275803722504
1 0.581081081081081 0.1692047377326565 0.017707362534948742 0.03045685279187817
1 0.5885368126747437 0.12521150592216582 0.012115563839701771 0.03045685279187817
1 0.614165890027959 0.14382402707275804 0.014911463187325256 0.03045685279187817
1 0.6374650512581547 0.1116751269035533 0.011183597390493943 0.023688663282571912
1 0.6761416589002796 0.11505922165820642 0.013979496738117428 0.03045685279187817
1 0.5577819198508853 0.2318104906937394 0.021435228331780055 0.047377326565143825
1 0.4911463187325256 0.3079526226734349 0.03168685927306617 0.05414551607445008
1 0.5689655172413793 0.2859560067681895 0.027027027027027025 0.05752961082910321
1 0.6057781919850885 0.3282571912013536 0.03168685927306617 0.06429780033840947
1 0.624883504193849 0.24957698815566834 0.021435228331780055 0.05583756345177665
1 0.6109040074557316 0.21404399323181048 0.0195712954333644 0.049069373942470386
1 0.6556383970177073 0.20304568527918782 0.021435228331780055 0.047377326565143825
1 0.6868592730661696 0.19120135363790186 0.020503261882572225 0.04399323181049069
1 0.6756756756756757 0.2521150592216582 0.024231127679403542 0.05414551607445008
1 0.7087604846225536 0.22504230118443316 0.023299161230195712 0.047377326565143825
1 0.7152842497670083 0.27580372250423013 0.02516309412861137 0.050761421319796954
1 0.684995340167754 0.14720812182741116 0.014911463187325256 0.03722504230118443
1 0.7059645852749301 0.14890016920473773 0.013979496738117428 0.0338409475465313
1 0.717148182665424 0.1742808798646362 0.0195712954333644 0.03722504230118443
1 0.7362534948741845 0.11675126903553298 0.016775396085740912 0.0338409475465313
1 0.7511649580615097 0.13790186125211507 0.016775396085740912 0.035532994923857864
1 0.7614165890027959 0.16328257191201354 0.01863932898415657 0.04568527918781726
1 0.7516309412861136 0.21912013536379019 0.023299161230195712 0.049069373942470386
1 0.7353215284249767 0.1988155668358714 0.016775396085740912 0.038917089678511
1 0.7749301025163093 0.20135363790186125 0.0195712954333644 0.04060913705583756
1 0.7623485554520038 0.2969543147208122 0.022367194780987885 0.05583756345177665
1 0.8331780055917987 0.3316412859560068 0.027958993476234855 0.06091370558375634
1 0.8452935694315005 0.24027072758037224 0.024231127679403542 0.05414551607445008
1 0.9119291705498602 0.26818950930626057 0.023299161230195712 0.05583756345177665
1 0.9133271202236719 0.23011844331641285 0.020503261882572225 0.04399323181049069
1 0.8807082945013979 0.1996615905245347 0.022367194780987885 0.04060913705583756
1 0.8863000931966449 0.1692047377326565 0.014911463187325256 0.03045685279187817
1 0.8900279589934762 0.15651438240270726 0.011183597390493943 0.025380710659898477
1 0.836439888164026 0.1895093062605753 0.0195712954333644 0.03722504230118443
1 0.8191985088536813 0.22419627749576987 0.022367194780987885 0.04568527918781726
1 0.8038210624417521 0.14720812182741116 0.017707362534948742 0.03722504230118443
1 0.7800559179869524 0.1505922165820643 0.016775396085740912 0.03722504230118443
1 0.7688723205964585 0.1302876480541455 0.0130475302889096 0.03045685279187817
1 0.8117427772600186 0.12690355329949238 0.016775396085740912 0.0338409475465313
1 0.8322460391425909 0.13959390862944163 0.016775396085740912 0.04230118443316413
1 0.8541472506989748 0.15820642978003382 0.013979496738117428 0.032148900169204735
