1 0.22591206735266606 0.49917355371900823 0.05519176800748363 0.09917355371900827
1 0.42656688493919553 0.2652892561983471 0.02432179607109448 0.04793388429752066
1 0.4260991580916745 0.21487603305785125 0.023386342376052385 0.04297520661157025
1 0.4532273152478952 0.22975206611570248 0.025257249766136577 0.04628099173553719
1 0.48362956033676335 0.31322314049586775 0.02806361085126286 0.05785123966942149
1 0.5378858746492049 0.35537190082644626 0.029934518241347054 0.05289256198347107
1 0.7703461178671656 0.18181818181818182 0.02712815715622077 0.05950413223140496
1 0.7394761459307765 0.15206611570247933 0.021515434985968196 0.04628099173553719
1 0.7128157156220767 0.14545454545454545 0.0205799812909261 0.0396694214876033
1 0.8704396632366698 0.2115702479338843 0.023386342376052385 0.05289256198347107
