1 0.03803339517625232 0.36430921052631576 0.03153988868274583 0.05756578947368421
1 0.05519480519480519 0.3651315789473684 0.026901669758812616 0.0625
1 0.3803339517625232 0.2845394736842105 0.027829313543599257 0.05263157894736842
1 0.3845083487940631 0.1957236842105263 0.01948051948051948 0.03289473684210526
1 0.45408163265306123 0.21792763157894735 0.02504638218923933 0.044407894736842105
1 0.5691094619666048 0.3182565789473684 0.039888682745825604 0.08717105263157894
1 0.5871985157699443 0.2450657894736842 0.027829313543599257 0.05592105263157894
1 0.5677179962894249 0.1299342105263158 0.016697588126159554 0.02631578947368421
1 0.711038961038961 0.0649671052631579 0.012059369202226345 0.02796052631578947
1 0.6910946196660482 0.17434210526315788 0.01855287569573284 0.046052631578947366
