1 0.051899907321594066 0.36341059602649006 0.014828544949026877 0.0347682119205298
1 0.060704355885078776 0.33112582781456956 0.015755329008341055 0.033112582781456956
1 0.09360518999073215 0.4420529801324503 0.037071362372567196 0.07947019867549669
1 0.1459684893419833 0.3981788079470199 0.03614457831325301 0.07119205298013245
1 0.17747914735866543 0.48509933774834435 0.03985171455050973 0.08609271523178808
1 0.3526413345690454 0.19205298013245034 0.019462465245597776 0.04304635761589404
1 0.4221501390176089 0.22433774834437087 0.03429101019462465 0.06788079470198675
1 0.432808155699722 0.17549668874172186 0.024096385542168676 0.04966887417218543
1 0.5491195551436515 0.2077814569536424 0.03429101019462465 0.07119205298013245
1 0.6645041705282669 0.1076158940397351 0.020389249304911955 0.046357615894039736
1 0.7534754402224282 0.12251655629139073 0.018535681186283598 0.04966887417218543
