1 0.3267167381974249 0.1921606118546845 0.018240343347639486 0.04780114722753346
1 0.4356223175965665 0.24282982791586996 0.017167381974248927 0.04206500956022945
1 0.4570815450643777 0.19789674952198852 0.023605150214592273 0.05162523900573614
1 0.5139484978540773 0.1338432122370937 0.012875536480686695 0.02294455066921606
1 0.5091201716738197 0.21797323135755256 0.018240343347639486 0.04206500956022945
1 0.5949570815450643 0.24952198852772467 0.018240343347639486 0.040152963671128104
1 0.6394849785407726 0.24282982791586996 0.02145922746781116 0.06118546845124283
1 0.5772532188841202 0.11854684512428298 0.017167381974248927 0.026768642447418736
1 0.6582618025751072 0.10898661567877628 0.013948497854077254 0.026768642447418736
1 0.43776824034334766 0.2074569789674952 0.017167381974248927 0.04397705544933078
