1 0.09895833333333333 0.594140625 0.08958333333333333 0.08671875000000001
1 0.1828125 0.530859375 0.042708333333333334 0.03828125
1 0.22239583333333332 0.509375 0.046875 0.037500000000000006
1 0.26666666666666666 0.553125 0.06666666666666667 0.0625
1 0.3703125 0.56171875 0.09270833333333334 0.065625
1 0.3875 0.657421875 0.12083333333333333 0.10390625
1 0.584375 0.5847656250000001 0.07291666666666667 0.06484375
1 0.8239583333333333 0.6511718750000001 0.10833333333333334 0.09453125000000001
1 0.5114583333333333 0.548046875 0.06458333333333333 0.05234375
1 0.4822916666666667 0.51015625 0.0375 0.035937500000000004
1 0.4192708333333333 0.511328125 0.03854166666666667 0.03828125
1 0.4552083333333333 0.495703125 0.03333333333333333 0.030468750000000003
1 0.42604166666666665 0.48046875 0.029166666666666667 0.021875000000000002
1 0.4395833333333333 0.464453125 0.020833333333333332 0.017968750000000002
1 0.45677083333333335 0.4625 0.019791666666666666 0.0171875
1 0.4921875 0.46406250000000004 0.028125 0.026562500000000003
1 0.5458333333333333 0.4609375 0.025 0.0203125
1 0.5635416666666666 0.47421875 0.03125 0.0234375
1 0.6463541666666667 0.48085937500000003 0.030208333333333334 0.025781250000000002
1 0.6671875 0.491796875 0.034375 0.025781250000000002
1 0.69375 0.494140625 0.029166666666666667 0.025781250000000002
1 0.69375 0.468359375 0.020833333333333332 0.01640625
1 0.71875 0.46406250000000004 0.022916666666666665 0.0203125
1 0.7359375 0.470703125 0.028125 0.01953125
1 0.7729166666666667 0.501953125 0.041666666666666664 0.041406250000000006
1 0.7489583333333333 0.499609375 0.027083333333333334 0.02734375
1 0.7958333333333333 0.464453125 0.03333333333333333 0.022656250000000003
1 0.7692708333333333 0.46640625 0.019791666666666666 0.018750000000000003
1 0.7786458333333334 0.43359375 0.017708333333333333 0.0171875
1 0.8505208333333333 0.49062500000000003 0.030208333333333334 0.029687500000000002
1 0.8427083333333333 0.5242187500000001 0.05 0.045312500000000006
1 0.9046875 0.505078125 0.04895833333333333 0.03671875
1 0.9182291666666667 0.48085937500000003 0.036458333333333336 0.030468750000000003
1 0.8833333333333333 0.478515625 0.027083333333333334 0.025781250000000002
1 0.8421875 0.47109375000000003 0.028125 0.021875000000000002
1 0.8260416666666667 0.48515625 0.03125 0.029687500000000002
1 0.4197916666666667 0.43671875000000004 0.01875 0.0140625
1 0.3828125 0.43085937500000004 0.019791666666666666 0.014843750000000001
1 0.3385416666666667 0.5085937500000001 0.04375 0.0328125
1 0.36875 0.4890625 0.027083333333333334 0.0203125
1 0.384375 0.474609375 0.025 0.02109375
1 0.36354166666666665 0.46914062500000003 0.022916666666666665 0.02109375
1 0.3489583333333333 0.467578125 0.022916666666666665 0.01640625
1 0.25364583333333335 0.476171875 0.036458333333333336 0.032031250000000004
1 0.13541666666666666 0.4625 0.022916666666666665 0.015625
1 0.13958333333333334 0.4265625 0.027083333333333334 0.0234375
1 0.09375 0.484375 0.0375 0.026562500000000003
1 0.10677083333333333 0.4625 0.026041666666666668 0.021875000000000002
1 0.13177083333333334 0.487890625 0.030208333333333334 0.02421875
1 0.159375 0.49726562500000004 0.035416666666666666 0.02734375
1 0.19270833333333334 0.49140625000000004 0.025 0.021875000000000002
1 0.1890625 0.468359375 0.019791666666666666 0.01953125
1 0.21562499999999998 0.47304687500000003 0.022916666666666665 0.02109375
1 0.15989583333333332 0.47109375000000003 0.019791666666666666 0.018750000000000003
1 0.04635416666666667 0.480078125 0.030208333333333334 0.02109375
1 0.05 0.46523437500000003 0.020833333333333332 0.01640625
1 0.0703125 0.46875 0.026041666666666668 0.025
1 0.016666666666666666 0.48867187500000003 0.03125 0.04609375
