1 0.2097902097902098 0.3592057761732852 0.04795204795204795 0.07942238267148015
1 0.32517482517482516 0.19945848375451264 0.016983016983016984 0.03790613718411553
1 0.3211788211788212 0.23736462093862817 0.01898101898101898 0.03790613718411553
1 0.3596403596403596 0.20397111913357402 0.015984015984015984 0.036101083032490974
1 0.7592407592407593 0.1263537906137184 0.013986013986013986 0.02888086642599278
1 0.7872127872127872 0.1371841155234657 0.013986013986013986 0.03249097472924188
1 0.6933066933066933 0.11823104693140794 0.013986013986013986 0.023465703971119134
1 0.8361638361638362 0.15613718411552346 0.017982017982017984 0.03068592057761733
1 0.6438561438561439 0.11101083032490976 0.014985014985014984 0.03429602888086643
1 0.6303696303696303 0.09927797833935019 0.011988011988011988 0.025270758122743684
1 0.5834165834165834 0.10108303249097474 0.00999000999000999 0.021660649819494587
1 0.4290709290709291 0.17509025270758125 0.01898101898101898 0.039711191335740074
1 0.8771228771228772 0.1624548736462094 0.013986013986013986 0.036101083032490974
1 0.9095904095904096 0.16606498194945848 0.01898101898101898 0.03249097472924188
1 0.948051948051948 0.1796028880866426 0.017982017982017984 0.03068592057761733
1 0.46653346653346656 0.1407942238267148 0.011988011988011988 0.036101083032490974
1 0.5 0.12093862815884476 0.010989010989010988 0.021660649819494587
1 0.5439560439560439 0.12184115523465705 0.014985014985014984 0.03429602888086643
1 0.4485514485514486 0.22111913357400723 0.017982017982017984 0.03429602888086643
1 0.4030969030969031 0.2120938628158845 0.016983016983016984 0.03068592057761733
1 0.5044955044955045 0.21028880866425995 0.01998001998001998 0.03429602888086643
1 0.5994005994005994 0.13989169675090254 0.015984015984015984 0.03068592057761733
1 0.5639360639360639 0.15342960288808666 0.014985014985014984 0.036101083032490974
1 0.5434565434565435 0.18862815884476536 0.01998001998001998 0.04151624548736462
1 0.5154845154845155 0.14981949458483754 0.015984015984015984 0.02888086642599278
1 0.492007992007992 0.17509025270758125 0.014985014985014984 0.025270758122743684
1 0.45854145854145856 0.17509025270758125 0.017982017982017984 0.036101083032490974
1 0.7227772227772228 0.13989169675090254 0.016983016983016984 0.03429602888086643
1 0.7697302697302697 0.18501805054151627 0.014985014985014984 0.03790613718411553
1 0.7037962037962038 0.1624548736462094 0.014985014985014984 0.039711191335740074
1 0.6443556443556444 0.15072202166064982 0.015984015984015984 0.03429602888086643
1 0.6653346653346653 0.12274368231046932 0.015984015984015984 0.036101083032490974
1 0.6753246753246753 0.11010830324909748 0.017982017982017984 0.02888086642599278
1 0.6418581418581418 0.20126353790613719 0.02097902097902098 0.04151624548736462
1 0.532967032967033 0.2788808664259928 0.022977022977022976 0.048736462093862815
1 0.5844155844155844 0.2806859205776173 0.023976023976023976 0.04512635379061372
1 0.5899100899100899 0.24458483754512636 0.024975024975024976 0.055956678700361015
1 0.6268731268731269 0.29693140794223827 0.024975024975024976 0.05956678700361011
1 0.6683316683316683 0.2283393501805054 0.021978021978021976 0.052346570397111915
1 0.6673326673326674 0.17148014440433212 0.017982017982017984 0.04693140794223827
1 0.6753246753246753 0.29061371841155237 0.023976023976023976 0.043321299638989175
1 0.6888111888111889 0.33574007220216606 0.030969030969030968 0.07220216606498195
1 0.7532467532467533 0.4160649819494585 0.03196803196803197 0.0631768953068592
1 0.7382617382617382 0.22472924187725632 0.017982017982017984 0.048736462093862815
1 0.7482517482517482 0.16877256317689532 0.013986013986013986 0.03429602888086643
1 0.8076923076923077 0.18772563176895307 0.01898101898101898 0.05415162454873646
1 0.7907092907092907 0.2779783393501805 0.022977022977022976 0.05415162454873646
1 0.8316683316683317 0.3628158844765343 0.026973026973026972 0.06859205776173286
1 0.8201798201798202 0.25541516245487367 0.021978021978021976 0.055956678700361015
1 0.8346653346653347 0.21389891696750904 0.022977022977022976 0.05956678700361011
1 0.8656343656343657 0.16967509025270758 0.014985014985014984 0.039711191335740074
1 0.8726273726273727 0.21389891696750904 0.01898101898101898 0.048736462093862815
1 0.8731268731268731 0.26624548736462095 0.01998001998001998 0.05956678700361011
1 0.8871128871128872 0.21750902527075813 0.013986013986013986 0.048736462093862815
1 0.9040959040959041 0.3185920577617329 0.01998001998001998 0.052346570397111915
1 0.936063936063936 0.286101083032491 0.025974025974025976 0.05956678700361011
1 0.44505494505494503 0.1416967509025271 0.010989010989010988 0.023465703971119134
1 0.6063936063936064 0.10649819494584838 0.013986013986013986 0.02888086642599278
1 0.593906093906094 0.1732851985559567 0.01898101898101898 0.036101083032490974
1 0.7032967032967032 0.21028880866425995 0.023976023976023976 0.04151624548736462
1 0.8921078921078921 0.18050541516245489 0.017982017982017984 0.036101083032490974
1 0.7602397602397603 0.14711191335740073 0.013986013986013986 0.03429602888086643
1 0.7962037962037962 0.16425992779783394 0.017982017982017984 0.043321299638989175
1 0.9415584415584416 0.20487364620938628 0.016983016983016984 0.04151624548736462
1 0.8511488511488512 0.19223826714801445 0.017982017982017984 0.048736462093862815
1 0.489010989010989 0.14530685920577618 0.014985014985014984 0.02707581227436823
1 0.5384615384615384 0.15433212996389892 0.01998001998001998 0.03429602888086643
1 0.9340659340659341 0.2527075812274368 0.023976023976023976 0.04693140794223827
