1 0.025454545454545455 0.5835616438356165 0.04727272727272727 0.07123287671232877
1 0.07363636363636364 0.6136986301369863 0.056363636363636366 0.07123287671232877
1 0.06272727272727273 0.5643835616438356 0.038181818181818185 0.0547945205479452
1 0.06909090909090909 0.5328767123287671 0.02909090909090909 0.04657534246575343
1 0.11545454545454545 0.5328767123287671 0.02727272727272727 0.04657534246575343
1 0.13090909090909092 0.510958904109589 0.025454545454545455 0.03561643835616438
1 0.14909090909090908 0.5013698630136987 0.02181818181818182 0.03287671232876713
1 0.12636363636363637 0.6602739726027397 0.0890909090909091 0.11506849315068493
1 0.19727272727272727 0.6356164383561644 0.11090909090909092 0.14246575342465753
1 0.19727272727272727 0.526027397260274 0.02727272727272727 0.043835616438356165
1 0.2309090909090909 0.5273972602739726 0.04 0.07397260273972603
1 0.3054545454545455 0.5068493150684932 0.01818181818181818 0.043835616438356165
1 0.3236363636363636 0.510958904109589 0.02909090909090909 0.057534246575342465
1 0.3181818181818182 0.4712328767123288 0.02909090909090909 0.038356164383561646
1 0.39454545454545453 0.5287671232876713 0.06181818181818182 0.10410958904109589
1 0.43454545454545457 0.4589041095890411 0.02181818181818182 0.0410958904109589
1 0.5045454545454545 0.5178082191780822 0.0890909090909091 0.1589041095890411
1 0.5427272727272727 0.473972602739726 0.04909090909090909 0.0821917808219178
1 0.6827272727272727 0.40273972602739727 0.06727272727272728 0.11506849315068493
