1 0.21257142857142858 0.4566532258064516 0.05028571428571429 0.09879032258064516
1 0.24685714285714289 0.4314516129032258 0.04571428571428572 0.08870967741935484
1 0.30914285714285716 0.28125 0.021714285714285717 0.04233870967741935
1 0.3605714285714286 0.2610887096774194 0.01942857142857143 0.038306451612903226
1 0.4308571428571429 0.26814516129032256 0.025142857142857144 0.05241935483870967
1 0.4165714285714286 0.2247983870967742 0.01942857142857143 0.038306451612903226
1 0.4405714285714286 0.22076612903225806 0.017142857142857144 0.038306451612903226
1 0.4428571428571429 0.18044354838709678 0.017142857142857144 0.038306451612903226
1 0.4662857142857143 0.18850806451612903 0.020571428571428574 0.046370967741935484
1 0.4428571428571429 0.14314516129032256 0.014857142857142859 0.03225806451612903
1 0.4645714285714286 0.1502016129032258 0.014857142857142859 0.03024193548387097
1 0.5211428571428571 0.13709677419354838 0.016 0.03629032258064516
1 0.5491428571428572 0.14717741935483872 0.017142857142857144 0.03629032258064516
1 0.570857142857143 0.15423387096774194 0.017142857142857144 0.034274193548387094
1 0.5285714285714286 0.19959677419354838 0.01942857142857143 0.04435483870967742
1 0.47200000000000003 0.3235887096774194 0.025142857142857144 0.05443548387096774
1 0.6451428571428572 0.2570564516129032 0.028571428571428574 0.05846774193548387
1 0.7188571428571429 0.2762096774193548 0.029714285714285717 0.06048387096774194
1 0.7714285714285715 0.28125 0.032 0.05846774193548387
1 0.6754285714285715 0.14818548387096775 0.020571428571428574 0.038306451612903226
1 0.7045714285714286 0.14717741935483872 0.017142857142857144 0.03225806451612903
1 0.7257142857142858 0.15625 0.018285714285714287 0.04233870967741935
1 0.7388571428571429 0.14012096774193547 0.021714285714285717 0.04233870967741935
1 0.7577142857142858 0.16028225806451613 0.016 0.038306451612903226
1 0.7902857142857144 0.18245967741935484 0.01942857142857143 0.046370967741935484
1 0.8005714285714286 0.12096774193548387 0.014857142857142859 0.028225806451612902
1 0.8714285714285714 0.2127016129032258 0.024 0.05040322580645161
