1 0.04067796610169491 0.4311224489795918 0.07796610169491525 0.18877551020408162
1 0.09491525423728814 0.3724489795918367 0.06779661016949153 0.12244897959183673
1 0.11610169491525424 0.31505102040816324 0.0423728813559322 0.07397959183673469
1 0.13983050847457626 0.29591836734693877 0.03559322033898305 0.061224489795918366
1 0.24576271186440676 0.19897959183673466 0.023728813559322035 0.04591836734693877
1 0.23983050847457626 0.2971938775510204 0.06949152542372881 0.13520408163265304
1 0.23135593220338982 0.4119897959183673 0.1135593220338983 0.20663265306122447
1 0.36271186440677966 0.30484693877551017 0.06440677966101695 0.11989795918367346
1 0.5135593220338983 0.39413265306122447 0.08813559322033898 0.17091836734693877
1 0.5220338983050847 0.31887755102040816 0.06101694915254237 0.10714285714285714
1 0.5050847457627119 0.2755102040816326 0.05423728813559322 0.09183673469387754
1 0.43728813559322033 0.25510204081632654 0.03728813559322034 0.061224489795918366
1 0.4135593220338983 0.3099489795918367 0.03728813559322034 0.07397959183673469
1 0.29491525423728815 0.2844387755102041 0.02711864406779661 0.04846938775510204
1 0.288135593220339 0.24489795918367346 0.02711864406779661 0.04081632653061224
1 0.3042372881355932 0.2270408163265306 0.02542372881355932 0.04591836734693877
1 0.32627118644067793 0.26403061224489793 0.0288135593220339 0.05357142857142857
1 0.5720338983050848 0.26403061224489793 0.0288135593220339 0.06377551020408163
1 0.6254237288135593 0.24999999999999997 0.04406779661016949 0.08673469387755102
1 0.6677966101694915 0.2512755102040816 0.03389830508474576 0.07397959183673469
1 0.6644067796610169 0.3176020408163265 0.06779661016949153 0.11989795918367346
1 0.7745762711864407 0.40433673469387754 0.0983050847457627 0.18112244897959182
1 0.7016949152542372 0.22576530612244897 0.013559322033898305 0.028061224489795915
1 0.733050847457627 0.211734693877551 0.015254237288135592 0.030612244897959183
1 0.8271186440677966 0.2729591836734694 0.0711864406779661 0.13265306122448978
1 0.961864406779661 0.3380102040816326 0.07627118644067796 0.21683673469387754
