1 0.14444444444444443 0.2847457627118644 0.13777777777777778 0.25084745762711863
1 0.22333333333333333 0.4491525423728813 0.03333333333333333 0.0711864406779661
1 0.45 0.5728813559322034 0.07333333333333333 0.1152542372881356
1 0.47 0.4559322033898305 0.04666666666666667 0.07796610169491525
1 0.44333333333333336 0.42033898305084744 0.024444444444444446 0.05423728813559322
1 0.4766666666666667 0.3966101694915254 0.024444444444444446 0.04067796610169491
1 0.4911111111111111 0.4135593220338983 0.026666666666666665 0.04067796610169491
1 0.5755555555555556 0.46779661016949153 0.05333333333333333 0.08135593220338982
1 0.5833333333333334 0.4067796610169491 0.028888888888888888 0.04745762711864407
1 0.6455555555555555 0.4491525423728813 0.042222222222222223 0.06440677966101695
1 0.6444444444444445 0.4016949152542373 0.026666666666666665 0.05084745762711864
1 0.7177777777777777 0.4542372881355932 0.04 0.06779661016949153
1 0.7944444444444444 0.4491525423728813 0.051111111111111114 0.0847457627118644
1 0.8633333333333333 0.46779661016949153 0.06888888888888889 0.10169491525423728
1 0.8422222222222222 0.6271186440677966 0.08888888888888889 0.16271186440677965
1 0.6188888888888889 0.6135593220338983 0.10444444444444445 0.14915254237288136
