1 0.20370370370370372 0.4134349030470914 0.038613081166272656 0.07063711911357341
1 0.2848699763593381 0.2590027700831025 0.013396375098502758 0.0221606648199446
1 0.29629629629629634 0.24861495844875348 0.014184397163120569 0.02631578947368421
1 0.3108747044917258 0.22229916897506924 0.013396375098502758 0.023545706371191136
1 0.3289992119779354 0.2257617728531856 0.014972419227738377 0.027700831024930747
1 0.33175728920409775 0.2721606648199446 0.017336485421591805 0.03185595567867036
1 0.31717888100866826 0.2693905817174515 0.013396375098502758 0.023545706371191136
1 0.37234042553191493 0.26385041551246535 0.016548463356973995 0.037396121883656507
1 0.41607565011820336 0.26523545706371193 0.018912529550827423 0.03462603878116344
1 0.38219070133963756 0.20706371191135733 0.014184397163120569 0.02631578947368421
1 0.40701339637509854 0.1745152354570637 0.010244286840031522 0.027700831024930747
1 0.41607565011820336 0.18282548476454294 0.01260835303388495 0.024930747922437674
1 0.4247438928289992 0.16204986149584488 0.01260835303388495 0.027700831024930747
1 0.43656422379826637 0.23545706371191136 0.017336485421591805 0.036011080332409975
1 0.4105594956658787 0.23337950138504154 0.02206461780929866 0.029085872576177285
1 0.42631993695823484 0.2084487534626039 0.017336485421591805 0.02631578947368421
1 0.4802994483845548 0.22160664819944598 0.019700551615445233 0.038781163434903045
1 0.4799054373522459 0.18628808864265928 0.018912529550827423 0.03185595567867036
1 0.4605988967691096 0.16689750692520774 0.010244286840031522 0.023545706371191136
1 0.4483845547675335 0.15789473684210525 0.014184397163120569 0.024930747922437674
1 0.466903073286052 0.15096952908587258 0.011820330969267141 0.0221606648199446
1 0.5070921985815603 0.18628808864265928 0.014972419227738377 0.03185595567867036
1 0.5307328605200946 0.19736842105263158 0.016548463356973995 0.03462603878116344
1 0.5405831363278172 0.15789473684210525 0.015760441292356188 0.0332409972299169
1 0.5244286840031521 0.14681440443213298 0.011820330969267141 0.0221606648199446
1 0.4944838455476754 0.13642659279778394 0.013396375098502758 0.02631578947368421
1 0.512608353033885 0.1419667590027701 0.011820330969267141 0.02631578947368421
1 0.5646178092986605 0.17105263157894737 0.014972419227738377 0.029085872576177285
1 0.5559495665878645 0.14265927977839335 0.011820330969267141 0.027700831024930747
1 0.5914105594956659 0.14958448753462603 0.013396375098502758 0.027700831024930747
1 0.5811662726556344 0.11634349030470914 0.013396375098502758 0.024930747922437674
1 0.5965327029156817 0.10318559556786704 0.009456264775413711 0.02077562326869806
1 0.6063829787234043 0.1281163434903047 0.011820330969267141 0.023545706371191136
1 0.6225374310480694 0.14889196675900276 0.015760441292356188 0.029085872576177285
1 0.6201733648542159 0.13227146814404434 0.01260835303388495 0.023545706371191136
1 0.6422379826635146 0.11842105263157894 0.01260835303388495 0.023545706371191136
1 0.6627265563435777 0.12188365650969529 0.014184397163120569 0.027700831024930747
1 0.4948778565799843 0.296398891966759 0.023640661938534282 0.0443213296398892
1 0.5409771473601261 0.29916897506925205 0.02442868400315209 0.0443213296398892
1 0.5543735224586289 0.2562326869806094 0.019700551615445233 0.038781163434903045
1 0.6040189125295509 0.21745152354570638 0.016548463356973995 0.038781163434903045
1 0.6233254531126872 0.23614958448753462 0.018912529550827423 0.045706371191135735
1 0.6540583136327818 0.25761772853185594 0.020488573680063044 0.04155124653739612
1 0.6560283687943262 0.31509695290858725 0.029156816390858944 0.05955678670360111
1 0.6453900709219859 0.17382271468144045 0.017336485421591805 0.03462603878116344
1 0.6646966115051222 0.20498614958448755 0.021276595744680854 0.036011080332409975
1 0.6895193065405831 0.1904432132963989 0.015760441292356188 0.03185595567867036
1 0.6851851851851852 0.15096952908587258 0.014972419227738377 0.030470914127423823
1 0.7178881008668243 0.15373961218836565 0.014184397163120569 0.027700831024930747
1 0.7281323877068558 0.2098337950138504 0.015760441292356188 0.029085872576177285
1 0.698581560283688 0.2278393351800554 0.016548463356973995 0.03185595567867036
1 0.7159180457052798 0.2596952908587258 0.02285263987391647 0.04847645429362881
1 0.7576832151300237 0.37049861495844877 0.029156816390858944 0.05678670360110803
1 0.7903861308116628 0.3054016620498615 0.023640661938534282 0.05124653739612189
1 0.752561071710008 0.22437673130193905 0.017336485421591805 0.027700831024930747
1 0.7572892040977148 0.18005540166204986 0.014184397163120569 0.027700831024930747
1 0.752561071710008 0.1481994459833795 0.01260835303388495 0.027700831024930747
1 0.7832939322301025 0.19736842105263158 0.017336485421591805 0.03185595567867036
1 0.7892040977147361 0.157202216066482 0.011820330969267141 0.02631578947368421
1 0.7947202521670608 0.13434903047091412 0.011820330969267141 0.024930747922437674
1 0.8159968479117415 0.15858725761772854 0.014972419227738377 0.029085872576177285
1 0.7994483845547676 0.18074792243767313 0.013396375098502758 0.02631578947368421
1 0.8238770685579196 0.23545706371191136 0.016548463356973995 0.0443213296398892
1 0.8617021276595745 0.29778393351800553 0.02442868400315209 0.04986149584487535
1 0.8995271867612293 0.2770083102493075 0.02285263987391647 0.0443213296398892
1 0.8569739952718677 0.23199445983379502 0.016548463356973995 0.03462603878116344
1 0.876280535855004 0.23199445983379502 0.015760441292356188 0.03185595567867036
1 0.8715524034672971 0.19598337950138503 0.014184397163120569 0.03185595567867036
1 0.8376674546887314 0.2126038781163435 0.017336485421591805 0.04016620498614958
1 0.863672182821119 0.15166204986149584 0.017336485421591805 0.03185595567867036
1 0.8380614657210402 0.18005540166204986 0.011820330969267141 0.030470914127423823
