1 0.06534090909090909 0.4331337325349301 0.046590909090909086 0.07984031936127745
1 0.09886363636363636 0.4271457085828343 0.045454545454545456 0.09580838323353293
1 0.16136363636363635 0.31536926147704586 0.02727272727272727 0.0558882235528942
1 0.31875 0.22255489021956085 0.019318181818181818 0.03393213572854291
1 0.33409090909090905 0.23453093812375247 0.022727272727272728 0.04590818363273453
1 0.35170454545454544 0.22954091816367264 0.02386363636363636 0.04790419161676646
1 0.3886363636363636 0.2025948103792415 0.022727272727272728 0.03792415169660678
1 0.6295454545454545 0.06387225548902195 0.013636363636363636 0.0279441117764471
1 0.571590909090909 0.1337325349301397 0.022727272727272728 0.03992015968063872
1 0.6278409090909091 0.13273453093812373 0.019318181818181818 0.041916167664670656
1 0.6749999999999999 0.10179640718562874 0.01818181818181818 0.03992015968063872
1 0.5130681818181818 0.2834331337325349 0.02386363636363636 0.04391217564870259
1 0.5409090909090909 0.29740518962075846 0.029545454545454545 0.05189620758483034
1 0.5511363636363636 0.3572854291417165 0.03636363636363636 0.07984031936127745
1 0.5897727272727272 0.36027944111776444 0.045454545454545456 0.08183632734530938
1 0.6113636363636363 0.31037924151696605 0.029545454545454545 0.06586826347305388
1 0.6176136363636363 0.19361277445109779 0.017045454545454544 0.03992015968063872
1 0.6460227272727272 0.19161676646706585 0.014772727272727272 0.031936127744510975
1 0.6727272727272727 0.25748502994011974 0.020454545454545454 0.04790419161676646
1 0.7039772727272727 0.18562874251497005 0.019318181818181818 0.03992015968063872
1 0.7130681818181818 0.08283433133732535 0.014772727272727272 0.03393213572854291
