1 0.04813046937151949 0.2268041237113402 0.01511535401750199 0.037800687285223365
1 0.0369928400954654 0.24484536082474226 0.018297533810660304 0.0429553264604811
1 0.07677008750994431 0.4269759450171821 0.023070803500397773 0.06013745704467354
1 0.08313444709626094 0.49140893470790376 0.018297533810660304 0.058419243986254296
1 0.13444709626093876 0.6048109965635738 0.03341288782816229 0.07216494845360824
1 0.20564836913285603 0.4518900343642612 0.026252983293556086 0.054982817869415807
1 0.24184566428003185 0.37199312714776633 0.02545743834526651 0.04639175257731959
1 0.2466189339697693 0.30412371134020616 0.022275258552108195 0.04810996563573883
1 0.1730310262529833 0.26718213058419243 0.016706443914081145 0.03951890034364261
1 0.1873508353221957 0.20876288659793815 0.01988862370723946 0.03608247422680412
1 0.12291169451073987 0.22508591065292097 0.018297533810660304 0.04810996563573883
1 0.1479713603818616 0.16237113402061856 0.014319809069212411 0.03608247422680412
1 0.1662688941925219 0.1915807560137457 0.015910898965791568 0.029209621993127148
1 0.21559268098647574 0.13487972508591065 0.014319809069212411 0.02577319587628866
1 0.22593476531424025 0.15120274914089346 0.012728719172633254 0.024054982817869414
1 0.2466189339697693 0.1323024054982818 0.012728719172633254 0.030927835051546393
1 0.30031821797931585 0.1640893470790378 0.01511535401750199 0.03264604810996564
1 0.29037390612569614 0.20446735395189003 0.015910898965791568 0.041237113402061855
1 0.31026252983293556 0.2190721649484536 0.014319809069212411 0.0429553264604811
1 0.35043754972155927 0.21391752577319587 0.018297533810660304 0.03951890034364261
1 0.3794749403341289 0.18814432989690721 0.017501988862370726 0.03264604810996564
1 0.3615751789976134 0.0979381443298969 0.013524264120922832 0.030927835051546393
1 0.4025457438345267 0.09965635738831614 0.014319809069212411 0.03436426116838488
1 0.41686555290373906 0.09536082474226804 0.011137629276054098 0.029209621993127148
1 0.4534606205250597 0.13487972508591065 0.012728719172633254 0.03608247422680412
1 0.46618933969769294 0.12628865979381443 0.012728719172633254 0.03951890034364261
1 0.41408114558472553 0.17096219931271478 0.016706443914081145 0.03951890034364261
1 0.46539379474940334 0.16752577319587628 0.015910898965791568 0.029209621993127148
1 0.5043754972155927 0.1838487972508591 0.014319809069212411 0.030927835051546393
1 0.4753381066030231 0.218213058419244 0.01511535401750199 0.04810996563573883
1 0.46618933969769294 0.27835051546391754 0.020684168655529037 0.041237113402061855
1 0.5373906125696102 0.30326460481099654 0.01988862370723946 0.04639175257731959
1 0.5513126491646778 0.48109965635738833 0.03023070803500398 0.058419243986254296
1 0.6487669053301511 0.33591065292096217 0.018297533810660304 0.04982817869415807
1 0.6109785202863962 0.24484536082474226 0.017501988862370726 0.03608247422680412
1 0.5739856801909308 0.20876288659793815 0.01511535401750199 0.03951890034364261
1 0.5509148766905331 0.179553264604811 0.01511535401750199 0.03608247422680412
1 0.47772474144789184 0.08075601374570447 0.010342084327764518 0.024054982817869414
1 0.49443118536197295 0.1134020618556701 0.011933174224343677 0.027491408934707903
1 0.5294351630867145 0.08161512027491409 0.011933174224343677 0.02577319587628866
1 0.5656324582338902 0.13831615120274915 0.012728719172633254 0.029209621993127148
1 0.5747812251392204 0.10738831615120274 0.011933174224343677 0.02577319587628866
1 0.5914876690533015 0.14347079037800686 0.011933174224343677 0.02577319587628866
1 0.6145584725536993 0.11941580756013745 0.013524264120922832 0.02577319587628866
1 0.6431980906921241 0.15378006872852235 0.013524264120922832 0.029209621993127148
1 0.6992840095465395 0.2070446735395189 0.014319809069212411 0.03951890034364261
1 0.7199681782020685 0.22250859106529208 0.012728719172633254 0.03264604810996564
1 0.6968973747016707 0.25257731958762886 0.01909307875894988 0.04810996563573883
1 0.7704852824184567 0.21305841924398625 0.01511535401750199 0.030927835051546393
1 0.8070803500397773 0.2422680412371134 0.016706443914081145 0.037800687285223365
1 0.8432776451869531 0.27835051546391754 0.012728719172633254 0.037800687285223365
1 0.8631662688941926 0.31443298969072164 0.017501988862370726 0.041237113402061855
1 0.7796340493237869 0.37285223367697595 0.01909307875894988 0.054982817869415807
1 0.9176610978520287 0.36597938144329895 0.016706443914081145 0.044673539518900345
