1 0.0859375 0.4089473684210526 0.046875 0.07263157894736842
1 0.106640625 0.3936842105263158 0.030468750000000003 0.05263157894736842
1 0.180078125 0.38105263157894737 0.05078125 0.061052631578947365
1 0.158984375 0.3705263157894737 0.02890625 0.035789473684210524
1 0.213671875 0.35105263157894734 0.02421875 0.03684210526315789
1 0.23164062500000002 0.36473684210526314 0.02890625 0.034736842105263156
1 0.2390625 0.34421052631578947 0.021875000000000002 0.03368421052631579
1 0.26953125 0.35 0.026562500000000003 0.03263157894736842
1 0.30000000000000004 0.34210526315789475 0.029687500000000002 0.035789473684210524
1 0.322265625 0.45789473684210524 0.06171875 0.0863157894736842
1 0.370703125 0.41105263157894734 0.041406250000000006 0.05789473684210526
1 0.3984375 0.38421052631578945 0.0328125 0.04631578947368421
1 0.423828125 0.36736842105263157 0.02421875 0.042105263157894736
1 0.444921875 0.3589473684210526 0.022656250000000003 0.035789473684210524
1 0.447265625 0.3336842105263158 0.017968750000000002 0.027368421052631577
1 0.4765625 0.2968421052631579 0.015625 0.029473684210526315
1 0.45351562500000003 0.4436842105263158 0.05390625 0.07263157894736842
1 0.48359375000000004 0.3863157894736842 0.0390625 0.05894736842105263
1 0.49648437500000003 0.34157894736842104 0.02421875 0.03263157894736842
1 0.6253906250000001 0.3273684210526316 0.02109375 0.029473684210526315
1 0.634375 0.34421052631578947 0.0234375 0.029473684210526315
1 0.655859375 0.35947368421052633 0.02890625 0.04105263157894737
1 0.68125 0.35105263157894734 0.025 0.030526315789473683
1 0.6796875 0.3326315789473684 0.0140625 0.02526315789473684
1 0.724609375 0.35105263157894734 0.030468750000000003 0.0431578947368421
1 0.721875 0.4063157894736842 0.043750000000000004 0.05894736842105263
1 0.76328125 0.4568421052631579 0.0578125 0.07578947368421052
1 0.7664062500000001 0.3757894736842105 0.037500000000000006 0.04631578947368421
1 0.8406250000000001 0.41578947368421054 0.0484375 0.061052631578947365
1 0.8460937500000001 0.20210526315789473 0.0203125 0.03368421052631579
1 0.8636718750000001 0.1963157894736842 0.02109375 0.0431578947368421
1 0.916015625 0.19894736842105262 0.022656250000000003 0.04631578947368421
1 0.931640625 0.57 0.09453125000000001 0.13578947368421052
1 0.925390625 0.4631578947368421 0.07578125000000001 0.1031578947368421
