1 0.05408163265306123 0.5885558583106267 0.07142857142857144 0.09809264305177111
1 0.18469387755102043 0.5231607629427792 0.0673469387755102 0.09264305177111716
1 0.2755102040816327 0.497275204359673 0.05714285714285715 0.07901907356948229
1 0.33571428571428574 0.49046321525885556 0.05102040816326531 0.07084468664850135
1 0.41632653061224495 0.4632152588555858 0.04081632653061225 0.07084468664850135
1 0.4469387755102041 0.4536784741144414 0.036734693877551024 0.06811989100817438
1 0.5 0.4373297002724795 0.036734693877551024 0.06267029972752043
1 0.5428571428571429 0.4373297002724795 0.036734693877551024 0.051771117166212535
1 0.5938775510204082 0.42643051771117163 0.028571428571428574 0.051771117166212535
1 0.6183673469387756 0.41144414168937327 0.028571428571428574 0.043596730245231606
1 0.6775510204081633 0.40326975476839233 0.028571428571428574 0.049046321525885554
1 0.7806122448979592 0.4536784741144414 0.07551020408163266 0.08991825613079019
