1 0.04416666666666667 0.4911209766925638 0.07833333333333334 0.09211986681465038
1 0.06916666666666667 0.4300776914539401 0.043333333333333335 0.049944506104328525
1 0.16291666666666668 0.38179800221975585 0.037500000000000006 0.04661487236403996
1 0.21375000000000002 0.4112097669256382 0.05416666666666667 0.058823529411764705
1 0.24875000000000003 0.37014428412874584 0.030833333333333334 0.04550499445061043
1 0.29333333333333333 0.3679245283018868 0.035 0.04772475027746948
1 0.3325 0.36182019977802443 0.03333333333333333 0.03773584905660377
1 0.31708333333333333 0.4733629300776915 0.0775 0.09211986681465038
1 0.3891666666666667 0.4200887902330744 0.04833333333333334 0.05660377358490566
1 0.4391666666666667 0.36403995560488345 0.043333333333333335 0.048834628190899
1 0.44958333333333333 0.3374028856825749 0.022500000000000003 0.02663706992230855
1 0.5541666666666667 0.34295227524972255 0.030000000000000002 0.03773584905660377
1 0.6637500000000001 0.379023307436182 0.035833333333333335 0.049944506104328525
1 0.6895833333333333 0.4300776914539401 0.05416666666666667 0.058823529411764705
1 0.7075 0.4755826859045505 0.07 0.08324084350721421
1 0.7345833333333334 0.35294117647058826 0.035833333333333335 0.042175360710321866
1 0.8158333333333334 0.3668146503884573 0.03666666666666667 0.04772475027746948
1 0.8420833333333334 0.3546059933407325 0.030833333333333334 0.038845726970033294
1 0.8912500000000001 0.3912319644839068 0.050833333333333335 0.07436182019977802
1 0.9495833333333334 0.3712541620421754 0.035833333333333335 0.04550499445061043
1 0.9775 0.42341842397336293 0.045000000000000005 0.09433962264150944
1 0.9566666666666668 0.6770255271920089 0.08666666666666667 0.18423973362930077
