1 0.12825732899022801 0.544055944055944 0.03501628664495114 0.07832167832167833
1 0.2223127035830619 0.3559440559440559 0.024429967426710098 0.03776223776223776
1 0.26262214983713356 0.3503496503496504 0.025244299674267102 0.043356643356643354
1 0.2911237785016287 0.3027972027972028 0.020358306188925084 0.04055944055944056
1 0.2935667752442997 0.36923076923076925 0.021986970684039087 0.039160839160839164
1 0.3236970684039088 0.38741258741258744 0.023615635179153095 0.050349650349650346
1 0.36115635179153094 0.2958041958041958 0.020358306188925084 0.032167832167832165
1 0.38355048859934854 0.3328671328671329 0.017915309446254073 0.03076923076923077
1 0.41368078175895767 0.334965034965035 0.02280130293159609 0.032167832167832165
1 0.40960912052117265 0.2972027972027972 0.021172638436482087 0.032167832167832165
1 0.3941368078175896 0.25384615384615383 0.016286644951140065 0.02937062937062937
1 0.43607491856677527 0.2783216783216783 0.018729641693811076 0.03076923076923077
1 0.42915309446254074 0.24405594405594405 0.013029315960912053 0.023776223776223775
1 0.4702768729641694 0.3300699300699301 0.020358306188925084 0.03636363636363636
1 0.510586319218241 0.3174825174825175 0.01954397394136808 0.039160839160839164
1 0.5101791530944626 0.26433566433566436 0.020358306188925084 0.03076923076923077
1 0.5631107491856677 0.2727272727272727 0.01710097719869707 0.03076923076923077
1 0.5431596091205212 0.24895104895104894 0.013029315960912053 0.03076923076923077
1 0.4637622149837134 0.2811188811188811 0.018729641693811076 0.022377622377622378
1 0.45765472312703587 0.2545454545454545 0.016286644951140065 0.025174825174825173
1 0.47353420195439744 0.23496503496503496 0.020358306188925084 0.022377622377622378
1 0.6050488599348535 0.2125874125874126 0.011400651465798045 0.027972027972027972
1 0.5741042345276873 0.2216783216783217 0.011400651465798045 0.023776223776223775
1 0.6302931596091206 0.2111888111888112 0.021172638436482087 0.03076923076923077
1 0.6632736156351792 0.23426573426573427 0.015472312703583062 0.026573426573426574
1 0.6885179153094463 0.21958041958041957 0.015472312703583062 0.025174825174825173
1 0.7109120521172638 0.24685314685314685 0.013029315960912053 0.02937062937062937
1 0.6844462540716613 0.3153846153846154 0.018729641693811076 0.03776223776223776
1 0.7084690553745928 0.2972027972027972 0.016286644951140065 0.03496503496503497
1 0.737785016286645 0.25594405594405595 0.017915309446254073 0.03076923076923077
1 0.6103420195439739 0.24825174825174826 0.012214983713355049 0.023776223776223775
1 0.5370521172638437 0.3685314685314685 0.025244299674267102 0.046153846153846156
1 0.4613192182410424 0.4223776223776224 0.03175895765472313 0.050349650349650346
1 0.510586319218241 0.4755244755244755 0.02931596091205212 0.044755244755244755
1 0.5647394136807817 0.44965034965034967 0.033387622149837134 0.06573426573426573
1 0.6005700325732899 0.36083916083916084 0.023615635179153095 0.03636363636363636
1 0.6054560260586319 0.3230769230769231 0.023615635179153095 0.027972027972027972
1 0.6526872964169381 0.3384615384615385 0.01710097719869707 0.033566433566433566
1 0.6392508143322476 0.30699300699300697 0.01954397394136808 0.02937062937062937
1 0.6465798045602607 0.25314685314685315 0.01465798045602606 0.027972027972027972
1 0.629885993485342 0.3993006993006993 0.030130293159609123 0.046153846153846156
1 0.6885179153094463 0.3594405594405594 0.02687296416938111 0.044755244755244755
1 0.6441368078175896 0.48391608391608393 0.027687296416938113 0.055944055944055944
1 0.7031758957654723 0.4965034965034965 0.03664495114006515 0.07552447552447553
1 0.7988599348534202 0.5307692307692308 0.02931596091205212 0.06853146853146853
1 0.7430781758957655 0.4041958041958042 0.025244299674267102 0.044755244755244755
1 0.7719869706840391 0.4125874125874126 0.027687296416938113 0.06993006993006994
1 0.8078175895765473 0.36643356643356645 0.021172638436482087 0.04195804195804196
1 0.8566775244299675 0.4062937062937063 0.02280130293159609 0.043356643356643354
1 0.8448697068403909 0.45244755244755247 0.030130293159609123 0.05174825174825175
1 0.9230456026058632 0.46503496503496505 0.033387622149837134 0.057342657342657345
1 0.9230456026058632 0.40559440559440557 0.020358306188925084 0.044755244755244755
1 0.9291530944625408 0.3475524475524476 0.017915309446254073 0.03776223776223776
1 0.8933224755700326 0.33356643356643356 0.017915309446254073 0.032167832167832165
1 0.8440553745928339 0.31888111888111886 0.01710097719869707 0.027972027972027972
1 0.8171824104234529 0.2986013986013986 0.01710097719869707 0.032167832167832165
1 0.757328990228013 0.3048951048951049 0.017915309446254073 0.03076923076923077
1 0.8603420195439739 0.3118881118881119 0.010586319218241044 0.027972027972027972
1 0.8513843648208469 0.2699300699300699 0.010586319218241044 0.03076923076923077
1 0.875 0.25804195804195806 0.013843648208469056 0.032167832167832165
1 0.8978013029315961 0.2762237762237762 0.012214983713355049 0.03496503496503497
1 0.9348534201954398 0.26783216783216784 0.016286644951140065 0.032167832167832165
1 0.9279315960912052 0.32447552447552447 0.018729641693811076 0.04195804195804196
1 0.9360749185667753 0.2923076923076923 0.013843648208469056 0.025174825174825173
1 0.8102605863192183 0.23776223776223776 0.016286644951140065 0.022377622377622378
1 0.7837947882736157 0.23916083916083916 0.021986970684039087 0.033566433566433566
1 0.749185667752443 0.23356643356643356 0.01954397394136808 0.027972027972027972
1 0.5590390879478827 0.22447552447552446 0.015472312703583062 0.02937062937062937
1 0.629885993485342 0.24825174825174826 0.012214983713355049 0.023776223776223775
1 0.5280944625407167 0.27692307692307694 0.015472312703583062 0.025174825174825173
1 0.5183224755700326 0.24125874125874125 0.013843648208469056 0.01818181818181818
1 0.4165309446254072 0.26573426573426573 0.013843648208469056 0.027972027972027972
1 0.5761400651465798 0.26433566433566436 0.013843648208469056 0.027972027972027972
1 0.6714169381107492 0.2818181818181818 0.01710097719869707 0.026573426573426574
1 0.8737785016286646 0.3769230769230769 0.016286644951140065 0.02937062937062937
1 0.3558631921824104 0.33986013986013985 0.017915309446254073 0.03076923076923077
1 0.7756514657980457 0.28601398601398603 0.015472312703583062 0.026573426573426574
1 0.8428338762214984 0.2573426573426573 0.013029315960912053 0.03076923076923077
