1 0.2380224260958206 0.4426229508196721 0.06014271151885831 0.11657559198542805
1 0.3450560652395515 0.27413479052823314 0.019367991845056068 0.04189435336976321
1 0.41233435270132524 0.2540983606557377 0.02140672782874618 0.04918032786885246
1 0.4347604485219164 0.26229508196721313 0.02344546381243629 0.05100182149362477
1 0.3776758409785933 0.20765027322404372 0.017329255861365956 0.04371584699453552
1 0.42609582059123347 0.21129326047358835 0.0163098878695209 0.03278688524590164
1 0.4454638124362895 0.21129326047358835 0.0163098878695209 0.04007285974499089
1 0.4750254841997962 0.2459016393442623 0.022426095820591234 0.05100182149362477
1 0.41080530071355764 0.1848816029143898 0.0163098878695209 0.03825136612021858
1 0.41997961264016315 0.1766848816029144 0.010193679918450561 0.025500910746812384
1 0.4373088685015291 0.18670309653916212 0.0163098878695209 0.03825136612021858
1 0.45820591233435276 0.18397085610200364 0.015290519877675842 0.04007285974499089
1 0.471967380224261 0.2185792349726776 0.0163098878695209 0.03642987249544627
1 0.47859327217125386 0.19672131147540983 0.017329255861365956 0.03278688524590164
1 0.4791029561671764 0.1721311475409836 0.0163098878695209 0.0273224043715847
1 0.4760448521916412 0.1493624772313297 0.0163098878695209 0.025500910746812384
1 0.5117227319062182 0.20491803278688525 0.020387359836901122 0.03825136612021858
1 0.5463812436289501 0.20491803278688525 0.01834862385321101 0.04189435336976321
1 0.5056065239551478 0.14663023679417123 0.014271151885830786 0.023679417122040074
1 0.5061162079510704 0.1284153005464481 0.011213047910295617 0.0273224043715847
1 0.5392456676860347 0.14845173041894352 0.014271151885830786 0.03460837887067395
1 0.5499490316004078 0.1448087431693989 0.011213047910295617 0.023679417122040074
1 0.5596330275229359 0.17486338797814208 0.014271151885830786 0.03642987249544627
1 0.5815494393476045 0.14754098360655737 0.015290519877675842 0.03278688524590164
1 0.5942915392456677 0.17395264116575593 0.014271151885830786 0.030965391621129327
1 0.5835881753312946 0.12295081967213115 0.01325178389398573 0.023679417122040074
1 0.6106014271151886 0.13479052823315119 0.012232415902140675 0.025500910746812384
1 0.6202854230377166 0.11202185792349727 0.011213047910295617 0.0273224043715847
1 0.6427115188583079 0.1384335154826958 0.01325178389398573 0.03278688524590164
1 0.6681957186544343 0.11930783242258652 0.015290519877675842 0.030965391621129327
1 0.6692150866462794 0.14754098360655737 0.015290519877675842 0.03642987249544627
1 0.6906218144750256 0.1384335154826958 0.015290519877675842 0.03278688524590164
1 0.7130479102956168 0.12295081967213115 0.01325178389398573 0.030965391621129327
1 0.572375127420999 0.27231329690346084 0.025484199796126403 0.04918032786885246
1 0.6197757390417942 0.26229508196721313 0.02446483180428135 0.061930783242258654
1 0.535677879714577 0.18214936247723132 0.015290519877675842 0.029143897996357013
1 0.6483180428134557 0.24499089253187614 0.020387359836901122 0.04189435336976321
1 0.6330275229357799 0.302367941712204 0.028542303771661573 0.06557377049180328
1 0.6870540265035678 0.35792349726775957 0.030581039755351685 0.06375227686703097
1 0.7303771661569828 0.3069216757741348 0.025484199796126403 0.060109289617486336
1 0.7675840978593272 0.24681238615664844 0.020387359836901122 0.056466302367941715
1 0.8058103975535169 0.27413479052823314 0.027522935779816515 0.060109289617486336
1 0.6809378185524975 0.20400728597449908 0.020387359836901122 0.04735883424408015
1 0.7069317023445464 0.18214936247723132 0.015290519877675842 0.03642987249544627
1 0.7191641182466871 0.19672131147540983 0.017329255861365956 0.04371584699453552
1 0.7349643221202855 0.16393442622950818 0.014271151885830786 0.03642987249544627
1 0.7426095820591234 0.18670309653916212 0.015290519877675842 0.04189435336976321
1 0.7589194699286443 0.21402550091074682 0.019367991845056068 0.04918032786885246
1 0.7568807339449541 0.14754098360655737 0.01325178389398573 0.03278688524590164
1 0.7655453618756372 0.16393442622950818 0.0163098878695209 0.03278688524590164
1 0.799184505606524 0.14025500910746813 0.012232415902140675 0.03278688524590164
1 0.8017329255861366 0.16757741347905283 0.01325178389398573 0.03278688524590164
1 0.789500509683996 0.20218579234972678 0.01325178389398573 0.04007285974499089
1 0.8047910295616718 0.22131147540983606 0.017329255861365956 0.04189435336976321
1 0.835881753312946 0.1885245901639344 0.014271151885830786 0.03825136612021858
1 0.8481141692150868 0.1703096539162113 0.014271151885830786 0.03825136612021858
1 0.8506625891946994 0.2331511839708561 0.015290519877675842 0.04735883424408015
1 0.8705402650356779 0.20400728597449908 0.014271151885830786 0.03278688524590164
1 0.8868501529051989 0.18761384335154827 0.012232415902140675 0.03642987249544627
1 0.8990825688073395 0.22404371584699453 0.0163098878695209 0.04735883424408015
1 0.889908256880734 0.25591985428051 0.01834862385321101 0.04918032786885246
1 0.9016309887869521 0.2987249544626594 0.019367991845056068 0.061930783242258654
1 0.9332313965341489 0.31420765027322406 0.019367991845056068 0.056466302367941715
1 0.8639143730886851 0.31693989071038253 0.025484199796126403 0.061930783242258654
1 0.9179408766564731 0.19398907103825136 0.015290519877675842 0.04553734061930783
1 0.9505606523955149 0.17759562841530055 0.011213047910295617 0.030965391621129327
1 0.9617737003058104 0.21311475409836064 0.015290519877675842 0.03642987249544627
1 0.9413863404689093 0.24316939890710382 0.015290519877675842 0.04189435336976321
1 0.95361875637105 0.1994535519125683 0.011213047910295617 0.030965391621129327
