1 0.11458333333333333 0.5893416927899686 0.06666666666666667 0.09404388714733541
1 0.06875 0.5454545454545454 0.04583333333333333 0.06896551724137931
1 0.06041666666666667 0.49843260188087773 0.03333333333333333 0.050156739811912224
1 0.03958333333333333 0.48589341692789967 0.029166666666666667 0.050156739811912224
1 0.014583333333333334 0.5172413793103449 0.025 0.06896551724137931
1 0.11354166666666667 0.46551724137931033 0.03125 0.05329153605015674
1 0.128125 0.5062695924764891 0.03125 0.05329153605015674
1 0.16041666666666665 0.5297805642633229 0.04583333333333333 0.06896551724137931
1 0.15520833333333334 0.47492163009404387 0.03125 0.04075235109717868
1 0.21354166666666666 0.49843260188087773 0.03958333333333333 0.06269592476489028
1 0.20520833333333333 0.45297805642633227 0.03125 0.04702194357366771
1 0.26145833333333335 0.5423197492163009 0.05625 0.0877742946708464
1 0.25104166666666666 0.6332288401253918 0.07291666666666667 0.12539184952978055
1 0.25104166666666666 0.4670846394984326 0.027083333333333334 0.0438871473354232
1 0.2625 0.44357366771159873 0.025 0.04075235109717868
1 0.3020833333333333 0.45768025078369906 0.03333333333333333 0.0438871473354232
1 0.31979166666666664 0.45297805642633227 0.022916666666666665 0.04075235109717868
1 0.35 0.5062695924764891 0.041666666666666664 0.07210031347962383
1 0.37604166666666666 0.5830721003134796 0.052083333333333336 0.10031347962382445
1 0.359375 0.44670846394984326 0.027083333333333334 0.04702194357366771
1 0.37604166666666666 0.47648902821316613 0.027083333333333334 0.0438871473354232
1 0.41354166666666664 0.4733542319749216 0.027083333333333334 0.0438871473354232
1 0.440625 0.4780564263322884 0.027083333333333334 0.05329153605015674
1 0.45625 0.44984326018808773 0.029166666666666667 0.05329153605015674
1 0.48020833333333335 0.4623824451410658 0.027083333333333334 0.05956112852664577
1 0.4791666666666667 0.5344827586206896 0.05 0.08463949843260188
1 0.5322916666666666 0.49686520376175547 0.03958333333333333 0.05956112852664577
1 0.5385416666666667 0.4592476489028213 0.022916666666666665 0.04702194357366771
1 0.5833333333333334 0.47178683385579934 0.0375 0.05956112852664577
1 0.6364583333333333 0.49059561128526646 0.04375 0.07210031347962383
1 0.6197916666666666 0.47021943573667707 0.03125 0.050156739811912224
1 0.678125 0.47962382445141066 0.035416666666666666 0.06896551724137931
1 0.8614583333333333 0.3228840125391849 0.11458333333333333 0.18181818181818182
