1 0.09326923076923077 0.5371794871794872 0.09423076923076923 0.12051282051282051
1 0.049038461538461545 0.4153846153846154 0.04807692307692308 0.06666666666666667
1 0.12307692307692308 0.4230769230769231 0.04230769230769231 0.06153846153846154
1 0.16923076923076924 0.441025641025641 0.057692307692307696 0.07692307692307693
1 0.12884615384615386 0.3730769230769231 0.026923076923076925 0.03333333333333333
1 0.4740384615384616 0.32051282051282054 0.025 0.035897435897435895
1 0.4432692307692308 0.3076923076923077 0.01730769230769231 0.03076923076923077
1 0.37788461538461543 0.4064102564102564 0.028846153846153848 0.03333333333333333
1 0.36250000000000004 0.36923076923076925 0.025 0.035897435897435895
1 0.4355769230769231 0.42948717948717946 0.04038461538461539 0.05897435897435897
1 0.4865384615384616 0.4641025641025641 0.05384615384615385 0.07692307692307693
1 0.5615384615384615 0.4256410256410256 0.04230769230769231 0.06666666666666667
1 0.5230769230769231 0.358974358974359 0.03461538461538462 0.046153846153846156
1 0.5990384615384615 0.37564102564102564 0.028846153846153848 0.038461538461538464
1 0.5432692307692308 0.5512820512820513 0.07115384615384615 0.08205128205128205
1 0.6028846153846155 0.7769230769230769 0.14038461538461539 0.1641025641025641
1 0.7682692307692308 0.5474358974358975 0.06730769230769232 0.08974358974358974
1 0.6317307692307693 0.46025641025641023 0.051923076923076926 0.06923076923076923
1 0.6605769230769231 0.38974358974358975 0.028846153846153848 0.041025641025641026
1 0.6375000000000001 0.34487179487179487 0.028846153846153848 0.03333333333333333
1 0.6971153846153847 0.4025641025641026 0.03653846153846154 0.041025641025641026
1 0.6961538461538462 0.358974358974359 0.023076923076923078 0.035897435897435895
1 0.7317307692307693 0.358974358974359 0.025 0.02564102564102564
1 0.775 0.38461538461538464 0.03076923076923077 0.03076923076923077
1 0.8740384615384615 0.3717948717948718 0.032692307692307694 0.046153846153846156
1 0.8298076923076924 0.3974358974358974 0.028846153846153848 0.03076923076923077
1 0.925 0.38076923076923075 0.03076923076923077 0.038461538461538464
1 0.8240384615384616 0.48205128205128206 0.04038461538461539 0.05641025641025641
1 0.9375 0.5243589743589744 0.0903846153846154 0.13076923076923078
