1 0.7636278195488722 0.3297872340425532 0.02725563909774436 0.05400981996726678
1 0.606203007518797 0.279050736497545 0.022556390977443608 0.05728314238952537
1 0.4844924812030075 0.31751227495908346 0.02537593984962406 0.05237315875613748
1 0.537593984962406 0.35106382978723405 0.02443609022556391 0.05728314238952537
1 0.5864661654135338 0.4001636661211129 0.03571428571428571 0.05728314238952537
1 0.5432330827067668 0.1391162029459902 0.011278195488721804 0.02618657937806874
1 0.5535714285714285 0.14402618657937807 0.013157894736842105 0.02618657937806874
1 0.046992481203007516 0.353518821603928 0.020676691729323307 0.03273322422258593
1 0.9078947368421052 0.1579378068739771 0.011278195488721804 0.024549918166939445
1 0.9342105263157894 0.16121112929623568 0.009398496240601503 0.024549918166939445
