1 0.8475 0.4388888888888889 0.03166666666666667 0.04
1 0.6937500000000001 0.45166666666666666 0.03916666666666667 0.05444444444444444
1 0.7191666666666667 0.44722222222222224 0.030000000000000002 0.04777777777777778
1 0.6441666666666667 0.46555555555555556 0.03333333333333333 0.04888888888888889
1 0.6125 0.4444444444444444 0.03333333333333333 0.042222222222222223
1 0.5716666666666667 0.425 0.02666666666666667 0.04111111111111111
1 0.5295833333333334 0.4272222222222222 0.0275 0.03666666666666667
1 0.5004166666666667 0.44722222222222224 0.030833333333333334 0.027777777777777776
1 0.4341666666666667 0.46555555555555556 0.03333333333333333 0.04
1 0.4033333333333334 0.42333333333333334 0.03333333333333333 0.03333333333333333
1 0.36625 0.44722222222222224 0.02416666666666667 0.03888888888888889
1 0.3479166666666667 0.42055555555555557 0.030833333333333334 0.03666666666666667
1 0.2916666666666667 0.42944444444444446 0.03166666666666667 0.04555555555555556
1 0.25125000000000003 0.44555555555555554 0.03416666666666667 0.051111111111111114
1 0.21041666666666667 0.485 0.060833333333333336 0.08777777777777777
1 0.22083333333333335 0.415 0.03166666666666667 0.034444444444444444
1 0.22666666666666668 0.43222222222222223 0.025 0.03333333333333333
1 0.1716666666666667 0.4311111111111111 0.03833333333333334 0.051111111111111114
1 0.13708333333333333 0.45666666666666667 0.037500000000000006 0.05555555555555555
1 0.10916666666666668 0.49444444444444446 0.05166666666666667 0.06444444444444444
1 0.1 0.4411111111111111 0.03333333333333333 0.04888888888888889
