1 0.06289881494986327 0.5656342182890856 0.040109389243391066 0.07817109144542772
1 0.1731996353691887 0.3532448377581121 0.02552415679124886 0.030973451327433628
1 0.2023701002734731 0.387905604719764 0.016408386508659983 0.04424778761061947
1 0.2397447584320875 0.3827433628318584 0.02187784867821331 0.04277286135693215
1 0.2876025524156791 0.3805309734513274 0.022789425706472195 0.04424778761061947
1 0.23792160437556972 0.32595870206489674 0.023701002734731084 0.032448377581120944
1 0.3113035551504102 0.3443952802359882 0.022789425706472195 0.03392330383480826
1 0.309024612579763 0.3075221238938053 0.020054694621695533 0.030973451327433628
1 0.35551504102096626 0.2750737463126844 0.02552415679124886 0.025073746312684365
1 0.37329079307201457 0.3443952802359882 0.024612579762989972 0.045722713864306784
1 0.45214220601640837 0.42330383480825956 0.03099361896080219 0.058997050147492625
1 0.5273473108477666 0.4387905604719764 0.0300820419325433 0.05457227138643068
1 0.5692798541476755 0.46976401179941 0.03190519598906107 0.06932153392330384
1 0.6144029170464904 0.47345132743362833 0.03646308113035551 0.07374631268436578
1 0.6973564266180492 0.5612094395280236 0.03099361896080219 0.07227138643067846
1 0.41431175934366454 0.36209439528023596 0.020966271649954422 0.030973451327433628
1 0.43710118505013673 0.32890855457227136 0.019143117593436645 0.035398230088495575
1 0.47584320875113945 0.33997050147492625 0.020054694621695533 0.03687315634218289
1 0.39288969917958066 0.26843657817109146 0.018231540565177756 0.02359882005899705
1 0.41157702825888787 0.27876106194690264 0.013673655423883317 0.029498525073746312
1 0.4275296262534184 0.28171091445427726 0.01276207839562443 0.029498525073746312
1 0.43026435733819507 0.2536873156342183 0.014585232452142206 0.02359882005899705
1 0.4822242479489517 0.2728613569321534 0.014585232452142206 0.035398230088495575
1 0.5018231540565178 0.25663716814159293 0.011850501367365542 0.029498525073746312
1 0.5355515041020966 0.2551622418879056 0.013673655423883317 0.029498525073746312
1 0.5364630811303555 0.22861356932153393 0.011850501367365542 0.02064896755162242
1 0.49772105742935274 0.2949852507374631 0.014585232452142206 0.02654867256637168
1 0.5300820419325433 0.29646017699115046 0.015496809480401094 0.032448377581120944
1 0.5186873290793071 0.3753687315634218 0.023701002734731084 0.048672566371681415
1 0.5998176845943483 0.39823008849557523 0.02552415679124886 0.04424778761061947
1 0.5888787602552416 0.33628318584070793 0.023701002734731084 0.04129793510324484
1 0.5587967183226983 0.278023598820059 0.018231540565177756 0.028023598820058997
1 0.613947128532361 0.26769911504424776 0.017319963536918868 0.028023598820058997
1 0.5865998176845943 0.2617994100294985 0.015496809480401094 0.025073746312684365
1 0.6312670920692799 0.2345132743362832 0.015496809480401094 0.02654867256637168
1 0.617137648131267 0.2182890855457227 0.01276207839562443 0.032448377581120944
1 0.5519598906107566 0.22935103244837757 0.011850501367365542 0.019174041297935103
1 0.5952597994530537 0.21976401179941002 0.018231540565177756 0.02654867256637168
1 0.3432087511394713 0.35029498525073743 0.020966271649954422 0.03687315634218289
1 0.6572470373746582 0.21902654867256638 0.014585232452142206 0.022123893805309734
1 0.6927985414767548 0.3126843657817109 0.016408386508659983 0.04129793510324484
1 0.7046490428441203 0.25958702064896755 0.014585232452142206 0.038348082595870206
1 0.6645396536007292 0.2868731563421829 0.018231540565177756 0.03687315634218289
1 0.6681859617137648 0.23672566371681417 0.01276207839562443 0.022123893805309734
1 0.7333637192342752 0.24926253687315633 0.015496809480401094 0.032448377581120944
1 0.7506836827711941 0.23820058997050148 0.015496809480401094 0.030973451327433628
1 0.7675478577939836 0.27064896755162243 0.01276207839562443 0.03392330383480826
1 0.7835004557885141 0.29056047197640117 0.017319963536918868 0.038348082595870206
1 0.7880583409298085 0.24557522123893805 0.013673655423883317 0.028023598820058997
1 0.8195077484047402 0.25147492625368734 0.018231540565177756 0.030973451327433628
1 0.8263445761166819 0.31194690265486724 0.019143117593436645 0.03687315634218289
1 0.8217866909753874 0.3702064896755162 0.024612579762989972 0.05014749262536873
1 0.8381950774840474 0.35176991150442477 0.015496809480401094 0.03982300884955752
1 0.8559708295350957 0.33480825958702065 0.014585232452142206 0.035398230088495575
1 0.8687329079307201 0.29056047197640117 0.016408386508659983 0.029498525073746312
1 0.8869644484958978 0.26769911504424776 0.014585232452142206 0.030973451327433628
1 0.853236098450319 0.2654867256637168 0.010938924339106655 0.02654867256637168
1 0.9156791248860529 0.2912979351032448 0.013673655423883317 0.03687315634218289
1 0.9124886052871467 0.334070796460177 0.018231540565177756 0.03687315634218289
1 0.6230628988149498 0.3193215339233038 0.022789425706472195 0.03392330383480826
1 0.6453965360072926 0.385693215339233 0.027347310847766634 0.06047197640117994
1 0.6855059252506837 0.37094395280235987 0.023701002734731084 0.045722713864306784
1 0.7219690063810392 0.41887905604719766 0.03099361896080219 0.05604719764011799
1 0.7812215132178669 0.4424778761061947 0.027347310847766634 0.061946902654867256
1 0.8318140382862351 0.5228613569321534 0.02643573381950775 0.06342182890855458
1 0.8577939835916135 0.49262536873156343 0.02552415679124886 0.061946902654867256
1 0.8673655423883317 0.4351032448377581 0.024612579762989972 0.058997050147492625
1 0.8855970829535096 0.3606194690265487 0.020966271649954422 0.04277286135693215
1 0.9348222424794895 0.3384955752212389 0.017319963536918868 0.03392330383480826
1 0.9557885141294439 0.3185840707964602 0.019143117593436645 0.029498525073746312
1 0.9471285323609845 0.3775811209439528 0.020054694621695533 0.04129793510324484
1 0.9298085688240656 0.47050147492625366 0.023701002734731084 0.06784660766961652
1 0.9626253418413856 0.29277286135693215 0.014585232452142206 0.022123893805309734
1 0.7443026435733819 0.26843657817109146 0.013673655423883317 0.035398230088495575
1 0.369644484958979 0.31563421828908556 0.015496809480401094 0.02654867256637168
1 0.3664539653600729 0.2935103244837758 0.016408386508659983 0.02654867256637168
1 0.4389243391066545 0.24631268436578171 0.013673655423883317 0.02359882005899705
