1 0.8911111111111111 0.2025 0.21777777777777776 0.225
1 0.6511111111111111 0.2275 0.035555555555555556 0.025
1 0.5611111111111111 0.2775 0.051111111111111114 0.03166666666666667
1 0.5033333333333333 0.2816666666666667 0.051111111111111114 0.04
1 0.45 0.2841666666666667 0.04666666666666667 0.04166666666666667
1 0.37666666666666665 0.27083333333333337 0.07333333333333333 0.045000000000000005
1 0.31222222222222223 0.2791666666666667 0.042222222222222223 0.03166666666666667
1 0.2611111111111111 0.2775 0.06888888888888889 0.04833333333333334
1 0.15666666666666668 0.28250000000000003 0.06888888888888889 0.065
1 0.08666666666666667 0.2725 0.08888888888888889 0.07166666666666667
