1 0.05072463768115942 0.39980158730158727 0.023411371237458192 0.05357142857142857
1 0.2636566332218506 0.2579365079365079 0.014492753623188406 0.031746031746031744
1 0.27480490523968787 0.2718253968253968 0.016722408026755852 0.031746031746031744
1 0.31382385730211815 0.24503968253968253 0.016722408026755852 0.03373015873015873
1 0.32887402452619846 0.21924603174603174 0.015607580824972128 0.03373015873015873
1 0.35618729096989965 0.22817460317460317 0.016722408026755852 0.027777777777777776
1 0.3573021181716834 0.2936507936507936 0.0189520624303233 0.03571428571428571
1 0.38238573021181715 0.30456349206349204 0.024526198439241916 0.041666666666666664
1 0.38238573021181715 0.1875 0.013377926421404682 0.025793650793650792
1 0.39241917502787066 0.21825396825396826 0.015607580824972128 0.031746031746031744
1 0.40022296544035674 0.20337301587301587 0.015607580824972128 0.025793650793650792
1 0.4052396878483835 0.18154761904761904 0.014492753623188406 0.025793650793650792
1 0.44481605351170567 0.19444444444444442 0.015607580824972128 0.031746031746031744
1 0.4498327759197324 0.21428571428571427 0.016722408026755852 0.03571428571428571
1 0.46989966555183943 0.22817460317460317 0.016722408026755852 0.03968253968253968
1 0.45819397993311034 0.15376984126984125 0.013377926421404682 0.025793650793650792
1 0.479933110367893 0.19246031746031744 0.016722408026755852 0.031746031746031744
1 0.47157190635451507 0.17658730158730157 0.015607580824972128 0.031746031746031744
1 0.5 0.1349206349206349 0.010033444816053512 0.01984126984126984
1 0.5061315496098104 0.1607142857142857 0.011148272017837236 0.023809523809523808
1 0.5139353400222966 0.1884920634920635 0.015607580824972128 0.031746031746031744
1 0.5211817168338907 0.22023809523809523 0.0189520624303233 0.03968253968253968
1 0.5295429208472686 0.1607142857142857 0.013377926421404682 0.027777777777777776
1 0.5457079152731327 0.1597222222222222 0.014492753623188406 0.02976190476190476
1 0.5629877369007804 0.15376984126984125 0.011148272017837236 0.021825396825396824
1 0.5652173913043478 0.12301587301587301 0.011148272017837236 0.027777777777777776
1 0.5908584169453734 0.13988095238095238 0.013377926421404682 0.025793650793650792
1 0.612597547380156 0.12003968253968253 0.010033444816053512 0.021825396825396824
1 0.6159420289855072 0.14484126984126983 0.014492753623188406 0.027777777777777776
1 0.6376811594202898 0.14484126984126983 0.015607580824972128 0.031746031746031744
1 0.644927536231884 0.12301587301587301 0.012263099219620958 0.023809523809523808
1 0.6711259754738016 0.12103174603174602 0.013377926421404682 0.023809523809523808
1 0.5813823857302118 0.17261904761904762 0.014492753623188406 0.027777777777777776
1 0.5735785953177257 0.21825396825396826 0.0189520624303233 0.047619047619047616
1 0.6059085841694537 0.20634920634920634 0.0189520624303233 0.03571428571428571
1 0.6159420289855072 0.24206349206349204 0.02564102564102564 0.051587301587301584
1 0.5702341137123745 0.30257936507936506 0.023411371237458192 0.05357142857142857
1 0.49609810479375693 0.2976190476190476 0.026755852842809364 0.047619047619047616
1 0.6086956521739131 0.3224206349206349 0.031215161649944256 0.057539682539682536
1 0.6555183946488294 0.2876984126984127 0.024526198439241916 0.051587301587301584
1 0.6516164994425864 0.2123015873015873 0.0189520624303233 0.04365079365079365
1 0.6527313266443701 0.18353174603174602 0.016722408026755852 0.02976190476190476
1 0.6923076923076923 0.15277777777777776 0.013377926421404682 0.023809523809523808
1 0.7051282051282051 0.15079365079365079 0.012263099219620958 0.027777777777777776
1 0.7157190635451505 0.16964285714285712 0.015607580824972128 0.02976190476190476
1 0.6945373467112598 0.17757936507936506 0.017837235228539576 0.041666666666666664
1 0.7251950947603122 0.12003968253968253 0.012263099219620958 0.025793650793650792
1 0.7452619843924192 0.1388888888888889 0.014492753623188406 0.031746031746031744
1 0.7586399108138239 0.13095238095238093 0.014492753623188406 0.027777777777777776
1 0.7608695652173912 0.16269841269841268 0.016722408026755852 0.03968253968253968
1 0.7809364548494984 0.16468253968253968 0.016722408026755852 0.031746031746031744
1 0.7764771460423634 0.14384920634920634 0.012263099219620958 0.02976190476190476
1 0.7636566332218506 0.21428571428571427 0.020066889632107024 0.03968253968253968
1 0.729654403567447 0.20238095238095238 0.016722408026755852 0.031746031746031744
1 0.7263099219620959 0.23115079365079363 0.0189520624303233 0.037698412698412696
1 0.7536231884057971 0.23908730158730157 0.017837235228539576 0.041666666666666664
1 0.697324414715719 0.28968253968253965 0.021181716833890748 0.047619047619047616
1 0.7575250836120401 0.2867063492063492 0.021181716833890748 0.0496031746031746
1 0.8389074693422519 0.32440476190476186 0.023411371237458192 0.05357142857142857
1 0.8545150501672241 0.2361111111111111 0.021181716833890748 0.04365079365079365
1 0.9136008918617614 0.25595238095238093 0.021181716833890748 0.047619047619047616
1 0.9018952062430323 0.23214285714285712 0.017837235228539576 0.031746031746031744
1 0.8846153846153846 0.20436507936507936 0.016722408026755852 0.03968253968253968
1 0.8768115942028986 0.16865079365079363 0.014492753623188406 0.027777777777777776
1 0.8885172798216276 0.16468253968253968 0.015607580824972128 0.031746031746031744
1 0.8528428093645485 0.16765873015873015 0.015607580824972128 0.02976190476190476
1 0.8361204013377926 0.185515873015873 0.015607580824972128 0.037698412698412696
1 0.8210702341137124 0.2113095238095238 0.0189520624303233 0.037698412698412696
1 0.8316610925306578 0.15873015873015872 0.015607580824972128 0.027777777777777776
