1 0.18011527377521613 0.48163606010016696 0.043227665706051875 0.08180300500834725
1 0.345821325648415 0.5759599332220368 0.05571565802113353 0.11352253756260434
1 0.3429394812680115 0.2595993322203673 0.017291066282420747 0.038397328881469114
1 0.3727185398655139 0.2646076794657763 0.021133525456292025 0.038397328881469114
1 0.43611911623439 0.27879799666110183 0.023054755043227664 0.04006677796327212
1 0.42267050912584053 0.21869782971619367 0.019212295869356386 0.0333889816360601
1 0.4596541786743516 0.2312186978297162 0.020172910662824207 0.038397328881469114
1 0.4596541786743516 0.1911519198664441 0.01633045148895293 0.03171953255425709
1 0.4966378482228626 0.1978297161936561 0.013448607108549471 0.03171953255425709
1 0.4644572526416907 0.15358931552587646 0.01440922190201729 0.01669449081803005
1 0.49375600384245916 0.14691151919866444 0.01536983669548511 0.02003338898163606
1 0.47886647454370795 0.19449081803005008 0.01633045148895293 0.028380634390651086
1 0.5384245917387127 0.21869782971619367 0.01825168107588857 0.03005008347245409
1 0.5384245917387127 0.14273789649415694 0.01440922190201729 0.028380634390651086
1 0.5701248799231508 0.14858096828046746 0.012487992315081652 0.02003338898163606
1 0.5845341018251681 0.16110183639398998 0.01633045148895293 0.025041736227045076
1 0.48943323727185395 0.3263772954924875 0.027857829010566763 0.05509181969949917
1 0.675312199807877 0.24874791318864775 0.024975984630163303 0.05008347245409015
1 0.7377521613832853 0.2846410684474124 0.024975984630163303 0.05843071786310518
1 0.7973102785782901 0.2846410684474124 0.023054755043227664 0.05175292153589316
1 0.707492795389049 0.15025041736227046 0.012487992315081652 0.03005008347245409
1 0.7315081652257445 0.162771285475793 0.01633045148895293 0.03171953255425709
1 0.7219020172910663 0.14273789649415694 0.01633045148895293 0.028380634390651086
1 0.7560038424591738 0.1285475792988314 0.013448607108549471 0.02671118530884808
1 0.7680115273775215 0.11769616026711185 0.01825168107588857 0.03171953255425709
1 0.8242074927953891 0.17529215358931552 0.017291066282420747 0.0333889816360601
1 0.8237271853986551 0.1285475792988314 0.010566762728146013 0.02671118530884808
1 0.8952929875120077 0.21953255425709517 0.019212295869356386 0.048414023372287146
