1 0.28536184210526316 0.6071428571428571 0.12664473684210525 0.20967741935483872
1 0.22450657894736842 0.3974654377880184 0.07730263157894736 0.12211981566820276
1 0.3338815789473684 0.31451612903225806 0.0625 0.09907834101382489
1 0.4720394736842105 0.42626728110599077 0.07894736842105263 0.1152073732718894
1 0.5814144736842105 0.38018433179723504 0.06414473684210525 0.1152073732718894
1 0.5682565789473684 0.5587557603686636 0.11019736842105263 0.1543778801843318
1 0.8108552631578947 0.554147465437788 0.09539473684210525 0.16359447004608296
1 0.944078947368421 0.4504608294930876 0.08881578947368421 0.1497695852534562
1 0.8799342105263157 0.07373271889400922 0.09539473684210525 0.11981566820276497
1 0.778782894736842 0.347926267281106 0.07072368421052631 0.09216589861751152
1 0.8223684210526315 0.33064516129032256 0.046052631578947366 0.06682027649769585
1 0.5830592105263157 0.2465437788018433 0.05756578947368421 0.07373271889400922
1 0.5238486842105263 0.24769585253456222 0.044407894736842105 0.07603686635944701
1 0.553453947368421 0.24308755760368664 0.03453947368421052 0.0576036866359447
1 0.4383223684210526 0.22350230414746544 0.03782894736842105 0.06451612903225806
1 0.4046052631578947 0.2488479262672811 0.046052631578947366 0.06912442396313365
1 0.3495065789473684 0.19700460829493088 0.03453947368421052 0.0576036866359447
1 0.30509868421052627 0.2108294930875576 0.03453947368421052 0.0576036866359447
1 0.13898026315789472 0.2672811059907834 0.04769736842105263 0.08294930875576037
1 0.16858552631578946 0.21313364055299538 0.041118421052631575 0.07142857142857142
1 0.08634868421052631 0.18433179723502305 0.041118421052631575 0.06912442396313365
1 0.03865131578947368 0.22235023041474655 0.05098684210526316 0.07142857142857142
1 0.04523026315789473 0.31451612903225806 0.06743421052631579 0.09907834101382489
