1 0.03416666666666667 0.42105263157894735 0.03166666666666667 0.05513784461152882
1 0.065 0.41604010025062654 0.030000000000000002 0.040100250626566414
1 0.14333333333333334 0.42857142857142855 0.023333333333333334 0.045112781954887216
1 0.1925 0.5213032581453634 0.10166666666666667 0.17543859649122806
1 0.24750000000000003 0.48120300751879697 0.055 0.11528822055137844
1 0.22333333333333336 0.42857142857142855 0.04 0.06516290726817042
1 0.26583333333333337 0.4298245614035088 0.03833333333333334 0.06766917293233082
1 0.3116666666666667 0.44360902255639095 0.03333333333333333 0.045112781954887216
1 0.35250000000000004 0.42355889724310775 0.04166666666666667 0.05513784461152882
1 0.35583333333333333 0.46616541353383456 0.045000000000000005 0.07518796992481203
1 0.4033333333333334 0.49874686716791977 0.05333333333333334 0.13032581453634084
1 0.45833333333333337 0.5 0.09333333333333334 0.18796992481203006
1 0.4891666666666667 0.44360902255639095 0.045000000000000005 0.08020050125313283
1 0.5391666666666667 0.47117794486215536 0.05166666666666667 0.09523809523809523
1 0.5541666666666667 0.43107769423558895 0.021666666666666667 0.040100250626566414
1 0.5750000000000001 0.43107769423558895 0.023333333333333334 0.05012531328320802
1 0.6033333333333334 0.4398496240601504 0.02666666666666667 0.047619047619047616
1 0.6316666666666667 0.44360902255639095 0.02666666666666667 0.06015037593984962
1 0.6675000000000001 0.4799498746867168 0.07500000000000001 0.14285714285714285
1 0.7375 0.47243107769423553 0.045000000000000005 0.07769423558897243
1 0.81 0.5238095238095237 0.09666666666666668 0.19047619047619047
1 0.895 0.46365914786967416 0.05 0.10025062656641603
1 0.9550000000000001 0.4849624060150376 0.043333333333333335 0.07769423558897243
