1 0.03298045602605863 0.4032258064516129 0.020358306188925084 0.04067321178120617
1 0.23493485342019546 0.3394109396914446 0.01710097719869707 0.033660589060308554
1 0.26017915309446255 0.3695652173913043 0.020358306188925084 0.043478260869565216
1 0.2915309446254072 0.3751753155680224 0.021172638436482087 0.043478260869565216
1 0.2980456026058632 0.30364656381486677 0.016286644951140065 0.03225806451612903
1 0.3350977198697069 0.3611500701262272 0.023615635179153095 0.04628330995792426
1 0.3587133550488599 0.29312762973352036 0.01710097719869707 0.033660589060308554
1 0.35912052117263843 0.335203366058906 0.017915309446254073 0.033660589060308554
1 0.38436482084690554 0.3302945301542777 0.017915309446254073 0.03225806451612903
1 0.40879478827361565 0.33660589060308554 0.02280130293159609 0.04207573632538569
1 0.3937296416938111 0.2573632538569425 0.013843648208469056 0.03225806451612903
1 0.40920195439739415 0.270687237026648 0.015472312703583062 0.028050490883590462
1 0.41123778501628666 0.3008415147265077 0.01954397394136808 0.03225806451612903
1 0.4446254071661238 0.34151472650771386 0.021172638436482087 0.043478260869565216
1 0.43118892508143325 0.25455820476858343 0.013843648208469056 0.029453015427769985
1 0.4470684039087948 0.2720897615708275 0.016286644951140065 0.033660589060308554
1 0.47475570032573294 0.30364656381486677 0.01954397394136808 0.03506311360448808
1 0.4674267100977199 0.2461430575035063 0.017915309446254073 0.037868162692847124
1 0.47801302931596096 0.26858345021037866 0.016286644951140065 0.03225806451612903
1 0.502442996742671 0.3239831697054698 0.021172638436482087 0.03927068723702665
1 0.5109934853420196 0.2650771388499299 0.015472312703583062 0.030855539971949508
1 0.5256514657980457 0.2776998597475456 0.020358306188925084 0.033660589060308554
1 0.5179153094462541 0.2447405329593268 0.016286644951140065 0.02664796633941094
1 0.5399022801302932 0.2482468443197756 0.016286644951140065 0.030855539971949508
1 0.5537459283387622 0.30014025245441794 0.017915309446254073 0.033660589060308554
1 0.5594462540716613 0.2300140252454418 0.016286644951140065 0.028050490883590462
1 0.5834690553745928 0.2573632538569425 0.015472312703583062 0.03225806451612903
1 0.5753257328990228 0.22300140252454417 0.01710097719869707 0.02244039270687237
1 0.6001628664495114 0.24894810659186534 0.016286644951140065 0.03225806451612903
1 0.6034201954397395 0.22300140252454417 0.013029315960912053 0.030855539971949508
1 0.6103420195439739 0.2082748948106592 0.012214983713355049 0.02664796633941094
1 0.6278501628664496 0.22019635343618513 0.013029315960912053 0.033660589060308554
1 0.6412866449511401 0.24754558204768584 0.013843648208469056 0.023842917251051893
1 0.6416938110749186 0.22791023842917252 0.01465798045602606 0.029453015427769985
1 0.6571661237785017 0.21528751753155678 0.011400651465798045 0.023842917251051893
1 0.6758957654723128 0.23071528751753156 0.013029315960912053 0.03506311360448808
1 0.6974755700325733 0.22791023842917252 0.013843648208469056 0.029453015427769985
1 0.7052117263843648 0.2573632538569425 0.016286644951140065 0.03506311360448808
1 0.6767100977198698 0.2713884992987377 0.017915309446254073 0.03506311360448808
1 0.632328990228013 0.30154277699859744 0.020358306188925084 0.04207573632538569
1 0.6026058631921825 0.33099579242636745 0.02280130293159609 0.03927068723702665
1 0.6095276872964169 0.3590462833099579 0.021986970684039087 0.04488078541374474
1 0.5362377850162867 0.35203366058906027 0.02687296416938111 0.047685834502103785
1 0.4653908794788274 0.4102384291725105 0.033387622149837134 0.05750350631136045
1 0.5468241042345278 0.4032258064516129 0.02687296416938111 0.051893408134642355
1 0.6119706840390879 0.4179523141654979 0.028501628664495116 0.056100981767180924
1 0.6530944625407167 0.4481065918653576 0.03908794788273616 0.06591865357643759
1 0.6526872964169381 0.37237026647966337 0.02687296416938111 0.06030855539971949
1 0.6868892508143323 0.35624123422159887 0.02687296416938111 0.04488078541374474
1 0.6807817589576548 0.32187938288920054 0.02280130293159609 0.04067321178120617
1 0.7153908794788274 0.4698457223001402 0.03664495114006515 0.0729312762973352
1 0.7308631921824105 0.39901823281907434 0.02687296416938111 0.04908835904628331
1 0.7805374592833877 0.4228611500701262 0.030130293159609123 0.0546984572230014
1 0.8379478827361564 0.5245441795231416 0.035830618892508145 0.06732117812061711
1 0.8436482084690554 0.4326788218793829 0.03257328990228013 0.051893408134642355
1 0.8106677524429968 0.36395511921458623 0.023615635179153095 0.051893408134642355
1 0.8147394136807818 0.33590462833099577 0.021986970684039087 0.043478260869565216
1 0.7259771986970684 0.288218793828892 0.018729641693811076 0.03506311360448808
1 0.740228013029316 0.2601683029453015 0.016286644951140065 0.04067321178120617
1 0.7463355048859935 0.2405329593267882 0.012214983713355049 0.02664796633941094
1 0.7569218241042346 0.2349228611500701 0.015472312703583062 0.03225806451612903
1 0.7703583061889251 0.2861150070126227 0.01465798045602606 0.033660589060308554
1 0.7585504885993486 0.26297335203366057 0.01710097719869707 0.02664796633941094
1 0.7772801302931597 0.2391304347826087 0.013843648208469056 0.029453015427769985
1 0.7862377850162867 0.2517531556802244 0.013843648208469056 0.029453015427769985
1 0.8192182410423453 0.29873772791023845 0.016286644951140065 0.030855539971949508
1 0.8135179153094463 0.2678821879382889 0.016286644951140065 0.030855539971949508
1 0.8412052117263844 0.30434782608695654 0.017915309446254073 0.03927068723702665
1 0.8489413680781759 0.28190743338008417 0.015472312703583062 0.033660589060308554
1 0.8407980456026058 0.2552594670406732 0.012214983713355049 0.028050490883590462
1 0.8599348534201955 0.270687237026648 0.013029315960912053 0.033660589060308554
1 0.870928338762215 0.2510518934081346 0.013843648208469056 0.033660589060308554
1 0.8945439739413681 0.2861150070126227 0.015472312703583062 0.0364656381486676
1 0.8851791530944626 0.32538569424964936 0.01465798045602606 0.028050490883590462
1 0.8778501628664496 0.34782608695652173 0.016286644951140065 0.0364656381486676
1 0.8603420195439739 0.3702664796633941 0.023615635179153095 0.05329593267882188
1 0.9108306188925082 0.4642356241234221 0.03664495114006515 0.06451612903225806
1 0.9140879478827362 0.32608695652173914 0.015472312703583062 0.04067321178120617
1 0.9311889250814332 0.2973352033660589 0.013843648208469056 0.028050490883590462
1 0.9287459283387622 0.27840112201963535 0.01710097719869707 0.03506311360448808
1 0.9328175895765473 0.36044880785413747 0.018729641693811076 0.05329593267882188
