1 0.35386965376782076 0.2443280977312391 0.035641547861507125 0.059336823734729496
1 0.42413441955193476 0.22774869109947646 0.021384928716904276 0.04013961605584642
1 0.46028513238289204 0.2356020942408377 0.02240325865580448 0.041884816753926704
1 0.5784114052953157 0.2024432809773124 0.02240325865580448 0.04886561954624782
1 0.5768839103869653 0.16841186736474695 0.02545824847250509 0.03664921465968587
1 0.6415478615071283 0.2670157068062827 0.024439918533604887 0.04886561954624782
1 0.6410386965376782 0.22774869109947646 0.027494908350305495 0.04363001745200698
1 0.6889002036659877 0.1806282722513089 0.01731160896130346 0.04013961605584642
1 0.6970468431771893 0.23298429319371727 0.02342158859470468 0.04363001745200698
1 0.9623217922606924 0.2399650959860384 0.02036659877800407 0.04013961605584642
