1 0.05508870214752568 0.4358552631578947 0.04108309990662932 0.08552631578947367
1 0.06909430438842204 0.5320723684210527 0.0392156862745098 0.10361842105263157
1 0.13071895424836602 0.43914473684210525 0.035480859010270774 0.09868421052631579
1 0.38468720821662 0.20230263157894735 0.022408963585434174 0.039473684210526314
1 0.3982259570494865 0.23355263157894735 0.021475256769374416 0.049342105263157895
1 0.465452847805789 0.22532894736842105 0.021475256769374416 0.042763157894736836
1 0.49253034547152197 0.21546052631578946 0.03081232492997199 0.05263157894736842
1 0.5210084033613446 0.14309210526315788 0.022408963585434174 0.046052631578947366
1 0.5667600373482726 0.13157894736842105 0.014939309056956116 0.023026315789473683
1 0.7156862745098039 0.12417763157894736 0.02334267040149393 0.04769736842105263
1 0.61531279178338 0.24013157894736842 0.02054154995331466 0.046052631578947366
1 0.9607843137254902 0.1282894736842105 0.02054154995331466 0.046052631578947366
1 0.9612511671335201 0.1875 0.025210084033613446 0.049342105263157895
