1 0.31838235294117645 0.8270833333333333 0.0838235294117647 0.13333333333333333
1 0.08455882352941177 0.721875 0.0661764705882353 0.10208333333333333
1 0.08970588235294118 0.6614583333333334 0.052941176470588235 0.05625
1 0.14191176470588235 0.6385416666666667 0.030882352941176472 0.04791666666666666
1 0.1838235294117647 0.6510416666666666 0.032352941176470584 0.05625
1 0.1661764705882353 0.7 0.03823529411764706 0.075
1 0.17720588235294119 0.5979166666666667 0.027941176470588233 0.04583333333333333
1 0.23602941176470588 0.5864583333333333 0.030882352941176472 0.04375
1 0.2286764705882353 0.6458333333333334 0.027941176470588233 0.04583333333333333
1 0.2676470588235294 0.6552083333333333 0.03823529411764706 0.06041666666666667
1 0.3073529411764706 0.6260416666666666 0.029411764705882353 0.03958333333333333
1 0.30073529411764705 0.5916666666666667 0.022058823529411763 0.0375
1 0.34338235294117647 0.6520833333333333 0.025 0.05
1 0.36617647058823527 0.6895833333333333 0.029411764705882353 0.06666666666666667
1 0.3676470588235294 0.6270833333333333 0.026470588235294117 0.04583333333333333
1 0.3669117647058823 0.575 0.01911764705882353 0.04583333333333333
1 0.3992647058823529 0.6479166666666667 0.030882352941176472 0.0625
1 0.4323529411764706 0.625 0.029411764705882353 0.05
1 0.47352941176470587 0.6354166666666666 0.03529411764705882 0.04583333333333333
1 0.4588235294117647 0.6822916666666666 0.032352941176470584 0.06041666666666667
1 0.525 0.634375 0.032352941176470584 0.06458333333333333
1 0.5426470588235294 0.675 0.029411764705882353 0.05416666666666667
1 0.5654411764705882 0.621875 0.030882352941176472 0.052083333333333336
1 0.575 0.5177083333333333 0.023529411764705882 0.04375
1 0.6286764705882353 0.678125 0.030882352941176472 0.052083333333333336
1 0.5992647058823529 0.6552083333333333 0.027941176470588233 0.04791666666666666
1 0.6176470588235294 0.5947916666666666 0.029411764705882353 0.04375
1 0.6669117647058823 0.6302083333333334 0.03676470588235294 0.04791666666666666
1 0.6786764705882353 0.5927083333333333 0.030882352941176472 0.04375
1 0.7 0.66875 0.026470588235294117 0.05416666666666667
1 0.7397058823529412 0.6208333333333333 0.032352941176470584 0.041666666666666664
1 0.7279411764705882 0.5864583333333333 0.026470588235294117 0.03958333333333333
1 0.7808823529411765 0.60625 0.029411764705882353 0.05416666666666667
1 0.8102941176470588 0.6333333333333333 0.029411764705882353 0.05416666666666667
1 0.7867647058823529 0.675 0.032352941176470584 0.058333333333333334
1 0.8602941176470588 0.6854166666666667 0.044117647058823525 0.058333333333333334
1 0.9183823529411764 0.6802083333333333 0.039705882352941174 0.04791666666666666
