1 0.10727272727272727 0.6961852861035422 0.08727272727272728 0.13896457765667575
1 0.05272727272727273 0.6471389645776566 0.05090909090909091 0.07356948228882834
1 0.1318181818181818 0.6062670299727521 0.04909090909090909 0.06811989100817438
1 0.17363636363636364 0.6267029972752043 0.045454545454545456 0.08174386920980926
1 0.22090909090909092 0.6580381471389646 0.07454545454545454 0.09536784741144413
1 0.2609090909090909 0.6267029972752043 0.045454545454545456 0.07084468664850135
1 0.3090909090909091 0.6076294277929155 0.05818181818181818 0.08174386920980926
1 0.37727272727272726 0.4891008174386921 0.045454545454545456 0.06811989100817438
1 0.6272727272727273 0.4141689373297003 0.04727272727272727 0.08719346049046321
1 0.6745454545454546 0.5967302452316076 0.05454545454545454 0.07629427792915532
1 0.7463636363636363 0.6852861035422343 0.07454545454545454 0.10081743869209808
1 0.7918181818181819 0.7888283378746593 0.15454545454545454 0.2098092643051771
1 0.7727272727272727 0.5871934604904632 0.06181818181818182 0.10626702997275204
1 0.8081818181818182 0.5790190735694822 0.04909090909090909 0.08991825613079019
1 0.8763636363636363 0.5885558583106267 0.05818181818181818 0.08174386920980926
1 0.9109090909090909 0.5749318801089918 0.04363636363636364 0.0653950953678474
1 0.9145454545454546 0.6376021798365122 0.06545454545454546 0.11444141689373297
1 0.9581818181818181 0.6267029972752043 0.08363636363636363 0.1416893732970027
