1 0.11875589066918002 0.45484949832775917 0.04524033930254477 0.08361204013377926
1 0.25777568331762485 0.2617056856187291 0.0235626767200754 0.038461538461538464
1 0.27521206409048066 0.26588628762541805 0.016965127238454288 0.030100334448160536
1 0.2973609802073515 0.2600334448160535 0.019792648444863337 0.03511705685618729
1 0.31621112158341186 0.22909698996655517 0.016022620169651274 0.033444816053511704
1 0.33317624882186614 0.225752508361204 0.016022620169651274 0.03678929765886287
1 0.32704995287464655 0.2725752508361204 0.022620169651272386 0.046822742474916385
1 0.3501413760603204 0.2625418060200669 0.0235626767200754 0.046822742474916385
1 0.3576814326107446 0.21989966555183946 0.021677662582469368 0.038461538461538464
1 0.3656927426955702 0.19648829431438128 0.01885014137606032 0.03511705685618729
1 0.38407163053722904 0.1948160535117057 0.016022620169651274 0.03177257525083612
1 0.38548539114043356 0.25501672240802675 0.022620169651272386 0.048494983277591976
1 0.4052780395852969 0.2692307692307692 0.022620169651272386 0.046822742474916385
1 0.4010367577756833 0.21153846153846154 0.021677662582469368 0.0451505016722408
1 0.4363807728557964 0.2391304347826087 0.022620169651272386 0.043478260869565216
1 0.4458058435438266 0.1931438127090301 0.02073515551366635 0.038461538461538464
1 0.4783223374175306 0.2265886287625418 0.021677662582469368 0.038461538461538464
1 0.4472196041470311 0.15719063545150502 0.016022620169651274 0.030100334448160536
1 0.46182846371347785 0.16806020066889632 0.016965127238454288 0.03177257525083612
1 0.4886899151743638 0.1939799331103679 0.021677662582469368 0.03678929765886287
1 0.5004712535344015 0.16304347826086957 0.016965127238454288 0.03177257525083612
1 0.4882186616399623 0.1362876254180602 0.016965127238454288 0.03177257525083612
1 0.55937794533459 0.11705685618729096 0.017907634307257305 0.030100334448160536
1 0.5372290292177191 0.18478260869565216 0.024505183788878417 0.04180602006688963
1 0.5805843543826579 0.2165551839464883 0.024505183788878417 0.051839464882943144
1 0.5702167766258247 0.1705685618729097 0.01885014137606032 0.03678929765886287
1 0.5504241281809613 0.15719063545150502 0.015080113100848256 0.033444816053511704
1 0.4835061262959472 0.31187290969899667 0.03204524033930255 0.061872909698996656
1 0.5852968897266729 0.28511705685618727 0.030160226201696512 0.05852842809364548
1 0.6366635249764373 0.3010033444816054 0.03487276154571159 0.06020066889632107
1 0.622525918944392 0.25334448160535117 0.0235626767200754 0.051839464882943144
1 0.6211121583411875 0.20819397993311037 0.022620169651272386 0.0451505016722408
1 0.5848256361922715 0.14214046822742474 0.016022620169651274 0.030100334448160536
1 0.5937794533459001 0.12123745819397994 0.00942507068803016 0.02508361204013378
1 0.6088595664467483 0.14966555183946487 0.015080113100848256 0.03511705685618729
1 0.6451460885956645 0.13127090301003344 0.016022620169651274 0.028428093645484948
1 0.6804901036757776 0.11956521739130435 0.013195098963242224 0.03511705685618729
1 0.6154571159283695 0.11789297658862877 0.015080113100848256 0.02508361204013378
1 0.6508011310084826 0.21906354515050167 0.0235626767200754 0.05016722408026756
1 0.6644674835061263 0.17725752508361203 0.016965127238454288 0.04013377926421405
1 0.6885014137606031 0.18896321070234112 0.017907634307257305 0.04013377926421405
1 0.6842601319509897 0.15468227424749165 0.01885014137606032 0.038461538461538464
1 0.7092365692742696 0.15635451505016723 0.01413760603204524 0.03511705685618729
1 0.7257304429783223 0.16555183946488294 0.016965127238454288 0.04013377926421405
1 0.7054665409990575 0.2157190635451505 0.019792648444863337 0.04013377926421405
1 0.6767200754005654 0.24414715719063546 0.024505183788878417 0.056856187290969896
1 0.7177191328934966 0.27424749163879597 0.03110273327049953 0.06354515050167224
1 0.7794533459000942 0.28929765886287623 0.02827521206409048 0.06020066889632107
1 0.7770970782280867 0.23327759197324413 0.027332704995287463 0.05852842809364548
1 0.739396795475966 0.19816053511705686 0.021677662582469368 0.04180602006688963
1 0.767200754005655 0.1705685618729097 0.02073515551366635 0.043478260869565216
1 0.7492931196983977 0.14130434782608695 0.01885014137606032 0.03511705685618729
1 0.7370405278039585 0.10785953177257525 0.016965127238454288 0.03177257525083612
1 0.767200754005655 0.13043478260869565 0.01885014137606032 0.033444816053511704
1 0.7884071630537229 0.1454849498327759 0.017907634307257305 0.03678929765886287
1 0.8044297832233741 0.16387959866220736 0.019792648444863337 0.03678929765886287
1 0.8091423185673893 0.13043478260869565 0.01413760603204524 0.033444816053511704
1 0.8331762488218661 0.13963210702341136 0.016965127238454288 0.04180602006688963
1 0.8393025447690857 0.1906354515050167 0.016022620169651274 0.04013377926421405
1 0.8308199811498586 0.2148829431438127 0.021677662582469368 0.051839464882943144
1 0.8576814326107446 0.1605351170568562 0.015080113100848256 0.03678929765886287
1 0.8944392082940622 0.1714046822742475 0.01885014137606032 0.04180602006688963
1 0.8967954759660697 0.15133779264214048 0.01413760603204524 0.038461538461538464
1 0.9005655042412818 0.2048494983277592 0.017907634307257305 0.04180602006688963
1 0.8784165881244109 0.27591973244147155 0.022620169651272386 0.05351170568561873
1 0.8360037700282752 0.3168896321070234 0.02639019792648445 0.06521739130434782
1 0.9231856738925541 0.2725752508361204 0.019792648444863337 0.05351170568561873
1 0.9302544769085768 0.2399665551839465 0.022620169651272386 0.048494983277591976
