1 0.018158783783783786 0.43413173652694614 0.022804054054054057 0.05389221556886228
1 0.2364864864864865 0.34580838323353297 0.015202702702702704 0.03293413173652695
1 0.26309121621621623 0.3824850299401198 0.021114864864864864 0.04341317365269461
1 0.30278716216216217 0.3727544910179641 0.01942567567567568 0.04191616766467066
1 0.3407939189189189 0.36751497005988026 0.01942567567567568 0.040419161676646706
1 0.29349662162162166 0.31437125748503 0.0160472972972973 0.035928143712574856
1 0.3648648648648649 0.2986526946107785 0.013513513513513514 0.028443113772455092
1 0.36866554054054057 0.33607784431137727 0.014358108108108109 0.031437125748503
1 0.3935810810810811 0.34580838323353297 0.015202702702702704 0.038922155688622756
1 0.4206081081081081 0.34880239520958084 0.02027027027027027 0.04191616766467066
1 0.461570945945946 0.3547904191616767 0.0160472972972973 0.038922155688622756
1 0.42018581081081086 0.3061377245508982 0.014358108108108109 0.031437125748503
1 0.39822635135135137 0.2687125748502994 0.01266891891891892 0.028443113772455092
1 0.4159628378378379 0.2754491017964072 0.01266891891891892 0.029940119760479042
1 0.4518581081081081 0.27095808383233533 0.015202702702702704 0.029940119760479042
1 0.44594594594594594 0.31736526946107785 0.018581081081081082 0.035928143712574856
1 0.4831081081081081 0.30913173652694614 0.013513513513513514 0.0344311377245509
1 0.5139358108108109 0.3263473053892216 0.0160472972972973 0.038922155688622756
1 0.4413006756756757 0.24326347305389223 0.01266891891891892 0.02544910179640719
1 0.484375 0.27095808383233533 0.014358108108108109 0.02694610778443114
1 0.47761824324324326 0.24176646706586827 0.01097972972972973 0.02245508982035928
1 0.4860641891891892 0.23952095808383234 0.01266891891891892 0.023952095808383235
1 0.5088682432432433 0.27395209580838326 0.014358108108108109 0.03293413173652695
1 0.5329391891891893 0.280688622754491 0.015202702702702704 0.031437125748503
1 0.5375844594594595 0.25 0.01266891891891892 0.02694610778443114
1 0.559543918918919 0.25224550898203596 0.01266891891891892 0.028443113772455092
1 0.5599662162162162 0.2979041916167665 0.015202702702702704 0.03293413173652695
1 0.5481418918918919 0.36452095808383234 0.02195945945945946 0.04640718562874252
1 0.4750844594594595 0.4214071856287425 0.024493243243243243 0.05239520958083833
1 0.5506756756756757 0.4333832335329342 0.02533783783783784 0.05239520958083833
1 0.5958614864864865 0.26796407185628746 0.014358108108108109 0.03293413173652695
1 0.5878378378378378 0.25449101796407186 0.011824324324324325 0.02694610778443114
1 0.5802364864864865 0.2223053892215569 0.010135135135135136 0.02544910179640719
1 0.5916385135135136 0.22380239520958084 0.01097972972972973 0.02245508982035928
1 0.6157094594594595 0.25523952095808383 0.013513513513513514 0.031437125748503
1 0.6199324324324325 0.22679640718562877 0.011824324324324325 0.028443113772455092
1 0.625 0.2058383233532934 0.011824324324324325 0.028443113772455092
1 0.6418918918918919 0.22155688622754494 0.010135135135135136 0.02694610778443114
1 0.65625 0.22679640718562877 0.011824324324324325 0.028443113772455092
1 0.660472972972973 0.25299401197604793 0.013513513513513514 0.029940119760479042
1 0.6765202702702703 0.21107784431137727 0.010135135135135136 0.023952095808383235
1 0.6929898648648649 0.23353293413173654 0.01097972972972973 0.03293413173652695
1 0.7183277027027027 0.22455089820359284 0.01097972972972973 0.02694610778443114
1 0.7225506756756758 0.25074850299401197 0.014358108108108109 0.0344311377245509
1 0.6946790540540541 0.2672155688622755 0.01266891891891892 0.031437125748503
1 0.7094594594594595 0.2986526946107785 0.016891891891891893 0.040419161676646706
1 0.6499155405405406 0.3098802395209581 0.017736486486486486 0.04191616766467066
1 0.6131756756756757 0.3473053892215569 0.02195945945945946 0.04491017964071856
1 0.7453547297297298 0.29191616766467066 0.014358108108108109 0.03293413173652695
1 0.6131756756756757 0.46482035928143717 0.02702702702702703 0.06736526946107785
1 0.6127533783783784 0.4094311377245509 0.024493243243243243 0.04940119760479042
1 0.6744087837837838 0.3824850299401198 0.021114864864864864 0.05239520958083833
1 0.6634290540540541 0.35254491017964074 0.017736486486486486 0.040419161676646706
1 0.7107263513513514 0.3690119760479042 0.01942567567567568 0.04640718562874252
1 0.7250844594594595 0.49850299401197606 0.03125 0.08682634730538923
1 0.6575168918918919 0.4895209580838324 0.03631756756756757 0.059880239520958084
1 0.796875 0.4528443113772455 0.026182432432432436 0.05239520958083833
1 0.7364864864864865 0.4273952095808384 0.02195945945945946 0.04640718562874252
1 0.859375 0.5404191616766467 0.03125 0.0658682634730539
1 0.8711993243243243 0.48053892215568866 0.02787162162162162 0.062874251497006
1 0.9315878378378379 0.4760479041916168 0.028716216216216218 0.0658682634730539
1 0.8855574324324325 0.3824850299401198 0.021114864864864864 0.05239520958083833
1 0.8331925675675677 0.375 0.021114864864864864 0.04940119760479042
1 0.8597972972972974 0.34580838323353297 0.015202702702702704 0.04191616766467066
1 0.8623310810810811 0.31736526946107785 0.015202702702702704 0.03293413173652695
1 0.8391047297297298 0.31886227544910184 0.0160472972972973 0.035928143712574856
1 0.7930743243243243 0.3001497005988024 0.015202702702702704 0.031437125748503
1 0.7588682432432433 0.26422155688622756 0.0160472972972973 0.031437125748503
1 0.7795608108108109 0.27095808383233533 0.011824324324324325 0.029940119760479042
1 0.7858952702702703 0.24026946107784433 0.014358108108108109 0.031437125748503
1 0.8086993243243243 0.2559880239520958 0.014358108108108109 0.02694610778443114
1 0.7998310810810811 0.24925149700598803 0.011824324324324325 0.028443113772455092
1 0.84375 0.27769461077844315 0.013513513513513514 0.031437125748503
1 0.8657094594594595 0.2574850299401198 0.013513513513513514 0.029940119760479042
1 0.875 0.2851796407185629 0.013513513513513514 0.040419161676646706
1 0.8826013513513514 0.2732035928143713 0.010135135135135136 0.031437125748503
1 0.8973817567567568 0.2634730538922156 0.01266891891891892 0.035928143712574856
1 0.9066722972972974 0.34580838323353297 0.0160472972972973 0.038922155688622756
1 0.9134290540540541 0.3196107784431138 0.01266891891891892 0.037425149700598806
1 0.9184966216216217 0.28592814371257486 0.01266891891891892 0.029940119760479042
1 0.9370777027027027 0.3338323353293413 0.014358108108108109 0.038922155688622756
1 0.9497466216216217 0.35778443113772457 0.017736486486486486 0.04491017964071856
1 0.9607263513513514 0.31511976047904194 0.01266891891891892 0.031437125748503
1 0.9611486486486487 0.2851796407185629 0.011824324324324325 0.031437125748503
1 0.9408783783783784 0.313622754491018 0.015202702702702704 0.037425149700598806
