1 0.07888888888888888 0.5414201183431953 0.08666666666666667 0.1301775147928994
1 0.16777777777777778 0.57396449704142 0.11333333333333333 0.15384615384615385
1 0.21444444444444444 0.5236686390532544 0.06 0.10650887573964497
1 0.22777777777777777 0.17899408284023668 0.07333333333333333 0.10946745562130178
1 0.2677777777777778 0.5961538461538461 0.09555555555555556 0.1331360946745562
1 0.4077777777777778 0.7736686390532544 0.16666666666666666 0.23964497041420119
1 0.4622222222222222 0.5355029585798816 0.06666666666666667 0.10059171597633136
1 0.5488888888888889 0.6050295857988166 0.11555555555555555 0.1804733727810651
1 0.59 0.522189349112426 0.08222222222222222 0.11538461538461538
1 0.6733333333333333 0.5177514792899408 0.08 0.1242603550295858
1 0.9 0.7218934911242604 0.15555555555555556 0.23076923076923075
1 0.8288888888888889 0.606508875739645 0.09777777777777778 0.15976331360946744
1 0.8688888888888889 0.5369822485207101 0.08444444444444445 0.1272189349112426
