1 0.11833333333333335 0.515625 0.09333333333333334 0.10875
1 0.21791666666666668 0.48875 0.06416666666666668 0.095
1 0.29750000000000004 0.43125 0.06833333333333334 0.095
1 0.23750000000000002 0.626875 0.11 0.14625
1 0.26 0.8150000000000001 0.1366666666666667 0.20500000000000002
1 0.33458333333333334 0.56375 0.05916666666666667 0.115
1 0.375 0.505625 0.055 0.09875
1 0.4354166666666667 0.5650000000000001 0.07583333333333334 0.1275
1 0.45375000000000004 0.49125 0.0625 0.11
1 0.5070833333333333 0.480625 0.04583333333333334 0.09125
1 0.55625 0.560625 0.0625 0.11875000000000001
1 0.5220833333333333 0.694375 0.08750000000000001 0.14625
1 0.6408333333333334 0.60875 0.06833333333333334 0.11750000000000001
1 0.6420833333333333 0.49312500000000004 0.0575 0.10125
1 0.6145833333333334 0.3775 0.03916666666666667 0.0625
1 0.5687500000000001 0.35125 0.0425 0.0725
1 0.51875 0.326875 0.03916666666666667 0.06625
1 0.5020833333333333 0.31 0.035833333333333335 0.0625
1 0.4345833333333334 0.2175 0.04916666666666667 0.1
1 0.665 0.36062500000000003 0.03833333333333334 0.07625
1 0.6845833333333334 0.403125 0.03916666666666667 0.06125
1 0.6875 0.44125000000000003 0.05166666666666667 0.07
1 0.7050000000000001 0.519375 0.06333333333333334 0.11625
1 0.79125 0.558125 0.07083333333333333 0.09625
1 0.76875 0.479375 0.05583333333333334 0.09625
1 0.7508333333333334 0.36625 0.04666666666666667 0.08
1 0.8433333333333334 0.4 0.065 0.095
1 0.9287500000000001 0.36875 0.050833333333333335 0.0925
1 0.8675 0.6175 0.095 0.135
