1 0.1975 0.23756218905472637 0.058333333333333334 0.09701492537313433
1 0.4391666666666667 0.3706467661691542 0.03833333333333334 0.06467661691542288
1 0.49250000000000005 0.3781094527363184 0.035 0.06965174129353234
1 0.535 0.3843283582089552 0.043333333333333335 0.06716417910447761
1 0.5625 0.3718905472636816 0.025 0.0472636815920398
1 0.5850000000000001 0.4154228855721393 0.043333333333333335 0.08955223880597014
1 0.6141666666666667 0.37935323383084574 0.035 0.0572139303482587
1 0.6833333333333333 0.3731343283582089 0.02666666666666667 0.04477611940298507
1 0.7150000000000001 0.3694029850746269 0.030000000000000002 0.0472636815920398
1 0.7491666666666668 0.40049751243781095 0.035 0.05970149253731343
1 0.765 0.35696517412935325 0.023333333333333334 0.04228855721393035
1 0.8025000000000001 0.3706467661691542 0.028333333333333335 0.04975124378109452
1 0.8291666666666667 0.3582089552238806 0.021666666666666667 0.03980099502487562
1 0.8166666666666668 0.4490049751243781 0.05333333333333334 0.09701492537313433
1 0.8658333333333333 0.3880597014925373 0.03166666666666667 0.05472636815920398
1 0.8925000000000001 0.3718905472636816 0.025 0.04228855721393035
1 0.9366666666666668 0.47014925373134325 0.060000000000000005 0.1144278606965174
1 0.9575 0.43656716417910446 0.045000000000000005 0.08208955223880597
1 0.9533333333333334 0.38308457711442784 0.030000000000000002 0.04477611940298507
1 0.9783333333333334 0.35323383084577115 0.02 0.03980099502487562
