1 0.1429889298892989 0.24107142857142858 0.01845018450184502 0.030844155844155847
1 0.18404059040590406 0.2670454545454546 0.024907749077490774 0.040584415584415584
1 0.2555350553505535 0.21915584415584416 0.02029520295202952 0.03896103896103896
1 0.2901291512915129 0.288961038961039 0.024907749077490774 0.0551948051948052
1 0.3297970479704797 0.20373376623376624 0.017527675276752766 0.0275974025974026
1 0.3634686346863468 0.26136363636363635 0.02952029520295203 0.05194805194805195
1 0.36531365313653136 0.21672077922077923 0.02029520295202952 0.030844155844155847
1 0.397140221402214 0.17613636363636365 0.026752767527675275 0.04383116883116883
1 0.533210332103321 0.2012987012987013 0.023985239852398522 0.0551948051948052
1 0.6083948339483395 0.24675324675324678 0.023062730627306273 0.05194805194805195
1 0.6342250922509225 0.24594155844155846 0.015682656826568265 0.04383116883116883
1 0.35101476014760147 0.2142857142857143 0.017527675276752766 0.03896103896103896
1 0.3556273062730627 0.1858766233766234 0.023062730627306273 0.030844155844155847
