1 0.1653386454183267 0.4789325842696629 0.037450199203187255 0.06741573033707865
1 0.2896414342629482 0.2696629213483146 0.018326693227091635 0.03932584269662921
1 0.29920318725099604 0.2366573033707865 0.016733067729083666 0.0351123595505618
1 0.32350597609561754 0.2696629213483146 0.020717131474103586 0.03932584269662921
1 0.34860557768924305 0.2808988764044944 0.02151394422310757 0.0449438202247191
1 0.3561752988047809 0.2598314606741573 0.020717131474103586 0.028089887640449437
1 0.34900398406374505 0.22893258426966293 0.01593625498007968 0.028089887640449437
1 0.3466135458167331 0.20856741573033707 0.01752988047808765 0.02949438202247191
1 0.3780876494023905 0.21980337078651685 0.0199203187250996 0.04073033707865169
1 0.39760956175298806 0.2247191011235955 0.01752988047808765 0.03651685393258427
1 0.4067729083665339 0.19452247191011235 0.01354581673306773 0.02949438202247191
1 0.4199203187250996 0.18258426966292135 0.014342629482071713 0.03089887640449438
1 0.43306772908366536 0.21348314606741572 0.015139442231075698 0.028089887640449437
1 0.452191235059761 0.21207865168539325 0.0199203187250996 0.03651685393258427
1 0.4442231075697211 0.16713483146067415 0.015139442231075698 0.03089887640449438
1 0.48406374501992033 0.2127808988764045 0.018326693227091635 0.03792134831460674
1 0.4896414342629482 0.17696629213483145 0.018326693227091635 0.033707865168539325
1 0.46454183266932275 0.1446629213483146 0.01593625498007968 0.03089887640449438
1 0.44980079681274904 0.14887640449438203 0.01354581673306773 0.025280898876404494
1 0.39043824701195223 0.27879213483146065 0.022310756972111555 0.046348314606741575
1 0.49243027888446217 0.14747191011235955 0.01593625498007968 0.028089887640449437
1 0.49203187250996017 0.1292134831460674 0.01195219123505976 0.025280898876404494
1 0.5051792828685259 0.1292134831460674 0.012749003984063745 0.03089887640449438
1 0.5151394422310757 0.15870786516853932 0.015139442231075698 0.03089887640449438
1 0.5266932270916335 0.14115168539325842 0.014342629482071713 0.03230337078651685
1 0.5454183266932271 0.15730337078651685 0.015139442231075698 0.033707865168539325
1 0.5677290836653387 0.18117977528089887 0.018326693227091635 0.033707865168539325
1 0.5573705179282868 0.1348314606741573 0.01354581673306773 0.028089887640449437
1 0.5625498007968127 0.10603932584269662 0.012749003984063745 0.021067415730337078
1 0.5792828685258964 0.1467696629213483 0.01593625498007968 0.03230337078651685
1 0.5820717131474104 0.12219101123595505 0.01354581673306773 0.02247191011235955
1 0.5908366533864542 0.10042134831460674 0.01195219123505976 0.021067415730337078
1 0.6047808764940239 0.1544943820224719 0.01593625498007968 0.03651685393258427
1 0.6123505976095618 0.10182584269662921 0.01354581673306773 0.023876404494382022
1 0.6334661354581673 0.09480337078651685 0.011155378486055778 0.026685393258426966
1 0.6378486055776893 0.13132022471910113 0.016733067729083666 0.02949438202247191
1 0.6123505976095618 0.125 0.015139442231075698 0.028089887640449437
1 0.6609561752988048 0.11025280898876404 0.01195219123505976 0.023876404494382022
1 0.6609561752988048 0.13202247191011235 0.015139442231075698 0.02247191011235955
1 0.6964143426294821 0.1074438202247191 0.00956175298804781 0.023876404494382022
1 0.5370517928286853 0.2837078651685393 0.028685258964143426 0.06179775280898876
1 0.552191235059761 0.25 0.02390438247011952 0.047752808988764044
1 0.604382470119522 0.26053370786516855 0.024701195219123506 0.046348314606741575
1 0.6159362549800798 0.20646067415730338 0.01752988047808765 0.0449438202247191
1 0.652589641434263 0.22963483146067415 0.02390438247011952 0.046348314606741575
1 0.6553784860557769 0.27457865168539325 0.026294820717131476 0.0547752808988764
1 0.6127490039840637 0.33356741573033705 0.030278884462151396 0.06882022471910113
1 0.7693227091633467 0.29564606741573035 0.026294820717131476 0.06320224719101124
1 0.6836653386454183 0.18398876404494383 0.01752988047808765 0.03932584269662921
1 0.6820717131474103 0.15800561797752807 0.01593625498007968 0.026685393258426966
1 0.7123505976095618 0.14185393258426965 0.01593625498007968 0.033707865168539325
1 0.7223107569721116 0.16853932584269662 0.0199203187250996 0.0449438202247191
1 0.7107569721115539 0.22893258426966293 0.01912350597609562 0.0449438202247191
1 0.7326693227091634 0.14396067415730338 0.016733067729083666 0.03792134831460674
1 0.7430278884462151 0.11797752808988764 0.01354581673306773 0.028089887640449437
1 0.753386454183267 0.17485955056179775 0.016733067729083666 0.03792134831460674
1 0.7701195219123507 0.21629213483146068 0.016733067729083666 0.033707865168539325
1 0.7418326693227092 0.2563202247191011 0.02390438247011952 0.04915730337078651
1 0.8147410358565738 0.25 0.02310756972111554 0.05337078651685393
1 0.8127490039840638 0.40308988764044945 0.0398406374501992 0.08146067415730338
1 0.8852589641434263 0.4297752808988764 0.0350597609561753 0.07865168539325842
1 0.902390438247012 0.33707865168539325 0.026294820717131476 0.0646067415730337
1 0.8501992031872511 0.29213483146067415 0.028685258964143426 0.06179775280898876
1 0.8681274900398407 0.2521067415730337 0.02310756972111554 0.046348314606741575
1 0.9123505976095618 0.29002808988764045 0.020717131474103586 0.04915730337078651
1 0.9159362549800797 0.24157303370786515 0.0199203187250996 0.047752808988764044
1 0.9223107569721116 0.2127808988764045 0.015139442231075698 0.03230337078651685
1 0.8629482071713148 0.21980337078651685 0.020717131474103586 0.0351123595505618
1 0.8239043824701195 0.21769662921348315 0.01912350597609562 0.03651685393258427
1 0.7960159362549801 0.17837078651685392 0.01912350597609562 0.03651685393258427
1 0.7752988047808765 0.15098314606741572 0.01752988047808765 0.02949438202247191
1 0.7800796812749005 0.13342696629213482 0.01593625498007968 0.025280898876404494
1 0.7884462151394422 0.11165730337078651 0.01195219123505976 0.023876404494382022
1 0.8051792828685259 0.12219101123595505 0.01354581673306773 0.033707865168539325
1 0.8051792828685259 0.15730337078651685 0.018326693227091635 0.033707865168539325
1 0.8254980079681276 0.13623595505617977 0.01593625498007968 0.033707865168539325
1 0.8342629482071714 0.12991573033707865 0.012749003984063745 0.02949438202247191
1 0.849800796812749 0.1601123595505618 0.016733067729083666 0.033707865168539325
1 0.8406374501992032 0.1896067415730337 0.01752988047808765 0.033707865168539325
1 0.8617529880478088 0.1467696629213483 0.015139442231075698 0.03230337078651685
1 0.8733067729083666 0.12359550561797752 0.012749003984063745 0.025280898876404494
1 0.8884462151394422 0.1818820224719101 0.014342629482071713 0.02949438202247191
1 0.8968127490039841 0.15379213483146068 0.015139442231075698 0.02949438202247191
1 0.9071713147410359 0.1467696629213483 0.01195219123505976 0.02949438202247191
1 0.9231075697211155 0.15730337078651685 0.01354581673306773 0.028089887640449437
