1 0.1328560063643596 0.517531556802244 0.03659506762132061 0.06732117812061711
1 0.22354813046937153 0.3345021037868163 0.015910898965791568 0.03225806451612903
1 0.2772474144789181 0.3702664796633941 0.01511535401750199 0.033660589060308554
1 0.3253778838504376 0.3590462833099579 0.022275258552108195 0.03927068723702665
1 0.27844073190135243 0.302945301542777 0.014319809069212411 0.033660589060308554
1 0.3448687350835322 0.3211781206171108 0.01511535401750199 0.025245441795231416
1 0.3456642800318218 0.2938288920056101 0.011933174224343677 0.023842917251051893
1 0.3794749403341289 0.2566619915848527 0.012728719172633254 0.019635343618513323
1 0.39856801909307876 0.2678821879382889 0.011137629276054098 0.025245441795231416
1 0.4268098647573588 0.270687237026648 0.013524264120922832 0.025245441795231416
1 0.4144789180588703 0.25315568022440393 0.011137629276054098 0.023842917251051893
1 0.39817024661893397 0.3239831697054698 0.016706443914081145 0.0364656381486676
1 0.39538583929992044 0.2980364656381487 0.012728719172633254 0.02664796633941094
1 0.4307875894988067 0.3295932678821879 0.016706443914081145 0.033660589060308554
1 0.41925218774860784 0.3064516129032258 0.014319809069212411 0.03225806451612903
1 0.4562450278440732 0.3134642356241234 0.016706443914081145 0.02664796633941094
1 0.48727128082736676 0.3281907433380084 0.021479713603818618 0.0364656381486676
1 0.4610182975338107 0.2678821879382889 0.013524264120922832 0.02244039270687237
1 0.45107398568019097 0.2405329593267882 0.012728719172633254 0.029453015427769985
1 0.456642800318218 0.22791023842917252 0.012728719172633254 0.023842917251051893
1 0.4936356404136834 0.25806451612903225 0.013524264120922832 0.025245441795231416
1 0.5111376292760541 0.2713884992987377 0.01511535401750199 0.029453015427769985
1 0.5099443118536198 0.24333800841514724 0.011137629276054098 0.02664796633941094
1 0.5290373906125696 0.24684431977559607 0.011137629276054098 0.028050490883590462
1 0.5409705648369133 0.27419354838709675 0.012728719172633254 0.029453015427769985
1 0.5620525059665872 0.2608695652173913 0.011933174224343677 0.028050490883590462
1 0.5421638822593476 0.21669004207573633 0.008750994431185363 0.023842917251051893
1 0.5540970564836913 0.21458625525946703 0.010342084327764518 0.019635343618513323
1 0.5600636435958632 0.229312762973352 0.011137629276054098 0.021037868162692847
1 0.5863166268894193 0.22159887798036465 0.00954653937947494 0.02244039270687237
1 0.5891010342084328 0.24684431977559607 0.011933174224343677 0.025245441795231416
1 0.5938743038981703 0.2040673211781206 0.011933174224343677 0.023842917251051893
1 0.6109785202863962 0.21107994389901824 0.014319809069212411 0.02664796633941094
1 0.6181384248210025 0.24403927068723702 0.012728719172633254 0.028050490883590462
1 0.656722354813047 0.2300140252454418 0.011933174224343677 0.025245441795231416
1 0.6519490851233095 0.2040673211781206 0.010342084327764518 0.0182328190743338
1 0.6666666666666667 0.21458625525946703 0.012728719172633254 0.028050490883590462
1 0.4634049323786794 0.39901823281907434 0.02466189339697693 0.04908835904628331
1 0.5258552108194113 0.3534361851332398 0.022275258552108195 0.04488078541374474
1 0.5167064439140812 0.4249649368863955 0.026252983293556086 0.05329593267882188
1 0.5723945902943517 0.4424964936886395 0.0294351630867144 0.05750350631136045
1 0.616945107398568 0.4593267882187938 0.0294351630867144 0.0546984572230014
1 0.6857597454256166 0.5308555399719495 0.03341288782816229 0.06591865357643759
1 0.5950676213206046 0.36395511921458623 0.022275258552108195 0.043478260869565216
1 0.5827366746221162 0.32187938288920054 0.021479713603818618 0.037868162692847124
1 0.6157517899761337 0.2973352033660589 0.015910898965791568 0.033660589060308554
1 0.6511535401750199 0.270687237026648 0.013524264120922832 0.02244039270687237
1 0.6591089896579158 0.2952314165497896 0.01511535401750199 0.03506311360448808
1 0.6837708830548926 0.2952314165497896 0.018297533810660304 0.03225806451612903
1 0.6292760540970566 0.33660589060308554 0.017501988862370726 0.03927068723702665
1 0.6400159108989658 0.3590462833099579 0.01988862370723946 0.04488078541374474
1 0.6718377088305489 0.3548387096774194 0.01988862370723946 0.04207573632538569
1 0.7012728719172634 0.3976157082748948 0.02466189339697693 0.051893408134642355
1 0.7549721559268099 0.42005610098176716 0.022275258552108195 0.0546984572230014
1 0.6853619729514718 0.2461430575035063 0.013524264120922832 0.03506311360448808
1 0.715194908512331 0.25315568022440393 0.017501988862370726 0.037868162692847124
1 0.713206046141607 0.2349228611500701 0.013524264120922832 0.023842917251051893
1 0.7239459029435164 0.22650771388499297 0.012728719172633254 0.02664796633941094
1 0.7601431980906922 0.23281907433380084 0.013524264120922832 0.030855539971949508
1 0.7565632458233891 0.27419354838709675 0.015910898965791568 0.037868162692847124
1 0.7649164677804297 0.258765778401122 0.013524264120922832 0.02664796633941094
1 0.7474144789180589 0.258765778401122 0.013524264120922832 0.029453015427769985
1 0.7863961813842483 0.5771388499298737 0.03102625298329356 0.06872370266479663
1 0.8162291169451075 0.4600280504908836 0.022275258552108195 0.05329593267882188
1 0.8834526650755768 0.45161290322580644 0.023070803500397773 0.05329593267882188
1 0.8313444709626094 0.39270687237026647 0.020684168655529037 0.04488078541374474
1 0.7923627684964201 0.35694249649368864 0.017501988862370726 0.04067321178120617
1 0.8027048528241846 0.3316970546984572 0.015910898965791568 0.03506311360448808
1 0.7931583134447097 0.28962131837307153 0.015910898965791568 0.029453015427769985
1 0.7859984089101034 0.2405329593267882 0.012728719172633254 0.023842917251051893
1 0.8225934765314241 0.255960729312763 0.012728719172633254 0.03225806451612903
1 0.8329355608591886 0.273492286115007 0.012728719172633254 0.033660589060308554
1 0.8369132856006365 0.26367461430575034 0.011137629276054098 0.028050490883590462
1 0.8556085918854416 0.2510518934081346 0.010342084327764518 0.030855539971949508
1 0.8217979315831345 0.3239831697054698 0.011137629276054098 0.030855539971949508
1 0.8452665075576771 0.33099579242636745 0.013524264120922832 0.03927068723702665
1 0.862370723945903 0.3183730715287517 0.015910898965791568 0.033660589060308554
1 0.8703261734287988 0.29453015427769985 0.014319809069212411 0.030855539971949508
1 0.8965791567223549 0.3211781206171108 0.012728719172633254 0.028050490883590462
1 0.89618138424821 0.3702664796633941 0.013524264120922832 0.03927068723702665
1 0.9033412887828163 0.30014025245441794 0.011933174224343677 0.028050490883590462
1 0.9101034208432777 0.29873772791023845 0.00954653937947494 0.030855539971949508
1 0.9108989657915673 0.2776998597475456 0.014319809069212411 0.025245441795231416
1 0.37072394590294355 0.3373071528751753 0.015910898965791568 0.037868162692847124
