1 0.23674418604651165 0.216260162601626 0.021395348837209303 0.03252032520325203
1 0.292093023255814 0.1910569105691057 0.02046511627906977 0.04065040650406504
1 0.3362790697674419 0.23577235772357724 0.019534883720930235 0.04878048780487805
1 0.35162790697674423 0.2016260162601626 0.02046511627906977 0.03902439024390244
1 0.4018604651162791 0.16260162601626016 0.022325581395348838 0.04227642276422764
1 0.3874418604651163 0.2040650406504065 0.023255813953488372 0.030894308943089432
1 0.47395348837209306 0.1878048780487805 0.023255813953488372 0.04715447154471545
1 0.5525581395348838 0.1983739837398374 0.02418604651162791 0.04878048780487805
1 0.6186046511627907 0.24065040650406505 0.026046511627906978 0.05203252032520325
1 0.5125581395348837 0.3121951219512195 0.044651162790697675 0.07479674796747968
1 0.6469767441860466 0.24471544715447155 0.023255813953488372 0.04390243902439024
1 0.3627906976744186 0.1796747967479675 0.02418604651162791 0.04390243902439024
1 0.33906976744186046 0.1991869918699187 0.017674418604651163 0.03414634146341464
