1 0.07708333333333334 0.6847222222222222 0.05416666666666667 0.08055555555555556
1 0.12291666666666666 0.7333333333333334 0.0625 0.1
1 0.05 0.8222222222222223 0.07916666666666666 0.11666666666666667
1 0.21875 0.6819444444444445 0.05 0.08055555555555556
1 0.34375 0.851388888888889 0.06666666666666667 0.125
1 0.34791666666666665 0.7541666666666667 0.058333333333333334 0.08055555555555556
1 0.38125 0.6972222222222223 0.0375 0.06666666666666667
1 0.49166666666666664 0.6972222222222223 0.041666666666666664 0.061111111111111116
1 0.5270833333333333 0.7569444444444444 0.05 0.08055555555555556
1 0.5395833333333333 0.8430555555555556 0.0625 0.09722222222222222
1 0.575 0.9458333333333334 0.09166666666666666 0.09722222222222222
1 0.675 0.7152777777777778 0.041666666666666664 0.058333333333333334
1 0.75 0.5416666666666667 0.041666666666666664 0.06666666666666667
1 0.7322916666666667 0.7722222222222223 0.04791666666666666 0.07222222222222223
1 0.7895833333333333 0.7041666666666667 0.04583333333333333 0.075
1 0.8260416666666667 0.8319444444444445 0.06041666666666667 0.10277777777777779
1 0.8614583333333333 0.7583333333333334 0.04791666666666666 0.08333333333333334
