1 0.12461538461538461 0.21824480369515012 0.08307692307692308 0.12240184757505773
1 0.07538461538461538 0.4284064665127021 0.055384615384615386 0.09006928406466512
1 0.3223076923076923 0.4237875288683603 0.047692307692307694 0.07621247113163972
1 0.29615384615384616 0.4214780600461894 0.04153846153846154 0.07621247113163972
1 0.38846153846153847 0.38683602771362585 0.04153846153846154 0.08083140877598152
1 0.47384615384615386 0.4930715935334873 0.08 0.12240184757505773
1 0.5069230769230769 0.38683602771362585 0.047692307692307694 0.08083140877598152
1 0.5692307692307692 0.39607390300230944 0.052307692307692305 0.07159353348729793
1 0.5746153846153846 0.5277136258660508 0.11846153846153847 0.18244803695150116
1 0.6715384615384615 0.42609699769053117 0.05692307692307692 0.10854503464203233
1 0.7192307692307692 0.41454965357967666 0.047692307692307694 0.07159353348729793
1 0.6730769230769231 0.2863741339491917 0.038461538461538464 0.06466512702078522
1 0.8423076923076923 0.6431870669745958 0.1123076923076923 0.19168591224018475
1 0.8938461538461538 0.558891454965358 0.09538461538461539 0.16166281755196305
1 0.9315384615384615 0.47113163972286376 0.06923076923076923 0.10623556581986143
1 0.9015384615384615 0.3995381062355658 0.06153846153846154 0.09237875288683603
