1 0.9666666666666667 0.18760064412238325 0.016216216216216217 0.043478260869565216
1 0.7495495495495496 0.12399355877616747 0.016216216216216217 0.03542673107890499
1 0.6009009009009009 0.07326892109500806 0.014414414414414415 0.037037037037037035
1 0.563963963963964 0.15619967793880837 0.014414414414414415 0.03542673107890499
1 0.5364864864864864 0.15619967793880837 0.013513513513513514 0.02576489533011272
1 0.5076576576576577 0.1570048309178744 0.015315315315315315 0.027375201288244767
1 0.4846846846846847 0.15136876006441224 0.012612612612612612 0.02254428341384863
1 0.4968468468468469 0.07890499194847021 0.00990990990990991 0.02576489533011272
1 0.48153153153153155 0.1956521739130435 0.024324324324324326 0.05314009661835749
1 0.43333333333333335 0.1360708534621578 0.010810810810810811 0.027375201288244767
1 0.42072072072072075 0.17149758454106281 0.014414414414414415 0.033816425120772944
1 0.44594594594594594 0.18035426731078905 0.016216216216216217 0.0322061191626409
1 0.38198198198198197 0.11191626409017713 0.010810810810810811 0.033816425120772944
1 0.35945945945945945 0.17713365539452497 0.018018018018018018 0.04508856682769726
1 0.3216216216216216 0.20611916264090177 0.023423423423423424 0.05152979066022544
1 0.2490990990990991 0.24557165861513688 0.02252252252252252 0.0499194847020934
1 0.30855855855855857 0.2286634460547504 0.015315315315315315 0.03542673107890499
1 0.22972972972972974 0.2359098228663446 0.016216216216216217 0.037037037037037035
1 0.15315315315315314 0.23671497584541062 0.016216216216216217 0.03864734299516908
1 0.2009009009009009 0.4806763285024155 0.03963963963963964 0.09178743961352658
1 0.28468468468468466 0.4742351046698873 0.043243243243243246 0.10144927536231885
