1 0.08609539207760711 0.5697879858657243 0.04284559417946645 0.11837455830388692
1 0.2550525464834276 0.25176678445229683 0.016976556184316895 0.04770318021201413
1 0.2978981406628941 0.25 0.016976556184316895 0.04063604240282685
1 0.3088116410670978 0.21996466431095407 0.019401778496362165 0.04770318021201413
1 0.3326596604688763 0.24823321554770317 0.018593371059013743 0.05830388692579505
1 0.3528698464025869 0.21731448763250882 0.016976556184316895 0.045936395759717315
1 0.3641875505254648 0.28180212014134276 0.021827000808407437 0.054770318021201414
1 0.385610347615198 0.19876325088339222 0.012934518997574777 0.03356890459363958
1 0.39369442198868226 0.24646643109540636 0.014551333872271624 0.04063604240282685
1 0.4284559417946645 0.32332155477031804 0.021018593371059012 0.06007067137809187
1 0.42643492320129345 0.1969964664310954 0.015359741309620048 0.044169611307420496
1 0.4353274050121261 0.1687279151943463 0.015359741309620048 0.04063604240282685
1 0.4696847210994341 0.18197879858657243 0.01616814874696847 0.045936395759717315
1 0.4737267582861762 0.2597173144876325 0.019401778496362165 0.04946996466431095
1 0.49272433306386415 0.2164310954063604 0.0137429264349232 0.04770318021201413
1 0.4911075181891673 0.15459363957597172 0.012126111560226353 0.04063604240282685
1 0.5258690379951495 0.16784452296819788 0.015359741309620048 0.038869257950530034
1 0.5432497978981407 0.2164310954063604 0.019401778496362165 0.04770318021201413
1 0.5424413904607922 0.17402826855123674 0.012934518997574777 0.037102473498233215
1 0.5505254648342764 0.14487632508833923 0.014551333872271624 0.038869257950530034
1 0.5739692805173807 0.1431095406360424 0.014551333872271624 0.038869257950530034
1 0.5925626515763944 0.13604240282685512 0.014551333872271624 0.038869257950530034
1 0.5509296685529507 0.35954063604240283 0.021827000808407437 0.054770318021201414
1 0.5755860953920776 0.21113074204946997 0.014551333872271624 0.04770318021201413
1 0.6026677445432498 0.18904593639575973 0.012126111560226353 0.04240282685512367
1 0.6111560226354082 0.16342756183745583 0.014551333872271624 0.03356890459363958
1 0.6503637833468068 0.07597173144876325 0.015359741309620048 0.038869257950530034
1 0.6281325788197251 0.12809187279151943 0.012934518997574777 0.030035335689045935
1 0.6434923201293452 0.14575971731448764 0.012934518997574777 0.037102473498233215
1 0.6119644300727566 0.21113074204946997 0.01616814874696847 0.04770318021201413
1 0.6479385610347614 0.19169611307420495 0.012126111560226353 0.03356890459363958
1 0.6818916734033953 0.16166077738515902 0.0137429264349232 0.04063604240282685
1 0.6891673403395311 0.142226148409894 0.012126111560226353 0.03356890459363958
1 0.7097817299919159 0.16342756183745583 0.014551333872271624 0.037102473498233215
1 0.6139854486661277 0.308303886925795 0.018593371059013743 0.054770318021201414
1 0.6042845594179466 0.392226148409894 0.02021018593371059 0.053003533568904596
1 0.6535974130962005 0.4293286219081272 0.025060630557801132 0.06713780918727916
1 0.6580436540016168 0.2676678445229682 0.019401778496362165 0.04770318021201413
1 0.7113985448666127 0.2226148409893993 0.014551333872271624 0.04946996466431095
1 0.7089733225545675 0.28975265017667845 0.017784963621665317 0.053003533568904596
1 0.7170573969280517 0.4372791519434629 0.02263540824575586 0.07243816254416961
1 0.734842360549717 0.21201413427561838 0.014551333872271624 0.045936395759717315
1 0.7477768795472918 0.1978798586572438 0.01131770412287793 0.0353356890459364
1 0.7437348423605497 0.24381625441696111 0.01616814874696847 0.045936395759717315
1 0.7784963621665318 0.1793286219081272 0.01616814874696847 0.04063604240282685
1 0.7776879547291835 0.21554770318021202 0.014551333872271624 0.04240282685512367
1 0.7639450282942603 0.29858657243816256 0.017784963621665317 0.053003533568904596
1 0.7865804365400161 0.2712014134275618 0.019401778496362165 0.04770318021201413
1 0.8059822150363783 0.19964664310954064 0.012934518997574777 0.038869257950530034
1 0.8201293451899757 0.2252650176678445 0.015359741309620048 0.044169611307420496
1 0.8075990299110751 0.24911660777385158 0.012934518997574777 0.045936395759717315
1 0.811236863379143 0.31095406360424027 0.018593371059013743 0.0636042402826855
1 0.782538399353274 0.4628975265017668 0.025869037995149554 0.08480565371024734
1 0.8613581244947454 0.35954063604240283 0.018593371059013743 0.054770318021201414
1 0.8694421988682295 0.24469964664310953 0.016976556184316895 0.04063604240282685
1 0.9042037186742118 0.22879858657243815 0.016976556184316895 0.037102473498233215
1 0.8953112368633791 0.27385159010600707 0.015359741309620048 0.04946996466431095
1 0.9506871463217461 0.2508833922261484 0.009700889248181082 0.0353356890459364
1 0.9397736459175424 0.2915194346289753 0.016976556184316895 0.045936395759717315
1 0.9195634599838318 0.3339222614840989 0.0137429264349232 0.04946996466431095
1 0.9349232012934519 0.3666077738515901 0.016976556184316895 0.05123674911660777
1 0.891269199676637 0.4293286219081272 0.023443815683104285 0.0636042402826855
1 0.8682295877122069 0.5415194346289752 0.02263540824575586 0.08657243816254417
1 0.9527081649151171 0.450530035335689 0.023443815683104285 0.06007067137809187
1 0.9765561843168956 0.3913427561837456 0.01616814874696847 0.05123674911660777
1 0.9721099434114794 0.35600706713780916 0.012126111560226353 0.04063604240282685
1 0.9749393694421988 0.31537102473498235 0.012934518997574777 0.03356890459363958
1 0.9781729991915925 0.2712014134275618 0.012934518997574777 0.044169611307420496
