1 0.07205882352941176 0.6215909090909091 0.06470588235294117 0.1159090909090909
1 0.21985294117647058 0.5647727272727272 0.045588235294117645 0.08863636363636364
1 0.2529411764705882 0.6193181818181818 0.06470588235294117 0.11136363636363636
1 0.30661764705882355 0.5454545454545454 0.051470588235294115 0.09545454545454544
1 0.27058823529411763 0.4977272727272727 0.03823529411764706 0.06818181818181818
1 0.24705882352941178 0.5318181818181817 0.03823529411764706 0.06363636363636363
1 0.3911764705882353 0.5227272727272727 0.044117647058823525 0.06818181818181818
1 0.5205882352941177 0.5159090909090909 0.03529411764705882 0.05454545454545454
1 0.5389705882352941 0.5681818181818181 0.04264705882352941 0.08181818181818182
1 0.5772058823529411 0.5840909090909091 0.057352941176470586 0.10454545454545454
1 0.5169117647058823 0.4875 0.030882352941176472 0.05227272727272727
1 0.5735294117647058 0.4886363636363636 0.03529411764705882 0.05909090909090909
1 0.6110294117647058 0.5022727272727272 0.03676470588235294 0.07272727272727272
1 0.6661764705882353 0.5613636363636363 0.047058823529411764 0.09545454545454544
1 0.7102941176470589 0.6079545454545454 0.055882352941176466 0.10227272727272727
1 0.7698529411764706 0.49431818181818177 0.033823529411764704 0.06136363636363636
1 0.8602941176470588 0.546590909090909 0.041176470588235294 0.07954545454545454
1 0.8897058823529411 0.5011363636363636 0.041176470588235294 0.07954545454545454
1 0.975735294117647 0.5772727272727273 0.04852941176470588 0.10454545454545454
1 0.9764705882352941 0.5215909090909091 0.041176470588235294 0.075
