1 0.05139442231075697 0.3936022253129346 0.02310756972111554 0.04728789986091794
1 0.31274900398406374 0.23643949930458968 0.016733067729083666 0.030598052851182195
1 0.3430278884462152 0.21766342141863698 0.016733067729083666 0.037552155771905425
1 0.3402390438247012 0.2566063977746871 0.01912350597609562 0.03477051460361613
1 0.36932270916334664 0.2211404728789986 0.016733067729083666 0.030598052851182195
1 0.37968127490039844 0.22253129346314324 0.015139442231075698 0.03337969401947149
1 0.3713147410358566 0.2579972183588317 0.01752988047808765 0.037552155771905425
1 0.39760956175298806 0.2642559109874826 0.01912350597609562 0.03894297635605007
1 0.402788844621514 0.23504867872044505 0.016733067729083666 0.030598052851182195
1 0.42470119521912353 0.2614742698191933 0.02390438247011952 0.04450625869262865
1 0.43346613545816737 0.22531293463143254 0.01912350597609562 0.036161335187760775
1 0.4258964143426295 0.19401947148817802 0.016733067729083666 0.03198887343532684
1 0.44661354581673307 0.16689847009735742 0.01354581673306773 0.025034770514603615
1 0.4581673306772909 0.17107093184979136 0.012749003984063745 0.022253129346314324
1 0.450996015936255 0.19193324061196104 0.014342629482071713 0.027816411682892905
1 0.46812749003984067 0.14673157162726008 0.01195219123505976 0.02364394993045897
1 0.48446215139442234 0.14603616133518776 0.011155378486055778 0.025034770514603615
1 0.4820717131474104 0.21766342141863698 0.01593625498007968 0.03477051460361613
1 0.5135458167330678 0.18845618915159942 0.016733067729083666 0.03198887343532684
1 0.5095617529880478 0.14673157162726008 0.01195219123505976 0.02364394993045897
1 0.5195219123505976 0.16063977746870653 0.012749003984063745 0.02364394993045897
1 0.5207171314741036 0.1321279554937413 0.010358565737051793 0.025034770514603615
1 0.5350597609561754 0.14881780250347704 0.01195219123505976 0.025034770514603615
1 0.5426294820717131 0.13699582753824757 0.00956175298804781 0.02642559109874826
1 0.551792828685259 0.1662030598052851 0.01354581673306773 0.02642559109874826
1 0.5605577689243028 0.1446453407510431 0.01195219123505976 0.027816411682892905
1 0.5649402390438247 0.12239221140472878 0.011155378486055778 0.025034770514603615
1 0.5864541832669323 0.11821974965229484 0.011155378486055778 0.025034770514603615
1 0.5936254980079682 0.1168289290681502 0.011155378486055778 0.027816411682892905
1 0.600398406374502 0.1286509040333797 0.01354581673306773 0.02920723226703755
1 0.5876494023904383 0.14394993045897078 0.015139442231075698 0.02920723226703755
1 0.5788844621513944 0.16828929068150209 0.015139442231075698 0.030598052851182195
1 0.6247011952191235 0.13977746870653684 0.012749003984063745 0.02642559109874826
1 0.6322709163346614 0.13351877607788595 0.010358565737051793 0.022253129346314324
1 0.6386454183266933 0.12447844228094575 0.010358565737051793 0.02364394993045897
1 0.653784860557769 0.1286509040333797 0.01354581673306773 0.02642559109874826
1 0.6657370517928287 0.13630041724617523 0.01354581673306773 0.025034770514603615
1 0.6653386454183268 0.11265646731571627 0.00956175298804781 0.025034770514603615
1 0.6601593625498008 0.10709318497913768 0.01195219123505976 0.025034770514603615
1 0.6972111553784861 0.11821974965229484 0.012749003984063745 0.022253129346314324
1 0.6135458167330677 0.10987482614742698 0.011155378486055778 0.022253129346314324
1 0.6167330677290837 0.21001390820584143 0.01912350597609562 0.036161335187760775
1 0.6135458167330677 0.24756606397774686 0.022310756972111555 0.04450625869262865
1 0.5577689243027889 0.26356050069541026 0.022310756972111555 0.043115438108484005
1 0.5342629482071714 0.29346314325452016 0.026294820717131476 0.04450625869262865
1 0.5856573705179283 0.3219749652294854 0.02549800796812749 0.054242002781641166
1 0.6709163346613546 0.2670375521557719 0.02390438247011952 0.05285118219749652
1 0.6872509960159363 0.22044506258692628 0.016733067729083666 0.037552155771905425
1 0.6900398406374503 0.1905424200278164 0.01593625498007968 0.03337969401947149
1 0.7298804780876494 0.21070931849791377 0.020717131474103586 0.043115438108484005
1 0.7143426294820717 0.15577190542420027 0.015139442231075698 0.036161335187760775
1 0.7350597609561753 0.1376912378303199 0.016733067729083666 0.030598052851182195
1 0.750996015936255 0.14603616133518776 0.016733067729083666 0.030598052851182195
1 0.7557768924302789 0.24061196105702362 0.02151394422310757 0.04450625869262865
1 0.7741035856573706 0.22531293463143254 0.018326693227091635 0.036161335187760775
1 0.7653386454183267 0.2997218358831711 0.02310756972111554 0.054242002781641166
1 0.8270916334661355 0.3463143254520167 0.028685258964143426 0.06675938803894298
1 0.8354581673306773 0.3136300417246175 0.02948207171314741 0.05146036161335187
1 0.9127490039840638 0.3407510431154381 0.024701195219123506 0.04728789986091794
1 0.9219123505976096 0.29068150208623084 0.01912350597609562 0.036161335187760775
1 0.8693227091633466 0.24687065368567454 0.022310756972111555 0.04033379694019471
1 0.8278884462151395 0.2524339360222531 0.01912350597609562 0.037552155771905425
1 0.8362549800796814 0.20514603616133517 0.016733067729083666 0.03198887343532684
1 0.8438247011952191 0.1877607788595271 0.01593625498007968 0.030598052851182195
1 0.9123505976095618 0.22531293463143254 0.020717131474103586 0.041724617524339355
1 0.9266932270916335 0.20166898470097355 0.01593625498007968 0.03337969401947149
1 0.9298804780876494 0.16759388038942977 0.01593625498007968 0.03198887343532684
1 0.9386454183266932 0.15438108484005564 0.01593625498007968 0.030598052851182195
1 0.9147410358565737 0.14394993045897078 0.012749003984063745 0.02920723226703755
1 0.904382470119522 0.1536856745479833 0.014342629482071713 0.02920723226703755
1 0.8920318725099602 0.18150208623087621 0.016733067729083666 0.037552155771905425
1 0.8669322709163347 0.15299026425591097 0.014342629482071713 0.030598052851182195
1 0.8737051792828685 0.14047287899860916 0.01195219123505976 0.022253129346314324
1 0.8342629482071714 0.15159944367176634 0.01593625498007968 0.030598052851182195
1 0.8378486055776893 0.12795549374130735 0.01195219123505976 0.022253129346314324
1 0.802788844621514 0.18150208623087621 0.015139442231075698 0.02920723226703755
1 0.8115537848605578 0.1564673157162726 0.015139442231075698 0.02920723226703755
1 0.8083665338645418 0.12726008344923503 0.01354581673306773 0.02364394993045897
1 0.7872509960159363 0.11961057023643949 0.011155378486055778 0.025034770514603615
1 0.7796812749003984 0.15577190542420027 0.015139442231075698 0.03337969401947149
1 0.8804780876494024 0.4798331015299026 0.028685258964143426 0.06119610570236439
1 0.29920318725099604 0.30667593880389427 0.018326693227091635 0.02364394993045897
