1 0.08790697674418606 0.4615384615384615 0.04744186046511628 0.09698996655518395
1 0.25116279069767444 0.28511705685618727 0.018604651162790697 0.03177257525083612
1 0.2916279069767442 0.2600334448160535 0.015813953488372095 0.03511705685618729
1 0.3023255813953489 0.2633779264214047 0.01674418604651163 0.0451505016722408
1 0.3116279069767442 0.29933110367892973 0.02046511627906977 0.04013377926421405
1 0.3288372093023256 0.2165551839464883 0.013953488372093025 0.03177257525083612
1 0.352093023255814 0.21989966555183946 0.013953488372093025 0.038461538461538464
1 0.37674418604651166 0.2633779264214047 0.02046511627906977 0.04180602006688963
1 0.36790697674418604 0.22993311036789296 0.015813953488372095 0.03511705685618729
1 0.36790697674418604 0.2140468227424749 0.013953488372093025 0.026755852842809364
1 0.3874418604651163 0.19899665551839466 0.017674418604651163 0.030100334448160536
1 0.41255813953488374 0.17558528428093645 0.015813953488372095 0.030100334448160536
1 0.4153488372093023 0.225752508361204 0.017674418604651163 0.043478260869565216
1 0.4404651162790698 0.16304347826086957 0.012093023255813955 0.03177257525083612
1 0.4506976744186047 0.14464882943143811 0.010232558139534885 0.02508361204013378
1 0.4548837209302326 0.1688963210702341 0.013023255813953489 0.03678929765886287
1 0.43767441860465117 0.19899665551839466 0.013953488372093025 0.033444816053511704
1 0.44372093023255815 0.21989966555183946 0.014883720930232559 0.03511705685618729
1 0.4358139534883721 0.2608695652173913 0.019534883720930235 0.046822742474916385
1 0.46837209302325583 0.1956521739130435 0.015813953488372095 0.03678929765886287
1 0.4716279069767442 0.17224080267558528 0.014883720930232559 0.033444816053511704
1 0.4730232558139535 0.1505016722408027 0.012093023255813955 0.026755852842809364
1 0.486046511627907 0.13712374581939799 0.010232558139534885 0.023411371237458192
1 0.5051162790697674 0.1697324414715719 0.01674418604651163 0.028428093645484948
1 0.4990697674418605 0.1914715719063545 0.015813953488372095 0.03511705685618729
1 0.5158139534883721 0.13712374581939799 0.013953488372093025 0.026755852842809364
1 0.5325581395348837 0.14046822742474915 0.013953488372093025 0.030100334448160536
1 0.5595348837209303 0.11789297658862877 0.013953488372093025 0.028428093645484948
1 0.5953488372093023 0.1028428093645485 0.013023255813953489 0.028428093645484948
1 0.6144186046511628 0.10869565217391304 0.008372093023255815 0.026755852842809364
1 0.6218604651162791 0.11204013377926421 0.012093023255813955 0.03678929765886287
1 0.638139534883721 0.10367892976588629 0.013023255813953489 0.026755852842809364
1 0.6223255813953489 0.14046822742474915 0.014883720930232559 0.033444816053511704
1 0.5697674418604651 0.16471571906354515 0.015813953488372095 0.038461538461538464
1 0.5846511627906977 0.13377926421404682 0.012093023255813955 0.030100334448160536
1 0.5888372093023256 0.12123745819397994 0.011162790697674419 0.02508361204013378
1 0.5534883720930233 0.16304347826086957 0.014883720930232559 0.03177257525083612
1 0.5809302325581396 0.15635451505016723 0.013953488372093025 0.03177257525083612
1 0.5241860465116279 0.21321070234113712 0.019534883720930235 0.038461538461538464
1 0.5041860465116279 0.2265886287625418 0.02046511627906977 0.048494983277591976
1 0.49348837209302326 0.2826086956521739 0.026976744186046512 0.05351170568561873
1 0.538139534883721 0.31270903010033446 0.026976744186046512 0.06354515050167224
1 0.5655813953488372 0.24331103678929766 0.018604651162790697 0.048494983277591976
1 0.6074418604651163 0.2525083612040134 0.022325581395348838 0.05016722408026756
1 0.6297674418604652 0.1906354515050167 0.02046511627906977 0.05016722408026756
1 0.6088372093023257 0.32608695652173914 0.026976744186046512 0.056856187290969896
1 0.6590697674418605 0.2525083612040134 0.023255813953488372 0.05016722408026756
1 0.6516279069767442 0.22826086956521738 0.017674418604651163 0.03177257525083612
1 0.6753488372093024 0.11622073578595317 0.013023255813953489 0.03177257525083612
1 0.6972093023255814 0.1028428093645485 0.012093023255813955 0.03177257525083612
1 0.6623255813953489 0.1697324414715719 0.01674418604651163 0.038461538461538464
1 0.6906976744186046 0.17809364548494983 0.015813953488372095 0.03511705685618729
1 0.6925581395348838 0.14381270903010032 0.015813953488372095 0.033444816053511704
1 0.7032558139534885 0.14464882943143811 0.011162790697674419 0.03177257525083612
1 0.7325581395348838 0.13043478260869565 0.013953488372093025 0.026755852842809364
1 0.7279069767441861 0.1588628762541806 0.013953488372093025 0.03678929765886287
1 0.7423255813953489 0.18561872909698995 0.01674418604651163 0.03678929765886287
1 0.6944186046511628 0.22324414715719063 0.023255813953488372 0.048494983277591976
1 0.7511627906976744 0.23076923076923075 0.019534883720930235 0.05016722408026756
1 0.68 0.3311036789297659 0.02790697674418605 0.06354515050167224
1 0.7227906976744186 0.31521739130434784 0.02418604651162791 0.051839464882943144
1 0.7837209302325582 0.29598662207357856 0.023255813953488372 0.06354515050167224
1 0.804186046511628 0.23578595317725753 0.019534883720930235 0.05016722408026756
1 0.7525581395348837 0.17725752508361203 0.01674418604651163 0.03678929765886287
1 0.7441860465116279 0.1454849498327759 0.013023255813953489 0.026755852842809364
1 0.7483720930232558 0.112876254180602 0.013953488372093025 0.02508361204013378
1 0.7655813953488373 0.1346153846153846 0.013023255813953489 0.03177257525083612
1 0.78 0.12374581939799331 0.012093023255813955 0.033444816053511704
1 0.7958139534883721 0.13294314381270902 0.012093023255813955 0.03177257525083612
1 0.8148837209302326 0.12792642140468227 0.013023255813953489 0.02508361204013378
1 0.7962790697674419 0.17558528428093645 0.01674418604651163 0.04013377926421405
1 0.812093023255814 0.16722408026755853 0.014883720930232559 0.03678929765886287
1 0.8302325581395349 0.14130434782608695 0.013953488372093025 0.03177257525083612
1 0.8427906976744186 0.18896321070234112 0.01674418604651163 0.043478260869565216
1 0.8493023255813954 0.16304347826086957 0.014883720930232559 0.03511705685618729
1 0.8613953488372094 0.1505016722408027 0.014883720930232559 0.030100334448160536
1 0.8623255813953489 0.1262541806020067 0.013023255813953489 0.03177257525083612
1 0.8934883720930233 0.12959866220735786 0.010232558139534885 0.03177257525083612
1 0.8934883720930233 0.16137123745819398 0.012093023255813955 0.028428093645484948
1 0.8865116279069768 0.17558528428093645 0.013023255813953489 0.03678929765886287
1 0.8786046511627907 0.20066889632107024 0.015813953488372095 0.033444816053511704
1 0.8725581395348838 0.22826086956521738 0.01674418604651163 0.038461538461538464
1 0.9213953488372093 0.2834448160535117 0.019534883720930235 0.051839464882943144
1 0.930232558139535 0.20317725752508362 0.014883720930232559 0.038461538461538464
1 0.9153488372093024 0.18394648829431437 0.014883720930232559 0.03678929765886287
1 0.9237209302325582 0.15802675585284282 0.011162790697674419 0.03177257525083612
