1 0.043000000000000003 0.6456456456456456 0.078 0.12012012012012012
1 0.114 0.6051051051051051 0.06 0.0990990990990991
1 0.153 0.4624624624624625 0.038 0.04804804804804805
1 0.122 0.47297297297297297 0.024 0.04504504504504504
1 0.199 0.48648648648648646 0.022 0.04804804804804805
1 0.23 0.49399399399399396 0.032 0.057057057057057055
1 0.256 0.6081081081081081 0.068 0.11711711711711711
1 0.16 0.5435435435435435 0.048 0.06006006006006006
1 0.28200000000000003 0.49099099099099097 0.032 0.05105105105105105
1 0.291 0.45795795795795796 0.026000000000000002 0.03903903903903904
1 0.334 0.43543543543543545 0.02 0.03003003003003003
1 0.321 0.48348348348348347 0.026000000000000002 0.04204204204204204
1 0.34400000000000003 0.5405405405405406 0.052000000000000005 0.07207207207207207
1 0.402 0.5180180180180181 0.04 0.05105105105105105
1 0.438 0.5135135135135135 0.044 0.07207207207207207
1 0.424 0.46396396396396394 0.024 0.03303303303303303
1 0.489 0.4804804804804805 0.034 0.05405405405405406
1 0.519 0.47297297297297297 0.026000000000000002 0.05105105105105105
1 0.498 0.44294294294294295 0.016 0.03303303303303303
1 0.532 0.44294294294294295 0.024 0.03903903903903904
1 0.555 0.4744744744744745 0.034 0.05405405405405406
1 0.657 0.44744744744744747 0.03 0.04204204204204204
1 0.544 0.6966966966966966 0.092 0.1921921921921922
1 0.609 0.6921921921921922 0.078 0.14114114114114115
1 0.713 0.5195195195195195 0.082 0.15615615615615616
1 0.766 0.503003003003003 0.044 0.08708708708708708
1 0.793 0.46546546546546547 0.042 0.06606606606606606
1 0.834 0.6186186186186187 0.07200000000000001 0.14414414414414414
1 0.853 0.7747747747747747 0.126 0.2042042042042042
1 0.873 0.5435435435435435 0.066 0.0960960960960961
1 0.876 0.45945945945945943 0.036000000000000004 0.05405405405405406
1 0.837 0.481981981981982 0.03 0.057057057057057055
