1 0.1679166666666667 0.6251851851851852 0.050833333333333335 0.1037037037037037
1 0.14750000000000002 0.4488888888888889 0.05166666666666667 0.10666666666666666
1 0.21583333333333335 0.4785185185185185 0.045000000000000005 0.10074074074074074
1 0.26416666666666666 0.5525925925925925 0.04666666666666667 0.10666666666666666
1 0.32916666666666666 0.5503703703703703 0.05 0.10814814814814815
1 0.2575 0.4222222222222222 0.03833333333333334 0.08296296296296296
1 0.24125000000000002 0.3681481481481481 0.03416666666666667 0.06666666666666667
1 0.2904166666666667 0.36 0.03416666666666667 0.059259259259259255
1 0.29083333333333333 0.4237037037037037 0.045000000000000005 0.08296296296296296
1 0.35583333333333333 0.43777777777777777 0.04 0.0874074074074074
1 0.36625 0.3859259259259259 0.04083333333333333 0.06074074074074074
1 0.3754166666666667 0.36148148148148146 0.030833333333333334 0.06814814814814814
1 0.41208333333333336 0.3762962962962963 0.03916666666666667 0.08296296296296296
1 0.3929166666666667 0.4540740740740741 0.04916666666666667 0.09037037037037036
1 0.39416666666666667 0.5874074074074074 0.04833333333333334 0.10518518518518517
1 0.45625000000000004 0.36592592592592593 0.04583333333333334 0.08
1 0.49333333333333335 0.34296296296296297 0.04 0.08148148148148147
1 0.5225000000000001 0.34074074074074073 0.03166666666666667 0.07407407407407407
1 0.5579166666666667 0.33037037037037037 0.03916666666666667 0.06814814814814814
1 0.5658333333333334 0.39925925925925926 0.03666666666666667 0.0874074074074074
1 0.5391666666666667 0.45999999999999996 0.04166666666666667 0.07555555555555556
1 0.5454166666666667 0.534074074074074 0.04416666666666667 0.09925925925925926
1 0.4879166666666667 0.5577777777777777 0.0425 0.0874074074074074
1 0.5908333333333333 0.4785185185185185 0.05 0.09481481481481481
1 0.6120833333333334 0.42 0.04416666666666667 0.08444444444444445
1 0.5975 0.36592592592592593 0.03166666666666667 0.05333333333333333
1 0.6433333333333334 0.3822222222222222 0.035 0.08
1 0.6658333333333334 0.38814814814814813 0.03666666666666667 0.08592592592592592
1 0.6941666666666667 0.35037037037037033 0.03333333333333333 0.07259259259259258
1 0.7175 0.41777777777777775 0.04 0.09481481481481481
1 0.7420833333333334 0.40074074074074073 0.0425 0.0874074074074074
1 0.7529166666666667 0.36 0.035833333333333335 0.07111111111111111
1 0.8045833333333334 0.44814814814814813 0.04916666666666667 0.09333333333333332
1 0.8195833333333334 0.39555555555555555 0.04583333333333334 0.08296296296296296
1 0.8858333333333334 0.4488888888888889 0.05166666666666667 0.09185185185185185
1 0.6837500000000001 0.6259259259259259 0.0425 0.0962962962962963
1 0.72875 0.6222222222222222 0.037500000000000006 0.09185185185185185
1 0.80625 0.5762962962962963 0.04583333333333334 0.09777777777777777
