1 0.07890625000000001 0.6015228426395939 0.1265625 0.2081218274111675
1 0.046875 0.36548223350253806 0.0625 0.11167512690355329
1 0.1 0.299492385786802 0.059375000000000004 0.09644670050761421
1 0.16484375 0.19670050761421318 0.051562500000000004 0.09898477157360405
1 0.18515625000000002 0.31345177664974616 0.0703125 0.11421319796954314
1 0.24531250000000002 0.4111675126903553 0.09062500000000001 0.17766497461928932
1 0.325 0.25507614213197966 0.078125 0.10913705583756345
1 0.39921875 0.22081218274111675 0.060937500000000006 0.09644670050761421
1 0.41640625000000003 0.39213197969543145 0.0734375 0.12436548223350252
1 0.43593750000000003 0.5583756345177665 0.115625 0.1878172588832487
1 0.659375 0.3032994923857868 0.140625 0.2309644670050761
