1 0.4848024316109423 0.2109090909090909 0.02938196555217832 0.06181818181818182
1 0.529888551165147 0.20636363636363636 0.024316109422492405 0.045454545454545456
1 0.6165146909827761 0.2081818181818182 0.02330293819655522 0.04909090909090909
1 0.6519756838905776 0.20909090909090908 0.019250253292806486 0.04363636363636364
1 0.6681864235055724 0.22272727272727272 0.021276595744680854 0.045454545454545456
1 0.6732522796352584 0.2636363636363636 0.025329280648429587 0.05818181818181818
1 0.7036474164133739 0.22 0.019250253292806486 0.04363636363636364
1 0.743161094224924 0.22727272727272727 0.017223910840932118 0.04363636363636364
1 0.7664640324214793 0.23363636363636364 0.02330293819655522 0.05272727272727273
1 0.7264437689969605 0.2809090909090909 0.028368794326241138 0.06363636363636363
1 0.7497467071935158 0.32 0.030395136778115502 0.07636363636363637
1 0.8161094224924013 0.26272727272727275 0.021276595744680854 0.05272727272727273
1 0.7933130699088147 0.3972727272727273 0.03647416413373861 0.07818181818181819
1 0.9037487335359676 0.34454545454545454 0.028368794326241138 0.06727272727272728
1 0.9599797365754813 0.3427272727272727 0.03546099290780142 0.1
