1 0.17320902845927377 0.49214659685863876 0.04808635917566241 0.08726003490401396
1 0.2566241413150147 0.27225130890052357 0.0225711481844946 0.038394415357766144
1 0.28263002944062804 0.25392670157068065 0.01962708537782139 0.04363001745200698
1 0.3900883218842002 0.26352530541012215 0.0225711481844946 0.038394415357766144
1 0.37585868498527963 0.18150087260034906 0.017664376840039252 0.038394415357766144
1 0.35181550539744844 0.24607329842931938 0.02060843964671246 0.038394415357766144
1 0.39892051030421977 0.22338568935427575 0.016683022571148183 0.038394415357766144
1 0.4048086359175662 0.1736474694589878 0.014720314033366044 0.02617801047120419
1 0.4317958783120706 0.231239092495637 0.01962708537782139 0.04363001745200698
1 0.4430814524043179 0.20157068062827224 0.018645731108930322 0.03315881326352531
1 0.4533856722276742 0.15008726003490402 0.015701668302257114 0.027923211169284468
1 0.4774288518155054 0.1474694589877836 0.014720314033366044 0.03315881326352531
1 0.47890088321884194 0.18411867364746945 0.017664376840039252 0.03664921465968587
1 0.5019627085377821 0.18411867364746945 0.018645731108930322 0.04013961605584642
1 0.5107948969578018 0.12478184991273997 0.012757605495583905 0.022687609075043632
1 0.5368007850834151 0.12390924956369982 0.015701668302257114 0.02443280977312391
1 0.5466143277723258 0.19546247818499127 0.02158979391560353 0.038394415357766144
1 0.57801766437684 0.1736474694589878 0.023552502453385672 0.04013961605584642
1 0.5858684985279685 0.14223385689354276 0.015701668302257114 0.03315881326352531
1 0.6177625122669284 0.14659685863874347 0.018645731108930322 0.031413612565445025
1 0.5662414131501472 0.06893542757417104 0.015701668302257114 0.03664921465968587
1 0.6545632973503435 0.1457242582897033 0.017664376840039252 0.03664921465968587
1 0.6506378802747792 0.11256544502617802 0.013738959764474975 0.02617801047120419
1 0.6570166830225711 0.04886561954624782 0.012757605495583905 0.02443280977312391
1 0.6992149165848871 0.060209424083769635 0.018645731108930322 0.03664921465968587
1 0.6962708537782138 0.19109947643979058 0.0225711481844946 0.04363001745200698
1 0.6629048086359175 0.21902268760907503 0.02649656526005888 0.04712041884816754
1 0.6123650637880275 0.26439790575916233 0.02551521099116781 0.05410122164048866
1 0.5593719332679097 0.2600349040139616 0.023552502453385672 0.05235602094240838
1 0.5426889106967615 0.3237347294938918 0.02747791952894995 0.05410122164048866
1 0.49116781157998035 0.3167539267015707 0.03631010794896958 0.06108202443280977
1 0.6810598626104023 0.32024432809773123 0.037291462217860644 0.06806282722513089
1 0.7198233562315995 0.2731239092495637 0.02845927379784102 0.06806282722513089
1 0.747791952894995 0.23472949389179756 0.02158979391560353 0.0506108202443281
1 0.7350343473994111 0.18586387434554974 0.023552502453385672 0.0506108202443281
1 0.7865554465161922 0.193717277486911 0.0225711481844946 0.05235602094240838
1 0.8145240431795878 0.23734729493891799 0.023552502453385672 0.04886561954624782
1 0.7806673209028459 0.2879581151832461 0.02649656526005888 0.04886561954624782
1 0.7634936211972522 0.31762652705061084 0.03140333660451423 0.07329842931937174
1 0.8027477919528949 0.4092495636998255 0.035328753680078505 0.07853403141361257
1 0.8017664376840039 0.1343804537521815 0.015701668302257114 0.034904013961605584
1 0.8331697742885181 0.1387434554973822 0.017664376840039252 0.03664921465968587
1 0.8478900883218842 0.12827225130890052 0.013738959764474975 0.029668411867364748
1 0.8753680078508341 0.1300174520069808 0.015701668302257114 0.03315881326352531
1 0.8341511285574091 0.20418848167539266 0.02158979391560353 0.055846422338568937
1 0.8356231599607458 0.306282722513089 0.03631010794896958 0.06806282722513089
1 0.9003925417075563 0.3760907504363002 0.04416094210009813 0.08900523560209424
1 0.909224730127576 0.31762652705061084 0.0323846908734053 0.07329842931937174
1 0.8709519136408242 0.25218150087260033 0.0225711481844946 0.05759162303664921
1 0.8797841020608439 0.21291448516579406 0.018645731108930322 0.04886561954624782
1 0.9249263984298332 0.22076788830715532 0.02453385672227674 0.05410122164048866
1 0.9229636898920509 0.2835951134380454 0.02845927379784102 0.06108202443280977
1 0.9097154072620215 0.14485165794066318 0.017664376840039252 0.031413612565445025
1 0.9362119725220804 0.15532286212914487 0.015701668302257114 0.041884816753926704
