1 0.74609375 0.471830985915493 0.0546875 0.07981220657276995
1 0.5398437500000001 0.57981220657277 0.0328125 0.056338028169014086
1 0.48671875000000003 0.6044600938967136 0.0328125 0.0539906103286385
1 0.43203125000000003 0.619718309859155 0.0390625 0.06103286384976526
1 0.36562500000000003 0.6150234741784038 0.046875 0.056338028169014086
1 0.37421875000000004 0.5727699530516432 0.035937500000000004 0.051643192488262914
1 0.40078125000000003 0.568075117370892 0.026562500000000003 0.051643192488262914
1 0.446875 0.573943661971831 0.028125 0.04460093896713615
1 0.49062500000000003 0.5610328638497653 0.03125 0.03755868544600939
1 0.5234375 0.5563380281690141 0.021875000000000002 0.04225352112676056
1 0.55625 0.5481220657276995 0.021875000000000002 0.035211267605633804
1 0.49453125000000003 0.5234741784037559 0.0203125 0.03286384976525822
1 0.47968750000000004 0.4906103286384977 0.018750000000000003 0.03286384976525822
1 0.45078125 0.5293427230046949 0.0234375 0.03990610328638498
1 0.40703125 0.5293427230046949 0.0234375 0.035211267605633804
1 0.40703125 0.4906103286384977 0.0203125 0.03286384976525822
1 0.42734375 0.4847417840375587 0.0140625 0.035211267605633804
1 0.37031250000000004 0.5328638497652582 0.025 0.03755868544600939
1 0.32421875 0.539906103286385 0.026562500000000003 0.04225352112676056
1 0.275 0.568075117370892 0.037500000000000006 0.051643192488262914
1 0.20390625 0.5727699530516432 0.0421875 0.07042253521126761
1 0.12109375 0.5516431924882629 0.035937500000000004 0.056338028169014086
1 0.084375 0.5927230046948357 0.046875 0.07746478873239437
1 0.02109375 0.5410798122065728 0.0328125 0.06338028169014084
1 0.032031250000000004 0.47417840375586856 0.0328125 0.046948356807511735
1 0.08828125 0.4953051643192488 0.029687500000000002 0.051643192488262914
1 0.1484375 0.49882629107981225 0.034375 0.04460093896713615
1 0.20234375000000002 0.534037558685446 0.0328125 0.04929577464788733
1 0.259375 0.5316901408450704 0.028125 0.04460093896713615
1 0.29921875000000003 0.5 0.0234375 0.04225352112676056
1 0.33906250000000004 0.5 0.021875000000000002 0.03755868544600939
1 0.3609375 0.47887323943661975 0.015625 0.03286384976525822
1 0.37109375 0.465962441314554 0.0171875 0.03051643192488263
1 0.3828125 0.4823943661971831 0.015625 0.03051643192488263
1 0.3453125 0.4612676056338028 0.015625 0.03051643192488263
1 0.32421875 0.4765258215962441 0.0140625 0.023474178403755867
1 0.28125 0.47417840375586856 0.018750000000000003 0.03286384976525822
1 0.27890625 0.4483568075117371 0.0140625 0.023474178403755867
1 0.27109375 0.4413145539906103 0.0140625 0.023474178403755867
1 0.259375 0.42488262910798125 0.0125 0.023474178403755867
1 0.29609375 0.44366197183098594 0.0171875 0.028169014084507043
1 0.309375 0.4507042253521127 0.015625 0.023474178403755867
1 0.24453125 0.47417840375586856 0.0203125 0.03286384976525822
1 0.23515625 0.45422535211267606 0.0171875 0.025821596244131457
1 0.234375 0.4284037558685446 0.018750000000000003 0.025821596244131457
1 0.2 0.49413145539906106 0.03125 0.035211267605633804
1 0.19296875000000002 0.4765258215962441 0.0203125 0.03286384976525822
1 0.19609375 0.45539906103286387 0.0171875 0.023474178403755867
1 0.20078125000000002 0.4307511737089202 0.0171875 0.025821596244131457
1 0.2109375 0.4025821596244131 0.018750000000000003 0.03051643192488263
1 0.17578125 0.3767605633802817 0.0140625 0.02112676056338028
1 0.14375000000000002 0.4612676056338028 0.025 0.035211267605633804
1 0.15625 0.431924882629108 0.015625 0.028169014084507043
1 0.16718750000000002 0.4225352112676056 0.0125 0.023474178403755867
1 0.16796875 0.392018779342723 0.0078125 0.018779342723004695
1 0.16015625 0.3732394366197183 0.010937500000000001 0.018779342723004695
1 0.14609375 0.38380281690140844 0.0140625 0.02112676056338028
1 0.13359375 0.4025821596244131 0.0140625 0.02112676056338028
1 0.12578125 0.4154929577464789 0.0171875 0.028169014084507043
1 0.10859375 0.4284037558685446 0.0171875 0.03051643192488263
1 0.09843750000000001 0.4518779342723005 0.018750000000000003 0.03051643192488263
1 0.07187500000000001 0.46830985915492956 0.025 0.03990610328638498
1 0.039843750000000004 0.44483568075117375 0.0203125 0.03051643192488263
1 0.06171875 0.4284037558685446 0.0171875 0.03051643192488263
1 0.0703125 0.4107981220657277 0.015625 0.028169014084507043
1 0.0921875 0.397887323943662 0.015625 0.025821596244131457
1 0.10703125000000001 0.3814553990610329 0.0140625 0.025821596244131457
1 0.11953125 0.36737089201877937 0.0140625 0.02112676056338028
1 0.08671875000000001 0.36502347417840375 0.0171875 0.02112676056338028
1 0.0625 0.3767605633802817 0.0125 0.025821596244131457
1 0.0484375 0.4025821596244131 0.021875000000000002 0.025821596244131457
1 0.009375000000000001 0.426056338028169 0.015625 0.035211267605633804
1 0.00859375 0.49413145539906106 0.0140625 0.0539906103286385
1 0.00859375 0.38380281690140844 0.0140625 0.03051643192488263
1 0.022656250000000003 0.3720657276995305 0.0171875 0.03051643192488263
1 0.0421875 0.3544600938967136 0.015625 0.028169014084507043
1 0.00859375 0.35093896713615025 0.0140625 0.025821596244131457
