1 0.16401869158878504 0.47996661101836396 0.03644859813084112 0.05843071786310518
1 0.25373831775700934 0.2679465776293823 0.014018691588785047 0.028380634390651086
1 0.2738317757009346 0.27462437395659434 0.016822429906542057 0.028380634390651086
1 0.2957943925233645 0.2621035058430718 0.014018691588785047 0.0333889816360601
1 0.3102803738317757 0.27712854757929883 0.016822429906542057 0.0333889816360601
1 0.32616822429906545 0.2904841402337229 0.014953271028037384 0.0333889816360601
1 0.36308411214953273 0.28130217028380633 0.017757009345794394 0.035058430717863104
1 0.3485981308411215 0.2621035058430718 0.01869158878504673 0.03005008347245409
1 0.32850467289719626 0.2337228714524207 0.01588785046728972 0.03005008347245409
1 0.31308411214953275 0.2270450751252087 0.013084112149532711 0.0333889816360601
1 0.3593457943925234 0.2295492487479132 0.014018691588785047 0.035058430717863104
1 0.39485981308411217 0.2921535893155259 0.02149532710280374 0.04340567612687813
1 0.38878504672897196 0.2245409015025042 0.013084112149532711 0.025041736227045076
1 0.38878504672897196 0.1903171953255426 0.014953271028037384 0.03672787979966611
1 0.44672897196261685 0.2303839732888147 0.016822429906542057 0.03672787979966611
1 0.4252336448598131 0.19532554257095158 0.016822429906542057 0.0333889816360601
1 0.44485981308411215 0.17445742904841402 0.011214953271028038 0.025041736227045076
1 0.46401869158878506 0.15108514190317196 0.010280373831775701 0.021702838063439065
1 0.480373831775701 0.16110183639398998 0.014953271028037384 0.03171953255425709
1 0.4883177570093458 0.19449081803005008 0.014018691588785047 0.03171953255425709
1 0.46822429906542057 0.2245409015025042 0.01869158878504673 0.03171953255425709
1 0.5275700934579439 0.2028380634390651 0.017757009345794394 0.038397328881469114
1 0.5070093457943925 0.19616026711185308 0.017757009345794394 0.035058430717863104
1 0.48598130841121495 0.14023372287145242 0.013084112149532711 0.02337228714524207
1 0.5397196261682243 0.17696160267111855 0.014018691588785047 0.03005008347245409
1 0.5663551401869159 0.17612687813021705 0.014953271028037384 0.03171953255425709
1 0.5607476635514019 0.14524207011686144 0.013084112149532711 0.02671118530884808
1 0.5686915887850468 0.12270450751252088 0.012149532710280374 0.021702838063439065
1 0.5948598130841122 0.14440734557595994 0.012149532710280374 0.028380634390651086
1 0.6210280373831776 0.14691151919866444 0.012149532710280374 0.02671118530884808
1 0.6116822429906542 0.1302170283806344 0.010280373831775701 0.02337228714524207
1 0.6182242990654205 0.11853088480801335 0.010280373831775701 0.02003338898163606
1 0.5990654205607477 0.12353923205342238 0.011214953271028038 0.02337228714524207
1 0.6401869158878505 0.13689482470784642 0.011214953271028038 0.03005008347245409
1 0.6761682242990654 0.12437395659432388 0.014018691588785047 0.025041736227045076
1 0.5528037383177571 0.24874791318864775 0.02149532710280374 0.05008347245409015
1 0.5121495327102804 0.2996661101836394 0.022429906542056077 0.048414023372287146
1 0.5869158878504673 0.2996661101836394 0.026168224299065422 0.05175292153589316
1 0.6158878504672898 0.31135225375626047 0.026168224299065422 0.05843071786310518
1 0.6084112149532711 0.2554257095158598 0.022429906542056077 0.04674457429048414
1 0.633177570093458 0.1969949916527546 0.017757009345794394 0.03672787979966611
1 0.6700934579439253 0.21869782971619367 0.01869158878504673 0.04006677796327212
1 0.6855140186915888 0.15275459098497496 0.012149532710280374 0.025041736227045076
1 0.7121495327102804 0.15275459098497496 0.011214953271028038 0.028380634390651086
1 0.7042056074766355 0.2245409015025042 0.019626168224299065 0.048414023372287146
1 0.6771028037383178 0.27212020033388984 0.02149532710280374 0.05676126878130217
1 0.7186915887850468 0.27879799666110183 0.024299065420560748 0.04674457429048414
1 0.7322429906542056 0.20534223706176963 0.017757009345794394 0.03005008347245409
1 0.7285046728971963 0.164440734557596 0.01588785046728972 0.035058430717863104
1 0.7556074766355141 0.14190317195325544 0.014018691588785047 0.0333889816360601
1 0.7654205607476636 0.12687813021702837 0.013084112149532711 0.02671118530884808
1 0.752803738317757 0.11352253756260434 0.014018691588785047 0.03005008347245409
1 0.7724299065420561 0.166110183639399 0.014018691588785047 0.028380634390651086
1 0.7761682242990654 0.20784641068447413 0.014018691588785047 0.038397328881469114
1 0.7579439252336448 0.2337228714524207 0.020560747663551402 0.04340567612687813
1 0.7682242990654206 0.3055091819699499 0.026168224299065422 0.06010016694490818
1 0.8401869158878505 0.330550918196995 0.026168224299065422 0.06010016694490818
1 0.8504672897196262 0.24290484140233723 0.01869158878504673 0.05175292153589316
1 0.9107476635514019 0.25375626043405675 0.02149532710280374 0.05342237061769616
1 0.9177570093457944 0.24123539232053423 0.014953271028037384 0.05175292153589316
1 0.8864485981308412 0.1978297161936561 0.014018691588785047 0.035058430717863104
1 0.8920560747663552 0.162771285475793 0.01588785046728972 0.038397328881469114
1 0.852803738317757 0.15692821368948248 0.012149532710280374 0.0333889816360601
1 0.8028037383177571 0.17028380634390652 0.014953271028037384 0.0333889816360601
1 0.7901869158878505 0.16193656093489148 0.010280373831775701 0.02671118530884808
1 0.8345794392523365 0.15275459098497496 0.014953271028037384 0.035058430717863104
1 0.8453271028037384 0.18781302170283806 0.012149532710280374 0.028380634390651086
1 0.8397196261682244 0.2287145242070117 0.01588785046728972 0.04006677796327212
