1 0.33059548254620125 0.18807339449541285 0.01642710472279261 0.027522935779816515
1 0.37217659137577 0.1944954128440367 0.013347022587268994 0.025688073394495414
1 0.37833675564681724 0.181651376146789 0.011293634496919919 0.022018348623853212
1 0.412217659137577 0.16972477064220184 0.011293634496919919 0.027522935779816515
1 0.4353182751540041 0.18073394495412845 0.012320328542094456 0.027522935779816515
1 0.4358316221765914 0.14770642201834863 0.011293634496919919 0.023853211009174313
1 0.4537987679671458 0.15412844036697249 0.01026694045174538 0.022018348623853212
1 0.4645790554414785 0.16605504587155964 0.009240246406570842 0.023853211009174313
1 0.47741273100616016 0.163302752293578 0.01026694045174538 0.022018348623853212
1 0.4681724845995893 0.13944954128440368 0.008213552361396304 0.022018348623853212
1 0.4840862422997947 0.14862385321100918 0.007186858316221767 0.014678899082568808
1 0.4938398357289528 0.1688073394495413 0.01026694045174538 0.025688073394495414
1 0.46406570841889117 0.21834862385321102 0.01642710472279261 0.03302752293577982
1 0.5246406570841889 0.1834862385321101 0.012320328542094456 0.03302752293577982
1 0.49794661190965095 0.13211009174311927 0.008213552361396304 0.01834862385321101
1 0.5251540041067762 0.12844036697247707 0.011293634496919919 0.025688073394495414
1 0.5662217659137577 0.15229357798165138 0.011293634496919919 0.022018348623853212
1 0.5585215605749487 0.1871559633027523 0.012320328542094456 0.025688073394495414
1 0.5415811088295688 0.1871559633027523 0.013347022587268994 0.025688073394495414
1 0.5369609856262834 0.14862385321100918 0.012320328542094456 0.029357798165137616
1 0.5775154004106776 0.12935779816513762 0.013347022587268994 0.023853211009174313
1 0.6001026694045175 0.11834862385321102 0.011293634496919919 0.023853211009174313
1 0.6026694045174538 0.15688073394495414 0.012320328542094456 0.023853211009174313
1 0.5939425051334702 0.23027522935779818 0.019507186858316223 0.04220183486238532
1 0.6298767967145791 0.20642201834862386 0.017453798767967148 0.045871559633027525
1 0.6668377823408624 0.21284403669724772 0.01540041067761807 0.03302752293577982
1 0.6596509240246407 0.1871559633027523 0.01540041067761807 0.025688073394495414
1 0.63347022587269 0.16238532110091744 0.012320328542094456 0.027522935779816515
1 0.62782340862423 0.13577981651376148 0.011293634496919919 0.025688073394495414
1 0.6139630390143738 0.10825688073394496 0.008213552361396304 0.01834862385321101
1 0.6560574948665298 0.13761467889908258 0.014373716632443533 0.03302752293577982
1 0.6591375770020534 0.11743119266055047 0.008213552361396304 0.022018348623853212
1 0.6750513347022588 0.11376146788990826 0.013347022587268994 0.025688073394495414
1 0.7109856262833676 0.12110091743119267 0.011293634496919919 0.01834862385321101
1 0.6935318275154004 0.18073394495412845 0.013347022587268994 0.031192660550458717
1 0.7166324435318275 0.1871559633027523 0.01026694045174538 0.03302752293577982
1 0.7361396303901437 0.181651376146789 0.01642710472279261 0.03669724770642202
1 0.7310061601642711 0.14862385321100918 0.01026694045174538 0.025688073394495414
1 0.742299794661191 0.14220183486238533 0.012320328542094456 0.02018348623853211
1 0.7731006160164271 0.17706422018348625 0.014373716632443533 0.03486238532110092
1 0.7150924024640657 0.26146788990825687 0.019507186858316223 0.045871559633027525
1 0.734599589322382 0.3128440366972477 0.029774127310061602 0.07155963302752294
1 0.8008213552361396 0.20917431192660552 0.014373716632443533 0.03302752293577982
1 0.8136550308008214 0.19908256880733946 0.013347022587268994 0.03853211009174312
1 0.8295687885010268 0.1889908256880734 0.014373716632443533 0.029357798165137616
1 0.8090349075975359 0.15871559633027524 0.014373716632443533 0.027522935779816515
1 0.8208418891170431 0.14311926605504588 0.013347022587268994 0.029357798165137616
1 0.795687885010267 0.13394495412844037 0.01026694045174538 0.022018348623853212
1 0.7895277207392197 0.1614678899082569 0.012320328542094456 0.025688073394495414
1 0.7736139630390144 0.14954128440366973 0.009240246406570842 0.02018348623853211
1 0.7628336755646817 0.13944954128440368 0.01026694045174538 0.022018348623853212
1 0.8547227926078029 0.14036697247706423 0.009240246406570842 0.023853211009174313
1 0.8649897330595483 0.2036697247706422 0.013347022587268994 0.03669724770642202
1 0.8819301848049281 0.23853211009174313 0.014373716632443533 0.03302752293577982
1 0.8747433264887065 0.27522935779816515 0.018480492813141684 0.044036697247706424
1 0.9348049281314169 0.22752293577981653 0.013347022587268994 0.03302752293577982
1 0.9029774127310062 0.20733944954128442 0.011293634496919919 0.029357798165137616
1 0.910164271047228 0.1743119266055046 0.013347022587268994 0.03302752293577982
1 0.8870636550308009 0.16238532110091744 0.012320328542094456 0.027522935779816515
1 0.9353182751540041 0.1853211009174312 0.01026694045174538 0.029357798165137616
1 0.9286447638603696 0.18073394495412845 0.011293634496919919 0.027522935779816515
1 0.6822381930184805 0.14954128440366973 0.01540041067761807 0.027522935779816515
