1 0.23826714801444043 0.8518072289156627 0.26714801444043323 0.28674698795180725
1 0.733754512635379 0.6867469879518073 0.14981949458483754 0.20722891566265061
1 0.9413357400722022 0.7048192771084338 0.11732851985559567 0.26746987951807233
1 0.888086642599278 0.4072289156626506 0.04693140794223827 0.07710843373493977
1 0.9422382671480145 0.3819277108433735 0.05054151624548737 0.06987951807228916
1 0.7283393501805054 0.363855421686747 0.0740072202166065 0.0963855421686747
1 0.6705776173285198 0.4 0.03790613718411553 0.04819277108433735
1 0.5866425992779783 0.3698795180722892 0.07220216606498195 0.09879518072289158
1 0.47382671480144406 0.4060240963855422 0.052346570397111915 0.09879518072289158
1 0.4259927797833935 0.4337349397590362 0.08303249097472924 0.10120481927710845
1 0.3483754512635379 0.4228915662650603 0.05776173285198556 0.09397590361445785
1 0.388086642599278 0.383132530120482 0.03249097472924188 0.05301204819277109
1 0.30054151624548736 0.4156626506024097 0.04512635379061372 0.06024096385542169
1 0.18953068592057762 0.3674698795180723 0.05415162454873646 0.06987951807228916
1 0.1552346570397112 0.41807228915662653 0.09025270758122744 0.12771084337349398
1 0.09476534296028881 0.4168674698795181 0.048736462093862815 0.07228915662650603
1 0.05054151624548737 0.4060240963855422 0.06137184115523466 0.07951807228915664
