1 0.12438825448613378 0.5477207977207977 0.041598694942903754 0.07834757834757836
1 0.21084828711256118 0.34971509971509973 0.020391517128874388 0.038461538461538464
1 0.23858075040783036 0.3774928774928775 0.02365415986949429 0.045584045584045586
1 0.2671288743882545 0.3839031339031339 0.02202283849918434 0.04700854700854701
1 0.26753670473083196 0.3183760683760684 0.019575856443719414 0.03561253561253561
1 0.32300163132137033 0.3582621082621083 0.02773246329526917 0.04700854700854701
1 0.3372756933115824 0.33760683760683763 0.018760195758564437 0.03703703703703704
1 0.3005709624796085 0.33831908831908836 0.02202283849918434 0.041310541310541314
1 0.33238172920065256 0.301994301994302 0.015497553017944535 0.03133903133903134
1 0.36500815660685154 0.3425925925925926 0.02202283849918434 0.041310541310541314
1 0.3915171288743883 0.33760683760683763 0.024469820554649267 0.045584045584045586
1 0.3866231647634584 0.301994301994302 0.017944535073409464 0.03418803418803419
1 0.385399673735726 0.2841880341880342 0.015497553017944535 0.02421652421652422
1 0.3756117455138662 0.2621082621082621 0.017128874388254486 0.03418803418803419
1 0.4110929853181077 0.25925925925925924 0.017944535073409464 0.03703703703703704
1 0.43148450244698205 0.26424501424501423 0.016313213703099513 0.03561253561253561
1 0.4159869494290375 0.3126780626780627 0.019575856443719414 0.038461538461538464
1 0.433931484502447 0.3532763532763533 0.026101141924959218 0.042735042735042736
1 0.4465742251223491 0.32193732193732194 0.02202283849918434 0.039886039886039885
1 0.47879282218597063 0.32407407407407407 0.024469820554649267 0.05555555555555556
1 0.4437194127243067 0.27350427350427353 0.016313213703099513 0.03133903133903134
1 0.44494290375203915 0.24643874643874644 0.012234910277324634 0.02849002849002849
1 0.45228384991843396 0.2371794871794872 0.017128874388254486 0.02421652421652422
1 0.49959216965742254 0.2742165242165242 0.018760195758564437 0.041310541310541314
1 0.4983686786296901 0.24287749287749288 0.016313213703099513 0.029914529914529916
1 0.519168026101142 0.25213675213675213 0.018760195758564437 0.03418803418803419
1 0.5330342577487766 0.2813390313390314 0.018760195758564437 0.041310541310541314
1 0.5534257748776509 0.25783475783475784 0.018760195758564437 0.039886039886039885
1 0.5452691680261011 0.2207977207977208 0.017128874388254486 0.02849002849002849
1 0.552610114192496 0.20797720797720798 0.015497553017944535 0.025641025641025644
1 0.5823817292006526 0.2571225071225071 0.017944535073409464 0.03561253561253561
1 0.5815660685154975 0.23005698005698008 0.01468189233278956 0.027065527065527065
1 0.5909461663947798 0.21011396011396014 0.017128874388254486 0.029914529914529916
1 0.6105220228384992 0.21794871794871795 0.015497553017944535 0.03703703703703704
1 0.619494290375204 0.23076923076923078 0.015497553017944535 0.02849002849002849
1 0.6186786296900489 0.25925925925925924 0.015497553017944535 0.039886039886039885
1 0.6455954323001631 0.2143874643874644 0.013866231647634585 0.027065527065527065
1 0.6561990212071779 0.2378917378917379 0.015497553017944535 0.03418803418803419
1 0.6615008156606852 0.2200854700854701 0.016313213703099513 0.029914529914529916
1 0.4535073409461664 0.4166666666666667 0.03588907014681893 0.06695156695156695
1 0.5207993474714518 0.4237891737891738 0.033442088091353996 0.0698005698005698
1 0.5150897226753671 0.3696581196581197 0.03181076672104405 0.05555555555555556
1 0.5811582381729201 0.33831908831908836 0.02365415986949429 0.04700854700854701
1 0.5950244698205547 0.38603988603988604 0.02365415986949429 0.045584045584045586
1 0.570146818923328 0.45940170940170943 0.03425774877650897 0.0754985754985755
1 0.6150081566068516 0.4871794871794872 0.040783034257748776 0.07122507122507123
1 0.6398858075040783 0.38319088319088324 0.028548123980424146 0.05982905982905983
1 0.6280587275693312 0.34971509971509973 0.022838499184339316 0.044159544159544165
1 0.6154159869494291 0.3141025641025641 0.02202283849918434 0.041310541310541314
1 0.6500815660685155 0.2813390313390314 0.021207177814029365 0.041310541310541314
1 0.6566068515497553 0.31695156695156695 0.024469820554649267 0.044159544159544165
1 0.6700652528548124 0.3710826210826211 0.02365415986949429 0.04700854700854701
1 0.6977977161500816 0.4123931623931624 0.030179445350734097 0.05840455840455841
1 0.682300163132137 0.5477207977207977 0.03833605220228385 0.07834757834757836
1 0.7532626427406199 0.43019943019943024 0.03507340946166395 0.05982905982905983
1 0.802610114192496 0.5256410256410257 0.04241435562805873 0.08262108262108263
1 0.8291190864600326 0.47150997150997154 0.0367047308319739 0.06837606837606838
1 0.8870309951060359 0.4743589743589744 0.0367047308319739 0.07692307692307693
1 0.8356443719412725 0.4045584045584046 0.028548123980424146 0.06267806267806268
1 0.7920065252854813 0.3646723646723647 0.022838499184339316 0.045584045584045586
1 0.8062805872756933 0.344017094017094 0.02202283849918434 0.04700854700854701
1 0.7793637846655792 0.31695156695156695 0.018760195758564437 0.038461538461538464
1 0.7548939641109299 0.28774928774928776 0.020391517128874388 0.042735042735042736
1 0.7234910277324633 0.2706552706552707 0.017944535073409464 0.03418803418803419
1 0.6929037520391518 0.3027065527065527 0.020391517128874388 0.041310541310541314
1 0.6843393148450245 0.26139601139601143 0.017944535073409464 0.041310541310541314
1 0.7132952691680261 0.24715099715099717 0.013866231647634585 0.03561253561253561
1 0.7267536704730833 0.24786324786324787 0.01468189233278956 0.025641025641025644
1 0.7593800978792823 0.2443019943019943 0.019575856443719414 0.03561253561253561
1 0.7883360522022839 0.2443019943019943 0.017128874388254486 0.03561253561253561
1 0.803425774877651 0.2727920227920228 0.019575856443719414 0.029914529914529916
1 0.8217781402936379 0.26139601139601143 0.015497553017944535 0.03561253561253561
1 0.833605220228385 0.27706552706552706 0.017944535073409464 0.041310541310541314
1 0.851141924959217 0.26495726495726496 0.013866231647634585 0.03703703703703704
1 0.8291190864600326 0.32905982905982906 0.02202283849918434 0.04843304843304844
1 0.8499184339314846 0.33903133903133903 0.021207177814029365 0.045584045584045586
1 0.8747960848287113 0.3254985754985755 0.02202283849918434 0.04700854700854701
1 0.8768352365415988 0.297008547008547 0.016313213703099513 0.029914529914529916
1 0.8935562805872758 0.3269230769230769 0.020391517128874388 0.041310541310541314
1 0.9159869494290376 0.3703703703703704 0.026101141924959218 0.05413105413105413
1 0.9041598694942904 0.30840455840455844 0.020391517128874388 0.038461538461538464
1 0.9135399673735727 0.2849002849002849 0.017944535073409464 0.03133903133903134
