1 0.06273408239700375 0.3979933110367893 0.03558052434456929 0.06354515050167224
1 0.2546816479400749 0.2817725752508361 0.0299625468164794 0.0451505016722408
1 0.29447565543071164 0.26672240802675584 0.02153558052434457 0.051839464882943144
1 0.3455056179775281 0.2633779264214047 0.02059925093632959 0.038461538461538464
1 0.34784644194756553 0.22073578595317725 0.023408239700374533 0.043478260869565216
1 0.31226591760299627 0.22324414715719063 0.015917602996254682 0.028428093645484948
1 0.40308988764044945 0.2926421404682274 0.02153558052434457 0.05016722408026756
1 0.48080524344569286 0.30434782608695654 0.03089887640449438 0.046822742474916385
1 0.5646067415730337 0.2934782608695652 0.031835205992509365 0.051839464882943144
1 0.5889513108614233 0.37541806020066887 0.024344569288389514 0.06521739130434782
1 0.6769662921348315 0.33444816053511706 0.0299625468164794 0.05016722408026756
1 0.7195692883895131 0.294314381270903 0.025280898876404494 0.05016722408026756
1 0.7832397003745318 0.2951505016722408 0.027153558052434457 0.051839464882943144
1 0.7752808988764045 0.2140468227424749 0.026217228464419477 0.05351170568561873
1 0.7490636704119851 0.18311036789297658 0.018726591760299626 0.02508361204013378
1 0.7088014981273408 0.22742474916387959 0.018726591760299626 0.030100334448160536
1 0.6610486891385768 0.25501672240802675 0.0299625468164794 0.05518394648829431
1 0.6235955056179775 0.1948160535117057 0.016853932584269662 0.028428093645484948
1 0.6619850187265918 0.20986622073578595 0.018726591760299626 0.028428093645484948
1 0.6573033707865169 0.1797658862876254 0.02247191011235955 0.03177257525083612
1 0.5767790262172284 0.2508361204013378 0.0299625468164794 0.03678929765886287
1 0.48642322097378277 0.22408026755852842 0.027153558052434457 0.023411371237458192
1 0.4583333333333333 0.22157190635451504 0.017790262172284646 0.021739130434782608
1 0.4302434456928839 0.21822742474916387 0.019662921348314606 0.028428093645484948
1 0.3895131086142322 0.22240802675585283 0.0149812734082397 0.026755852842809364
1 0.37219101123595505 0.2157190635451505 0.017790262172284646 0.023411371237458192
1 0.4147940074906367 0.1797658862876254 0.018726591760299626 0.03177257525083612
1 0.45365168539325845 0.1688963210702341 0.012172284644194757 0.023411371237458192
1 0.4691011235955056 0.1906354515050167 0.016853932584269662 0.030100334448160536
1 0.5046816479400749 0.1931438127090301 0.0149812734082397 0.03177257525083612
1 0.5500936329588015 0.19983277591973245 0.017790262172284646 0.04180602006688963
1 0.5435393258426966 0.16387959866220736 0.02153558052434457 0.033444816053511704
1 0.5758426966292135 0.16806020066889632 0.0149812734082397 0.038461538461538464
1 0.5674157303370787 0.112876254180602 0.016853932584269662 0.02508361204013378
1 0.6198501872659176 0.14046822742474915 0.018726591760299626 0.026755852842809364
1 0.7055243445692884 0.09949832775919733 0.014044943820224719 0.03177257525083612
1 0.6816479400749064 0.15468227424749165 0.02059925093632959 0.03177257525083612
1 0.704119850187266 0.18227424749163879 0.02059925093632959 0.04013377926421405
1 0.5959737827715356 0.09866220735785954 0.012172284644194757 0.023411371237458192
1 0.6245318352059925 0.10033444816053512 0.011235955056179775 0.020066889632107024
1 0.6418539325842697 0.10535117056856187 0.014044943820224719 0.030100334448160536
1 0.798689138576779 0.17558528428093645 0.016853932584269662 0.030100334448160536
1 0.8347378277153558 0.14214046822742474 0.010299625468164795 0.03678929765886287
1 0.8132022471910112 0.12374581939799331 0.012172284644194757 0.020066889632107024
1 0.7982209737827716 0.13294314381270902 0.015917602996254682 0.02508361204013378
1 0.7443820224719101 0.14130434782608695 0.013108614232209739 0.03177257525083612
1 0.7645131086142323 0.15635451505016723 0.017790262172284646 0.028428093645484948
1 0.773876404494382 0.1262541806020067 0.008426966292134831 0.03177257525083612
1 0.7851123595505618 0.1254180602006689 0.010299625468164795 0.033444816053511704
1 0.7406367041198502 0.11454849498327759 0.011235955056179775 0.021739130434782608
1 0.7546816479400749 0.11204013377926421 0.013108614232209739 0.033444816053511704
1 0.7102059925093633 0.13879598662207357 0.017790262172284646 0.030100334448160536
1 0.6530898876404494 0.11454849498327759 0.008426966292134831 0.03177257525083612
1 0.47752808988764045 0.16555183946488294 0.016853932584269662 0.026755852842809364
1 0.8117977528089888 0.16471571906354515 0.013108614232209739 0.028428093645484948
1 0.8525280898876405 0.18394648829431437 0.017790262172284646 0.03678929765886287
1 0.8707865168539326 0.22993311036789296 0.0149812734082397 0.03177257525083612
1 0.8890449438202247 0.20234113712374582 0.012172284644194757 0.026755852842809364
1 0.8955992509363296 0.1697324414715719 0.015917602996254682 0.028428093645484948
1 0.8539325842696629 0.15133779264214048 0.0149812734082397 0.03177257525083612
1 0.8951310861423221 0.13127090301003344 0.009363295880149813 0.028428093645484948
1 0.9307116104868914 0.15802675585284282 0.0149812734082397 0.028428093645484948
1 0.925561797752809 0.1939799331103679 0.012172284644194757 0.03678929765886287
1 0.6722846441947565 0.12123745819397994 0.011235955056179775 0.02508361204013378
1 0.8717228464419475 0.13043478260869565 0.013108614232209739 0.030100334448160536
1 0.8726591760299626 0.17307692307692307 0.018726591760299626 0.04180602006688963
