1 0.05 0.5522222222222222 0.09666666666666668 0.20666666666666667
1 0.16583333333333333 0.5922222222222222 0.07166666666666667 0.10444444444444445
1 0.22333333333333336 0.5744444444444444 0.060000000000000005 0.08666666666666667
1 0.26083333333333336 0.5622222222222222 0.03833333333333334 0.07555555555555556
1 0.39583333333333337 0.41333333333333333 0.03833333333333334 0.057777777777777775
1 0.5525 0.5344444444444444 0.04833333333333334 0.07333333333333333
1 0.6475000000000001 0.5722222222222222 0.058333333333333334 0.08222222222222222
1 0.6875 0.6444444444444445 0.09833333333333334 0.14666666666666667
1 0.7975000000000001 0.5677777777777778 0.045000000000000005 0.06444444444444444
1 0.8466666666666667 0.6377777777777778 0.12666666666666668 0.17333333333333334
1 0.93 0.5944444444444444 0.06333333333333334 0.07777777777777778
