1 0.34539473684210525 0.23524590163934425 0.019736842105263157 0.03770491803278689
1 0.35620300751879697 0.3114754098360656 0.020676691729323307 0.039344262295081964
1 0.3923872180451128 0.3008196721311475 0.019736842105263157 0.03770491803278689
1 0.4022556390977443 0.22704918032786886 0.018796992481203006 0.03442622950819672
1 0.3684210526315789 0.20245901639344263 0.015037593984962405 0.027868852459016394
1 0.3966165413533834 0.18934426229508197 0.011278195488721804 0.03114754098360656
1 0.41118421052631576 0.2040983606557377 0.017857142857142856 0.03442622950819672
1 0.46099624060150374 0.23278688524590163 0.017857142857142856 0.03278688524590164
1 0.49295112781954886 0.23114754098360657 0.019736842105263157 0.039344262295081964
1 0.49436090225563906 0.20491803278688525 0.018796992481203006 0.03278688524590164
1 0.4788533834586466 0.1901639344262295 0.014097744360902255 0.029508196721311476
1 0.46287593984962405 0.20655737704918034 0.015977443609022556 0.02622950819672131
1 0.45300751879699247 0.18442622950819673 0.015037593984962405 0.027868852459016394
1 0.5803571428571428 0.14426229508196722 0.014097744360902255 0.02622950819672131
1 0.493890977443609 0.30901639344262294 0.02537593984962406 0.04426229508196721
1 0.631578947368421 0.25163934426229506 0.020676691729323307 0.047540983606557376
1 0.6719924812030075 0.06229508196721312 0.011278195488721804 0.022950819672131147
1 0.7142857142857142 0.19344262295081968 0.018796992481203006 0.04262295081967213
1 0.7593984962406015 0.2459016393442623 0.018796992481203006 0.05245901639344262
1 0.9276315789473684 0.22950819672131148 0.016917293233082706 0.039344262295081964
