1 0.1212624584717608 0.3415492957746479 0.06312292358803986 0.08215962441314555
1 0.11877076411960133 0.25704225352112675 0.05813953488372093 0.06807511737089202
1 0.20930232558139536 0.29107981220657275 0.06976744186046512 0.10328638497652583
1 0.28405315614617943 0.2699530516431925 0.05647840531561462 0.07981220657276995
1 0.13953488372093023 0.4624413145539906 0.08637873754152824 0.11267605633802817
1 0.39534883720930236 0.36032863849765256 0.08637873754152824 0.09154929577464789
1 0.48588039867109634 0.31690140845070425 0.07475083056478406 0.09859154929577466
1 0.5614617940199336 0.28169014084507044 0.0664451827242525 0.0892018779342723
1 0.6287375415282392 0.4424882629107981 0.07475083056478406 0.15258215962441316
1 0.7068106312292359 0.46009389671361506 0.11129568106312293 0.1643192488262911
1 0.6985049833887044 0.34507042253521125 0.08471760797342193 0.09859154929577466
1 0.8048172757475083 0.30633802816901406 0.07475083056478406 0.08685446009389672
