1 0.062376237623762376 0.7250000000000001 0.10495049504950495 0.2966666666666667
1 0.05643564356435644 0.5800000000000001 0.0891089108910891 0.17333333333333334
1 0.22475247524752476 0.6266666666666667 0.12475247524752475 0.22
1 0.25346534653465347 0.54 0.07920792079207921 0.13333333333333333
1 0.27821782178217824 0.4816666666666667 0.06930693069306931 0.14333333333333334
1 0.43564356435643564 0.23 0.0594059405940594 0.14666666666666667
1 0.4871287128712871 0.48000000000000004 0.07524752475247524 0.13333333333333333
1 0.4267326732673267 0.61 0.10495049504950495 0.21333333333333335
1 0.5178217821782178 0.6483333333333334 0.15643564356435644 0.25
1 0.7722772277227723 0.5900000000000001 0.11089108910891089 0.2066666666666667
1 0.9564356435643564 0.5033333333333334 0.08712871287128712 0.18666666666666668
