1 0.2046783625730994 0.3614982578397212 0.037037037037037035 0.08188153310104529
1 0.31725146198830406 0.23867595818815332 0.016569200779727095 0.04529616724738676
1 0.34746588693957114 0.18989547038327526 0.02046783625730994 0.03484320557491289
1 0.4191033138401559 0.20818815331010454 0.017543859649122806 0.04006968641114982
1 0.4249512670565302 0.18118466898954705 0.015594541910331383 0.0313588850174216
1 0.4195906432748538 0.156794425087108 0.018518518518518517 0.0313588850174216
1 0.44834307992202727 0.18205574912891986 0.023391812865497075 0.036585365853658534
1 0.452729044834308 0.22386759581881532 0.022417153996101363 0.04006968641114982
1 0.48050682261208577 0.23606271777003485 0.02729044834307992 0.050522648083623695
1 0.5048732943469785 0.17857142857142858 0.01949317738791423 0.04006968641114982
1 0.4649122807017544 0.16376306620209058 0.017543859649122806 0.0313588850174216
1 0.46393762183235865 0.1402439024390244 0.015594541910331383 0.02264808362369338
1 0.5277777777777778 0.16114982578397213 0.012670565302144249 0.033101045296167246
1 0.533625730994152 0.1402439024390244 0.014619883040935672 0.029616724738675958
1 0.5511695906432749 0.1210801393728223 0.012670565302144249 0.029616724738675958
1 0.5657894736842105 0.1559233449477352 0.018518518518518517 0.033101045296167246
1 0.5545808966861598 0.18989547038327526 0.017543859649122806 0.03484320557491289
1 0.587719298245614 0.16289198606271776 0.015594541910331383 0.036585365853658534
1 0.6028265107212475 0.14198606271777003 0.014619883040935672 0.036585365853658534
1 0.591130604288499 0.1254355400696864 0.014619883040935672 0.0313588850174216
1 0.6184210526315789 0.10714285714285714 0.012670565302144249 0.033101045296167246
1 0.6379142300194931 0.15766550522648085 0.016569200779727095 0.033101045296167246
1 0.6291423001949318 0.14285714285714285 0.014619883040935672 0.0313588850174216
1 0.638401559454191 0.1210801393728223 0.011695906432748537 0.02613240418118467
1 0.6452241715399609 0.10714285714285714 0.009746588693957114 0.02613240418118467
1 0.6525341130604289 0.1445993031358885 0.012670565302144249 0.0313588850174216
1 0.655458089668616 0.1210801393728223 0.010721247563352826 0.02613240418118467
1 0.6666666666666666 0.1132404181184669 0.011695906432748537 0.027874564459930314
1 0.5053606237816763 0.1524390243902439 0.012670565302144249 0.01916376306620209
1 0.6905458089668616 0.12282229965156795 0.014619883040935672 0.029616724738675958
1 0.7056530214424951 0.12630662020905922 0.011695906432748537 0.02613240418118467
1 0.6744639376218323 0.1759581881533101 0.01949317738791423 0.03484320557491289
1 0.631578947368421 0.19773519163763068 0.021442495126705652 0.050522648083623695
1 0.5838206627680311 0.2465156794425087 0.021442495126705652 0.04355400696864112
1 0.5058479532163742 0.2979094076655052 0.029239766081871343 0.05226480836236934
1 0.594541910331384 0.2935540069686411 0.02729044834307992 0.05749128919860627
1 0.6150097465886939 0.3153310104529617 0.031189083820662766 0.0627177700348432
1 0.6267056530214424 0.2569686411149826 0.01949317738791423 0.050522648083623695
1 0.6666666666666666 0.259581881533101 0.021442495126705652 0.04878048780487805
1 0.6656920077972709 0.32752613240418116 0.029239766081871343 0.07317073170731707
1 0.6910331384015594 0.3911149825783972 0.03898635477582846 0.06445993031358885
1 0.6730019493177387 0.21689895470383275 0.02046783625730994 0.04355400696864112
1 0.7100389863547758 0.1759581881533101 0.02046783625730994 0.04529616724738676
1 0.7348927875243665 0.18554006968641115 0.021442495126705652 0.047038327526132406
1 0.7358674463937621 0.23170731707317074 0.01949317738791423 0.05574912891986063
1 0.7538986354775828 0.12717770034843207 0.014619883040935672 0.03484320557491289
1 0.7592592592592592 0.16202090592334495 0.015594541910331383 0.041811846689895474
1 0.769980506822612 0.1367595818815331 0.011695906432748537 0.029616724738675958
1 0.783625730994152 0.14198606271777003 0.01364522417153996 0.036585365853658534
1 0.7977582846003898 0.15418118466898956 0.016569200779727095 0.04006968641114982
1 0.7923976608187134 0.20993031358885017 0.017543859649122806 0.050522648083623695
1 0.7719298245614035 0.19686411149825783 0.015594541910331383 0.03484320557491289
1 0.8187134502923976 0.28222996515679444 0.025341130604288498 0.05574912891986063
1 0.8055555555555555 0.2691637630662021 0.016569200779727095 0.04355400696864112
1 0.8162768031189084 0.3606271777003484 0.0341130604288499 0.07317073170731707
1 0.891812865497076 0.44337979094076657 0.03508771929824561 0.07142857142857142
1 0.8957115009746588 0.38501742160278746 0.02729044834307992 0.059233449477351915
1 0.8552631578947368 0.3048780487804878 0.028265107212475632 0.059233449477351915
1 0.8635477582846003 0.2848432055749129 0.021442495126705652 0.047038327526132406
1 0.8567251461988303 0.22996515679442509 0.01949317738791423 0.03832752613240418
1 0.8874269005847952 0.23780487804878048 0.016569200779727095 0.050522648083623695
1 0.8961988304093567 0.23170731707317074 0.016569200779727095 0.041811846689895474
1 0.9127680311890838 0.26480836236933797 0.022417153996101363 0.04878048780487805
1 0.9298245614035088 0.29006968641114983 0.01949317738791423 0.047038327526132406
1 0.9293372319688109 0.2421602787456446 0.018518518518518517 0.04529616724738676
1 0.9122807017543859 0.1803135888501742 0.01364522417153996 0.033101045296167246
1 0.9181286549707601 0.16463414634146342 0.011695906432748537 0.02613240418118467
1 0.9376218323586745 0.1750871080139373 0.01364522417153996 0.033101045296167246
1 0.9395711500974658 0.21951219512195122 0.01364522417153996 0.0313588850174216
1 0.8942495126705653 0.19337979094076654 0.014619883040935672 0.03832752613240418
1 0.8703703703703703 0.19250871080139373 0.01364522417153996 0.036585365853658534
1 0.8801169590643274 0.16289198606271776 0.015594541910331383 0.04006968641114982
1 0.8552631578947368 0.19686411149825783 0.018518518518518517 0.03484320557491289
1 0.8206627680311891 0.20818815331010454 0.017543859649122806 0.047038327526132406
1 0.8284600389863548 0.17857142857142858 0.015594541910331383 0.033101045296167246
1 0.8464912280701754 0.15853658536585366 0.012670565302144249 0.0313588850174216
