1 0.09470899470899471 0.3431001890359168 0.04338624338624339 0.07372400756143667
1 0.28095238095238095 0.222117202268431 0.020105820105820106 0.03969754253308129
1 0.31322751322751324 0.22400756143667297 0.01904761904761905 0.03969754253308129
1 0.33333333333333337 0.22022684310018903 0.016931216931216932 0.03969754253308129
1 0.3486772486772487 0.22400756143667297 0.020105820105820106 0.043478260869565216
1 0.3777777777777778 0.23724007561436675 0.023280423280423283 0.043478260869565216
1 0.4042328042328043 0.23534971644612476 0.01904761904761905 0.03969754253308129
1 0.42962962962962964 0.24763705103969755 0.021164021164021166 0.04158790170132325
1 0.4195767195767196 0.20226843100189038 0.020105820105820106 0.04158790170132325
1 0.371957671957672 0.20415879017013233 0.015873015873015876 0.022684310018903593
1 0.391005291005291 0.19187145557655955 0.01798941798941799 0.03213610586011342
1 0.37142857142857144 0.18620037807183365 0.016931216931216932 0.02835538752362949
1 0.34814814814814815 0.17485822306238186 0.014814814814814815 0.03213610586011342
1 0.3772486772486773 0.17013232514177695 0.01798941798941799 0.026465028355387523
1 0.41269841269841273 0.16068052930056712 0.014814814814814815 0.030245746691871456
1 0.4285714285714286 0.15689981096408318 0.014814814814814815 0.030245746691871456
1 0.4412698412698413 0.16257088846880907 0.012698412698412698 0.026465028355387523
1 0.45502645502645506 0.20888468809073724 0.01904761904761905 0.03969754253308129
1 0.453968253968254 0.1890359168241966 0.016931216931216932 0.026465028355387523
1 0.49523809523809526 0.166351606805293 0.016931216931216932 0.03780718336483932
1 0.5158730158730159 0.1833648393194707 0.01798941798941799 0.034026465028355386
1 0.5550264550264551 0.1833648393194707 0.015873015873015876 0.03780718336483932
1 0.4830687830687831 0.14839319470699433 0.015873015873015876 0.02835538752362949
1 0.49894179894179896 0.12003780718336485 0.011640211640211642 0.02457466918714556
1 0.5026455026455027 0.13988657844990549 0.014814814814814815 0.026465028355387523
1 0.5328042328042328 0.15879017013232516 0.013756613756613757 0.030245746691871456
1 0.5296296296296297 0.1219281663516068 0.013756613756613757 0.02835538752362949
1 0.5502645502645503 0.12665406427221174 0.012698412698412698 0.026465028355387523
1 0.5465608465608466 0.15784499054820417 0.013756613756613757 0.02835538752362949
1 0.5656084656084657 0.14366729678638943 0.013756613756613757 0.034026465028355386
1 0.5793650793650794 0.1767485822306238 0.020105820105820106 0.03969754253308129
1 0.5957671957671958 0.16351606805293006 0.014814814814814815 0.02835538752362949
1 0.598941798941799 0.11909262759924386 0.012698412698412698 0.026465028355387523
1 0.6100529100529101 0.11909262759924386 0.011640211640211642 0.026465028355387523
1 0.607936507936508 0.1389413988657845 0.011640211640211642 0.02835538752362949
1 0.6253968253968254 0.13516068052930058 0.012698412698412698 0.03213610586011342
1 0.6444444444444445 0.15500945179584122 0.014814814814814815 0.034026465028355386
1 0.6486772486772487 0.11625708884688091 0.012698412698412698 0.02835538752362949
1 0.68994708994709 0.12476370510396975 0.014814814814814815 0.026465028355387523
1 0.7121693121693122 0.11436672967863895 0.014814814814814815 0.03969754253308129
1 0.68994708994709 0.10869565217391304 0.010582010582010583 0.020793950850661626
1 0.5783068783068783 0.23629489603024575 0.026455026455026457 0.04914933837429112
1 0.6190476190476191 0.25330812854442347 0.02962962962962963 0.052930056710775046
1 0.6158730158730159 0.21172022684310018 0.023280423280423283 0.045368620037807186
1 0.661904761904762 0.19943289224952743 0.01798941798941799 0.043478260869565216
1 0.6788359788359789 0.23062381852551986 0.020105820105820106 0.052930056710775046
1 0.698941798941799 0.2599243856332703 0.022222222222222223 0.05103969754253308
1 0.71005291005291 0.32419659735349715 0.03174603174603175 0.08506616257088848
1 0.7698412698412699 0.3629489603024575 0.028571428571428574 0.07183364839319471
1 0.7328042328042329 0.2344045368620038 0.02433862433862434 0.052930056710775046
1 0.7185185185185186 0.18525519848771266 0.021164021164021166 0.045368620037807186
1 0.7333333333333334 0.1824196597353497 0.014814814814814815 0.03969754253308129
1 0.7343915343915345 0.1446124763705104 0.016931216931216932 0.035916824196597356
1 0.7534391534391535 0.13516068052930058 0.012698412698412698 0.03213610586011342
1 0.7724867724867726 0.13610586011342155 0.014814814814814815 0.03780718336483932
1 0.7624338624338625 0.2448015122873346 0.022222222222222223 0.05103969754253308
1 0.7603174603174604 0.19848771266540643 0.015873015873015876 0.034026465028355386
1 0.7947089947089948 0.166351606805293 0.014814814814814815 0.034026465028355386
1 0.7857142857142858 0.28166351606805295 0.03280423280423281 0.05671077504725898
1 0.8164021164021165 0.2665406427221172 0.02433862433862434 0.05671077504725898
1 0.7941798941798942 0.20793950850661627 0.022222222222222223 0.04158790170132325
1 0.8148148148148149 0.21928166351606806 0.016931216931216932 0.03780718336483932
1 0.8253968253968255 0.17958412098298676 0.016931216931216932 0.034026465028355386
1 0.8328042328042329 0.1389413988657845 0.012698412698412698 0.02457466918714556
1 0.78994708994709 0.13705103969754254 0.011640211640211642 0.02835538752362949
1 0.8470899470899471 0.1559546313799622 0.015873015873015876 0.03213610586011342
1 0.8571428571428572 0.14839319470699433 0.012698412698412698 0.02457466918714556
1 0.8666666666666667 0.1824196597353497 0.014814814814814815 0.03969754253308129
1 0.8402116402116403 0.22117202268431002 0.021164021164021166 0.03780718336483932
1 0.9164021164021164 0.31474480151228734 0.027513227513227514 0.062381852551984876
1 0.8894179894179894 0.2334593572778828 0.01798941798941799 0.043478260869565216
1 0.9021164021164022 0.21928166351606806 0.015873015873015876 0.04158790170132325
1 0.8994708994708995 0.19187145557655955 0.014814814814814815 0.03213610586011342
1 0.9084656084656085 0.1786389413988658 0.011640211640211642 0.02457466918714556
1 0.9105820105820106 0.15311909262759923 0.011640211640211642 0.026465028355387523
1 0.9206349206349207 0.22495274102079396 0.01904761904761905 0.04914933837429112
1 0.9343915343915344 0.2495274102079395 0.01904761904761905 0.045368620037807186
1 0.9328042328042329 0.2060491493383743 0.015873015873015876 0.034026465028355386
1 0.9460317460317461 0.18525519848771266 0.014814814814814815 0.04158790170132325
