1 0.1166015625 0.4473958333333333 0.06992187500000001 0.1
1 0.24453125 0.48046875 0.07500000000000001 0.1203125
1 0.31777343750000003 0.36953125 0.047265625000000006 0.08385416666666666
1 0.246484375 0.33046875 0.03671875 0.06197916666666667
1 0.2697265625 0.3013020833333333 0.033984375000000004 0.04635416666666667
1 0.1814453125 0.32578125 0.034765625 0.05677083333333333
1 0.10039062500000001 0.35703125 0.043750000000000004 0.07135416666666666
1 0.043750000000000004 0.3533854166666667 0.03828125 0.06197916666666667
1 0.33359375 0.29635416666666664 0.03359375 0.05
1 0.3515625 0.27630208333333334 0.028125 0.0421875
1 0.40449218750000004 0.28463541666666664 0.025390625 0.043229166666666666
1 0.41835937500000003 0.26536458333333335 0.021875000000000002 0.033854166666666664
1 0.4673828125 0.26588541666666665 0.027734375000000002 0.0390625
1 0.460546875 0.25546875 0.0203125 0.03802083333333333
1 0.5078125 0.26171875 0.021875000000000002 0.04114583333333333
1 0.49433593750000004 0.3106770833333333 0.030859375 0.0609375
1 0.51953125 0.33046875 0.037500000000000006 0.0640625
1 0.44648437500000004 0.33671875 0.037500000000000006 0.06302083333333333
1 0.4267578125 0.378125 0.045703125000000004 0.07708333333333334
1 0.5599609375 0.29453125 0.029296875 0.058854166666666666
1 0.5822265625 0.30078125 0.033984375000000004 0.0546875
1 0.605078125 0.2713541666666667 0.022656250000000003 0.04375
1 0.634765625 0.2833333333333333 0.030468750000000003 0.052083333333333336
1 0.64375 0.25286458333333334 0.025 0.0390625
1 0.6791015625000001 0.26536458333333335 0.024609375000000003 0.0421875
1 0.712109375 0.23880208333333333 0.0234375 0.034895833333333334
1 0.7279296875000001 0.5252604166666667 0.086328125 0.16927083333333334
1 0.7958984375 0.43697916666666664 0.07382812500000001 0.109375
1 0.8349609375 0.33489583333333334 0.043359375000000006 0.08541666666666667
1 0.8560546875 0.26875 0.033203125 0.057291666666666664
1 0.8716796875 0.24557291666666667 0.026953125 0.0390625
1 0.8751953125 0.27760416666666665 0.021484375 0.04895833333333333
1 0.9431640625000001 0.25859375 0.026953125 0.043229166666666666
1 0.9632812500000001 0.2916666666666667 0.0390625 0.075
