1 0.016981132075471698 0.25824175824175827 0.026415094339622643 0.038461538461538464
1 0.052830188679245285 0.2623626373626374 0.018867924528301886 0.03571428571428572
1 0.07169811320754717 0.25824175824175827 0.022641509433962266 0.03296703296703297
1 0.08962264150943396 0.25549450549450553 0.020754716981132074 0.038461538461538464
1 0.09811320754716982 0.23763736263736265 0.01509433962264151 0.024725274725274728
1 0.08584905660377358 0.23214285714285715 0.016981132075471698 0.024725274725274728
1 0.11037735849056604 0.22664835164835168 0.013207547169811321 0.024725274725274728
1 0.12264150943396226 0.23489010989010992 0.018867924528301886 0.030219780219780223
1 0.1481132075471698 0.2527472527472528 0.03207547169811321 0.04395604395604396
1 0.1650943396226415 0.23626373626373628 0.020754716981132074 0.03296703296703297
1 0.14622641509433962 0.22252747252747254 0.016981132075471698 0.02197802197802198
1 0.17452830188679244 0.22252747252747254 0.013207547169811321 0.02197802197802198
1 0.1849056603773585 0.21565934065934067 0.01509433962264151 0.024725274725274728
1 0.2037735849056604 0.260989010989011 0.04905660377358491 0.07142857142857144
1 0.2320754716981132 0.25961538461538464 0.033962264150943396 0.0631868131868132
1 0.20471698113207548 0.2142857142857143 0.013207547169811321 0.02197802197802198
1 0.22169811320754718 0.21703296703296704 0.016981132075471698 0.02197802197802198
1 0.2160377358490566 0.20054945054945056 0.013207547169811321 0.02197802197802198
1 0.22924528301886793 0.2087912087912088 0.013207547169811321 0.02197802197802198
1 0.25 0.21153846153846156 0.013207547169811321 0.02197802197802198
1 0.2481132075471698 0.20054945054945056 0.013207547169811321 0.02197802197802198
1 0.2650943396226415 0.2087912087912088 0.013207547169811321 0.02197802197802198
1 0.2858490566037736 0.20192307692307693 0.016981132075471698 0.024725274725274728
1 0.280188679245283 0.2760989010989011 0.04339622641509434 0.06868131868131869
1 0.35754716981132073 0.282967032967033 0.04716981132075472 0.07142857142857144
1 0.39716981132075474 0.2678571428571429 0.03207547169811321 0.057692307692307696
1 0.3688679245283019 0.22664835164835168 0.016981132075471698 0.03571428571428572
1 0.3481132075471698 0.22802197802197804 0.020754716981132074 0.03296703296703297
1 0.3433962264150943 0.20604395604395606 0.011320754716981133 0.02197802197802198
1 0.32075471698113206 0.22115384615384617 0.018867924528301886 0.03571428571428572
1 0.3150943396226415 0.19780219780219782 0.011320754716981133 0.016483516483516484
1 0.3311320754716981 0.18956043956043958 0.009433962264150943 0.016483516483516484
1 0.37830188679245286 0.20741758241758243 0.013207547169811321 0.019230769230769232
1 0.3858490566037736 0.22527472527472528 0.013207547169811321 0.02197802197802198
1 0.4056603773584906 0.22252747252747254 0.022641509433962266 0.03296703296703297
1 0.39811320754716983 0.19505494505494508 0.01509433962264151 0.027472527472527476
1 0.41132075471698115 0.1826923076923077 0.011320754716981133 0.019230769230769232
1 0.47452830188679246 0.2678571428571429 0.03962264150943396 0.07417582417582418
1 0.4547169811320755 0.22527472527472528 0.018867924528301886 0.03296703296703297
1 0.4226415094339623 0.25 0.018867924528301886 0.03296703296703297
1 0.4235849056603774 0.1991758241758242 0.016981132075471698 0.024725274725274728
1 0.44245283018867926 0.19642857142857145 0.013207547169811321 0.024725274725274728
1 0.469811320754717 0.2142857142857143 0.011320754716981133 0.02197802197802198
1 0.47264150943396227 0.19642857142857145 0.009433962264150943 0.024725274725274728
1 0.45943396226415095 0.1771978021978022 0.009433962264150943 0.013736263736263738
1 0.4820754716981132 0.18131868131868134 0.009433962264150943 0.016483516483516484
1 0.4867924528301887 0.20192307692307693 0.011320754716981133 0.019230769230769232
1 0.5084905660377359 0.22115384615384617 0.016981132075471698 0.030219780219780223
1 0.49528301886792453 0.2458791208791209 0.020754716981132074 0.041208791208791215
1 0.5047169811320755 0.1936813186813187 0.016981132075471698 0.024725274725274728
1 0.49433962264150944 0.18406593406593408 0.011320754716981133 0.02197802197802198
1 0.5273584905660378 0.18406593406593408 0.013207547169811321 0.02197802197802198
1 0.55 0.19505494505494508 0.016981132075471698 0.027472527472527476
1 0.5556603773584906 0.2623626373626374 0.0509433962264151 0.07967032967032968
1 0.5962264150943396 0.21291208791208793 0.018867924528301886 0.024725274725274728
1 0.5858490566037736 0.1991758241758242 0.013207547169811321 0.024725274725274728
1 0.589622641509434 0.18131868131868134 0.009433962264150943 0.016483516483516484
1 0.6037735849056604 0.17032967032967034 0.011320754716981133 0.02197802197802198
1 0.6150943396226415 0.21153846153846156 0.018867924528301886 0.03296703296703297
1 0.6122641509433963 0.2527472527472528 0.020754716981132074 0.04395604395604396
1 0.6584905660377358 0.25961538461538464 0.04905660377358491 0.07967032967032968
1 0.6415094339622641 0.21016483516483517 0.022641509433962266 0.03571428571428572
1 0.6330188679245283 0.1936813186813187 0.013207547169811321 0.024725274725274728
1 0.6396226415094339 0.17445054945054947 0.01509433962264151 0.024725274725274728
1 0.6226415094339622 0.17857142857142858 0.011320754716981133 0.02197802197802198
1 0.6537735849056604 0.19505494505494508 0.013207547169811321 0.03296703296703297
1 0.7094339622641509 0.21703296703296704 0.022641509433962266 0.03296703296703297
1 0.7254716981132076 0.2623626373626374 0.03207547169811321 0.06868131868131869
1 0.7915094339622641 0.2664835164835165 0.0660377358490566 0.09340659340659341
1 0.7264150943396227 0.1826923076923077 0.01509433962264151 0.024725274725274728
1 0.7084905660377359 0.1771978021978022 0.013207547169811321 0.024725274725274728
1 0.7433962264150944 0.16895604395604397 0.01509433962264151 0.024725274725274728
1 0.7632075471698113 0.18131868131868134 0.016981132075471698 0.02197802197802198
1 0.7726415094339623 0.1936813186813187 0.016981132075471698 0.024725274725274728
1 0.7867924528301887 0.17857142857142858 0.01509433962264151 0.02197802197802198
1 0.7716981132075472 0.16346153846153846 0.01509433962264151 0.024725274725274728
1 0.8037735849056604 0.16483516483516486 0.01509433962264151 0.02197802197802198
1 0.8169811320754717 0.1826923076923077 0.018867924528301886 0.030219780219780223
1 0.8311320754716981 0.17445054945054947 0.013207547169811321 0.019230769230769232
1 0.909433962264151 0.21291208791208793 0.033962264150943396 0.046703296703296704
1 0.8867924528301887 0.1826923076923077 0.018867924528301886 0.030219780219780223
1 0.85 0.18956043956043958 0.016981132075471698 0.027472527472527476
1 0.8518867924528302 0.17032967032967034 0.013207547169811321 0.02197802197802198
1 0.8386792452830188 0.16071428571428573 0.013207547169811321 0.019230769230769232
1 0.9122641509433962 0.18956043956043958 0.013207547169811321 0.02197802197802198
1 0.9386792452830188 0.1881868131868132 0.016981132075471698 0.030219780219780223
1 0.9613207547169811 0.20192307692307693 0.020754716981132074 0.024725274725274728
1 0.9660377358490566 0.2733516483516484 0.06792452830188679 0.11263736263736264
1 0.9792452830188679 0.22115384615384617 0.033962264150943396 0.041208791208791215
1 0.9886792452830189 0.18543956043956045 0.018867924528301886 0.024725274725274728
