1 0.11066666666666666 0.4581850533807829 0.096 0.14412811387900354
1 0.27999999999999997 0.494661921708185 0.09333333333333332 0.13523131672597863
1 0.24666666666666665 0.34430604982206403 0.056 0.09430604982206406
1 0.312 0.29804270462633453 0.04533333333333333 0.07651245551601422
1 0.36266666666666664 0.34341637010676157 0.06666666666666667 0.099644128113879
1 0.43 0.2473309608540925 0.04133333333333333 0.06761565836298931
1 0.46266666666666667 0.28024911032028466 0.048 0.06583629893238434
1 0.5273333333333333 0.2597864768683274 0.04133333333333333 0.06761565836298931
1 0.5459999999999999 0.38701067615658363 0.06533333333333333 0.08362989323843416
1 0.63 0.297153024911032 0.05733333333333333 0.0889679715302491
1 0.6613333333333333 0.5062277580071174 0.096 0.1583629893238434
1 0.8033333333333333 0.556049822064057 0.11066666666666666 0.15124555160142347
1 0.9206666666666666 0.46352313167259784 0.08933333333333333 0.14056939501779359
1 0.87 0.2900355871886121 0.052 0.08540925266903915
1 0.7726666666666666 0.2713523131672598 0.03866666666666667 0.06227758007117437
1 0.7053333333333333 0.40213523131672596 0.06133333333333333 0.10320284697508897
