1 0.04150390625 0.35766961651917406 0.0537109375 0.08407079646017698
1 0.0654296875 0.2868731563421829 0.048828125 0.07817109144542772
1 0.1494140625 0.2912979351032448 0.044921875 0.06342182890855458
1 0.203125 0.25073746312684364 0.037109375 0.05309734513274336
1 0.13330078125 0.2271386430678466 0.0361328125 0.06489675516224189
1 0.04296875 0.7625368731563422 0.080078125 0.16519174041297935
1 0.19677734375 0.47935103244837757 0.0712890625 0.11799410029498525
1 0.32470703125 0.35914454277286134 0.0478515625 0.07227138643067846
1 0.36669921875 0.4631268436578171 0.0712890625 0.12684365781710916
1 0.29150390625 0.7256637168141593 0.1064453125 0.18289085545722714
1 0.41357421875 0.3561946902654867 0.0478515625 0.08112094395280237
1 0.36474609375 0.26474926253687314 0.0400390625 0.0663716814159292
1 0.3837890625 0.23967551622418878 0.03125 0.051622418879056046
1 0.4541015625 0.26474926253687314 0.041015625 0.0663716814159292
1 0.4775390625 0.22566371681415928 0.037109375 0.061946902654867256
1 0.62744140625 0.23967551622418878 0.0322265625 0.06342182890855458
1 0.63134765625 0.11578171091445427 0.0244140625 0.03982300884955752
1 0.64501953125 0.28023598820059 0.0341796875 0.07079646017699115
1 0.6708984375 0.33702064896755163 0.048828125 0.09292035398230089
1 0.70458984375 0.23672566371681417 0.0322265625 0.06047197640117994
1 0.7314453125 0.28023598820059 0.0390625 0.06784660766961652
1 0.7880859375 0.34513274336283184 0.056640625 0.0943952802359882
1 0.7138671875 0.47345132743362833 0.068359375 0.11504424778761062
1 0.75390625 0.6637168141592921 0.1015625 0.1887905604719764
1 0.87353515625 0.44616519174041297 0.0673828125 0.12831858407079647
1 0.97998046875 0.2794985250737463 0.0400390625 0.05752212389380531
1 0.95849609375 0.22861356932153393 0.0380859375 0.058997050147492625
1 0.904296875 0.2345132743362832 0.0390625 0.07079646017699115
