1 0.05245535714285714 0.3353174603174603 0.02901785714285714 0.04365079365079365
1 0.07700892857142856 0.3412698412698413 0.024553571428571428 0.047619047619047616
1 0.11272321428571427 0.32539682539682535 0.020089285714285712 0.03968253968253968
1 0.17857142857142855 0.3115079365079365 0.02232142857142857 0.04365079365079365
1 0.2734375 0.33134920634920634 0.024553571428571428 0.04365079365079365
1 0.3091517857142857 0.30952380952380953 0.015625 0.03968253968253968
1 0.3482142857142857 0.30952380952380953 0.017857142857142856 0.03968253968253968
1 0.38504464285714285 0.26190476190476186 0.046875 0.09523809523809523
1 0.4888392857142857 0.29563492063492064 0.017857142857142856 0.04365079365079365
1 0.5301339285714285 0.3075396825396825 0.046875 0.09126984126984126
1 0.5647321428571428 0.31547619047619047 0.02232142857142857 0.051587301587301584
1 0.5580357142857143 0.27976190476190477 0.02232142857142857 0.04365079365079365
1 0.6383928571428571 0.31746031746031744 0.017857142857142856 0.05555555555555555
1 0.6729910714285714 0.28174603174603174 0.024553571428571428 0.05555555555555555
1 0.7087053571428571 0.2936507936507936 0.02901785714285714 0.05555555555555555
1 0.734375 0.27579365079365076 0.040178571428571425 0.07539682539682539
1 0.8526785714285714 0.2638888888888889 0.07589285714285714 0.17857142857142855
1 0.9017857142857142 0.30158730158730157 0.04464285714285714 0.1111111111111111
1 0.9620535714285714 0.2638888888888889 0.03125 0.08333333333333333
