1 0.09291187739463601 0.5331412103746397 0.032567049808429116 0.06340057636887608
1 0.08141762452107279 0.4956772334293948 0.028735632183908046 0.05187319884726224
1 0.1417624521072797 0.5273775216138328 0.026819923371647507 0.04610951008645533
1 0.16475095785440613 0.5331412103746397 0.038314176245210725 0.06916426512968299
1 0.1982758620689655 0.5778097982708933 0.05172413793103448 0.08357348703170028
1 0.2614942528735632 0.6455331412103746 0.06704980842911877 0.10374639769452448
1 0.27011494252873564 0.5100864553314121 0.022988505747126436 0.040345821325648415
1 0.2614942528735632 0.49279538904899134 0.021072796934865898 0.034582132564841495
1 0.2883141762452107 0.4913544668587896 0.02490421455938697 0.04899135446685879
1 0.3247126436781609 0.49999999999999994 0.028735632183908046 0.04899135446685879
1 0.34195402298850575 0.4769452449567723 0.021072796934865898 0.04322766570605187
1 0.3563218390804598 0.5288184438040345 0.038314176245210725 0.060518731988472615
1 0.407088122605364 0.5417867435158501 0.040229885057471264 0.06340057636887608
1 0.41475095785440613 0.4855907780979827 0.02490421455938697 0.04322766570605187
1 0.44252873563218387 0.4322766570605187 0.019157088122605363 0.040345821325648415
1 0.4636015325670498 0.49855907780979825 0.026819923371647507 0.05187319884726224
1 0.4779693486590038 0.5489913544668588 0.047892720306513405 0.08357348703170028
1 0.5067049808429118 0.5115273775216138 0.032567049808429116 0.060518731988472615
1 0.48659003831417624 0.47550432276657056 0.026819923371647507 0.05187319884726224
1 0.5105363984674329 0.4711815561959654 0.021072796934865898 0.037463976945244955
1 0.5354406130268199 0.4971181556195965 0.028735632183908046 0.0547550432276657
1 0.557471264367816 0.4711815561959654 0.022988505747126436 0.04899135446685879
1 0.5996168582375478 0.4956772334293948 0.034482758620689655 0.06340057636887608
1 0.617816091954023 0.4682997118155619 0.032567049808429116 0.04899135446685879
1 0.6513409961685823 0.5216138328530259 0.04980842911877394 0.08069164265129683
1 0.7183908045977011 0.48126801152737747 0.034482758620689655 0.05763688760806916
1 0.774904214559387 0.4855907780979827 0.032567049808429116 0.0547550432276657
1 0.8438697318007662 0.4913544668587896 0.040229885057471264 0.07780979827089336
1 0.9750957854406129 0.4769452449567723 0.04597701149425287 0.08357348703170028
