1 0.22507552870090636 0.37432675044883307 0.0433031218529708 0.08797127468581688
1 0.324773413897281 0.2118491921005386 0.021148036253776436 0.03231597845601436
1 0.35297079556898286 0.19748653500897667 0.015105740181268881 0.03590664272890485
1 0.3771399798590131 0.18940754039497307 0.017119838872104734 0.03411131059245961
1 0.41389728096676737 0.17414721723518853 0.012084592145015106 0.02872531418312388
1 0.4284994964753273 0.1732495511669659 0.013091641490433032 0.03770197486535009
1 0.4415911379657603 0.15888689407540396 0.013091641490433032 0.03052064631956912
1 0.4622356495468278 0.1696588868940754 0.016112789526686808 0.02333931777378815
1 0.47633434038267874 0.15978456014362658 0.014098690835850957 0.03231597845601436
1 0.4738167170191339 0.2073608617594255 0.019133937562940583 0.03411131059245961
1 0.5090634441087614 0.18581687612208259 0.019133937562940583 0.03052064631956912
1 0.49748237663645517 0.1391382405745063 0.012084592145015106 0.02333931777378815
1 0.5302114803625377 0.12836624775583483 0.013091641490433032 0.03052064631956912
1 0.5287009063444109 0.16427289048473967 0.01812688821752266 0.026929982046678638
1 0.5382678751258811 0.21813285457809695 0.017119838872104734 0.03411131059245961
1 0.6022155085599195 0.24057450628366248 0.02416918429003021 0.04308797127468582
1 0.6329305135951662 0.2154398563734291 0.015105740181268881 0.03590664272890485
1 0.6711983887210473 0.22800718132854578 0.021148036253776436 0.03590664272890485
1 0.7326283987915407 0.2324955116696589 0.021148036253776436 0.03411131059245961
1 0.8811681772406847 0.2782764811490126 0.026183282980866064 0.0466786355475763
1 0.8846928499496476 0.23429084380610413 0.015105740181268881 0.04129263913824058
1 0.9335347432024169 0.25942549371633755 0.02215508559919436 0.03411131059245961
1 0.9431017119838873 0.22890484739676842 0.017119838872104734 0.03770197486535009
1 0.9511581067472306 0.177737881508079 0.019133937562940583 0.03590664272890485
1 0.9164149043303121 0.17414721723518853 0.016112789526686808 0.03231597845601436
1 0.8892245720040282 0.15798922800718135 0.014098690835850957 0.03231597845601436
1 0.8600201409869084 0.14991023339317774 0.012084592145015106 0.02333931777378815
1 0.8645518630412891 0.19838420107719928 0.017119838872104734 0.04488330341113106
1 0.8293051359516617 0.14093357271095153 0.017119838872104734 0.03411131059245961
1 0.7995971802618328 0.13734290843806105 0.014098690835850957 0.026929982046678638
1 0.8136958710976838 0.1651705565529623 0.014098690835850957 0.03231597845601436
1 0.8313192346424975 0.18761220825852784 0.017119838872104734 0.03411131059245961
1 0.8041289023162135 0.2064631956912029 0.015105740181268881 0.03590664272890485
1 0.7814702920443102 0.15350089766606823 0.014098690835850957 0.03052064631956912
1 0.7678751258811681 0.14272890484739678 0.015105740181268881 0.03052064631956912
1 0.7507552870090635 0.151705565529623 0.015105740181268881 0.03770197486535009
1 0.7421953675730111 0.1822262118491921 0.01812688821752266 0.03052064631956912
1 0.7094662638469285 0.1229802513464991 0.015105740181268881 0.01974865350089767
1 0.7255790533736153 0.14721723518850988 0.015105740181268881 0.02872531418312388
1 0.5468277945619335 0.19120287253141832 0.016112789526686808 0.026929982046678638
1 0.5825780463242699 0.18761220825852784 0.015105740181268881 0.026929982046678638
1 0.6102719033232629 0.1687612208258528 0.012084592145015106 0.02872531418312388
1 0.5981873111782477 0.13824057450628366 0.014098690835850957 0.025134649910233394
1 0.6258811681772407 0.11041292639138241 0.01107754279959718 0.02333931777378815
1 0.6299093655589124 0.13375224416517056 0.015105740181268881 0.02333931777378815
1 0.6616314199395771 0.19120287253141832 0.01812688821752266 0.026929982046678638
1 0.7230614300100705 0.18581687612208259 0.014098690835850957 0.03052064631956912
1 0.7079556898288016 0.17414721723518853 0.016112789526686808 0.03590664272890485
1 0.6787512588116817 0.1095152603231598 0.010070493454179255 0.025134649910233394
1 0.6686807653575025 0.14542190305206465 0.016112789526686808 0.03231597845601436
1 0.5835850956696879 0.12477558348294435 0.017119838872104734 0.026929982046678638
1 0.4295065458207452 0.151705565529623 0.013091641490433032 0.03052064631956912
1 0.47129909365558914 0.13824057450628366 0.014098690835850957 0.025134649910233394
1 0.5020140986908358 0.16337522441651706 0.013091641490433032 0.02872531418312388
1 0.5780463242698892 0.15080789946140036 0.014098690835850957 0.02872531418312388
1 0.5961732124874118 0.1651705565529623 0.014098690835850957 0.03231597845601436
1 0.5427995971802618 0.15080789946140036 0.016112789526686808 0.02872531418312388
1 0.7950654582074521 0.18850987432675045 0.015105740181268881 0.03590664272890485
1 0.8157099697885196 0.20466786355475763 0.014098690835850957 0.03590664272890485
1 0.7890231621349446 0.17594254937163376 0.013091641490433032 0.02872531418312388
1 0.9018126888217523 0.20915619389587076 0.015105740181268881 0.03770197486535009
