0 0.6744022503516175 0.45121951219512196 0.04922644163150492 0.07692307692307693
0 0.4437412095639944 0.46622889305816134 0.035161744022503515 0.06566604127579738
0 0.45147679324894513 0.3048780487804878 0.03375527426160338 0.06191369606003752
0 0.480309423347398 0.2870544090056285 0.026722925457102673 0.0450281425891182
0 0.5506329113924051 0.2945590994371482 0.03234880450070324 0.05628517823639775
0 0.5274261603375527 0.2898686679174484 0.02531645569620253 0.058161350844277676
0 0.6244725738396625 0.2879924953095685 0.030942334739803096 0.05065666041275797
0 0.3924050632911392 0.3198874296435272 0.030942334739803096 0.058161350844277676
0 0.419831223628692 0.324577861163227 0.029535864978902954 0.052532833020637895
0 0.3073136427566807 0.29924953095684803 0.035161744022503515 0.058161350844277676
0 0.12376933895921238 0.32833020637898686 0.03656821378340366 0.0600375234521576
0 0.06469760900140648 0.33771106941838647 0.0450070323488045 0.06378986866791744
0 0.759493670886076 0.27861163227016883 0.04219409282700422 0.07317073170731707
0 0.8255977496483826 0.30206378986866794 0.053445850914205346 0.075046904315197
0 0.9029535864978903 0.2879924953095685 0.04219409282700422 0.06941838649155722
0 0.7271448663853727 0.3048780487804878 0.03375527426160338 0.058161350844277676
0 0.3755274261603376 0.30206378986866794 0.02250351617440225 0.04127579737335835
1 0.25035161744022505 0.33114446529080677 0.030942334739803096 0.054409005628517824
1 0.16877637130801687 0.3395872420262664 0.03938115330520394 0.052532833020637895
