1 0.04366197183098591 0.39850249584026626 0.029107981220657275 0.064891846921797
1 0.24413145539906103 0.2637271214642263 0.015023474178403756 0.03494176372712147
1 0.26854460093896715 0.2612312811980033 0.016901408450704224 0.03993344425956739
1 0.2877934272300469 0.25707154742096505 0.0215962441314554 0.04159733777038269
1 0.3136150234741784 0.2653910149750416 0.020657276995305163 0.03826955074875208
1 0.3131455399061033 0.2237936772046589 0.01784037558685446 0.028286189683860232
1 0.3483568075117371 0.2079866888519135 0.013145539906103286 0.026622296173044926
1 0.3577464788732394 0.18386023294509152 0.015023474178403756 0.03494176372712147
1 0.376056338028169 0.1805324459234609 0.014084507042253521 0.03161397670549085
1 0.39906103286384975 0.21963394342762063 0.015023474178403756 0.026622296173044926
1 0.4032863849765258 0.1896838602329451 0.014084507042253521 0.029950083194675542
1 0.38544600938967133 0.2787021630615641 0.023474178403755867 0.048252911813643926
1 0.3549295774647887 0.2545757071547421 0.02253521126760563 0.029950083194675542
1 0.4431924882629108 0.21713810316139767 0.016901408450704224 0.03161397670549085
1 0.4657276995305164 0.23544093178036607 0.016901408450704224 0.03161397670549085
1 0.4788732394366197 0.3136439267886855 0.02253521126760563 0.05490848585690516
1 0.5333333333333333 0.30449251247920134 0.024413145539906103 0.05324459234608985
1 0.5990610328638497 0.32945091514143093 0.03380281690140845 0.056572379367720464
1 0.6131455399061033 0.25207986688851913 0.02253521126760563 0.04492512479201331
1 0.5563380281690141 0.24792013311148087 0.02535211267605634 0.036605657237936774
1 0.5262910798122066 0.18801996672212978 0.01596244131455399 0.036605657237936774
1 0.484037558685446 0.19550748752079866 0.01784037558685446 0.03494176372712147
1 0.4408450704225352 0.1638935108153078 0.012206572769953052 0.021630615640599003
1 0.47746478873239434 0.13311148086522462 0.01596244131455399 0.026622296173044926
1 0.5605633802816902 0.1788685524126456 0.018779342723004695 0.03494176372712147
1 0.5793427230046948 0.13560732113144758 0.015023474178403756 0.03494176372712147
1 0.5525821596244131 0.12895174708818635 0.01596244131455399 0.028286189683860232
1 0.6098591549295774 0.11397670549084858 0.010328638497652582 0.03161397670549085
1 0.6347417840375587 0.11231281198003328 0.009389671361502348 0.028286189683860232
1 0.6769953051643193 0.11647254575707155 0.016901408450704224 0.033277870216306155
1 0.7323943661971831 0.11314475873544093 0.013145539906103286 0.02329450915141431
1 0.7591549295774648 0.1264559068219634 0.01596244131455399 0.026622296173044926
1 0.8093896713615023 0.12146422628951747 0.015023474178403756 0.019966722129783693
1 0.8342723004694835 0.13893510815307822 0.01596244131455399 0.03161397670549085
1 0.8953051643192488 0.15307820299500832 0.019718309859154928 0.02329450915141431
1 0.8887323943661971 0.16888519134775376 0.019718309859154928 0.03161397670549085
1 0.8535211267605634 0.15640599001663893 0.018779342723004695 0.026622296173044926
1 0.8417840375586855 0.18302828618968386 0.0215962441314554 0.026622296173044926
1 0.9065727699530516 0.2237936772046589 0.0215962441314554 0.04159733777038269
1 0.8525821596244131 0.2271214642262895 0.020657276995305163 0.03494176372712147
1 0.8206572769953051 0.21880199667221298 0.020657276995305163 0.03494176372712147
1 0.7934272300469484 0.17554076539101499 0.016901408450704224 0.03161397670549085
1 0.7849765258215963 0.14309484193011648 0.015023474178403756 0.026622296173044926
1 0.752112676056338 0.16638935108153077 0.020657276995305163 0.029950083194675542
1 0.7169014084507042 0.15474209650582363 0.014084507042253521 0.02329450915141431
1 0.6906103286384976 0.20216306156405991 0.01596244131455399 0.03494176372712147
1 0.6539906103286385 0.20881863560732114 0.01784037558685446 0.028286189683860232
1 0.632394366197183 0.20216306156405991 0.01784037558685446 0.03826955074875208
1 0.6629107981220657 0.2504159733777038 0.024413145539906103 0.04159733777038269
1 0.7192488262910798 0.2820299500831947 0.020657276995305163 0.03826955074875208
1 0.748356807511737 0.23211314475873546 0.018779342723004695 0.03161397670549085
1 0.7868544600938967 0.2637271214642263 0.020657276995305163 0.04159733777038269
1 0.8338028169014085 0.30615640599001664 0.02629107981220657 0.04658901830282862
1 0.916431924882629 0.2787021630615641 0.018779342723004695 0.04159733777038269
1 0.6525821596244131 0.17554076539101499 0.013145539906103286 0.02495840266222962
1 0.6784037558685446 0.1638935108153078 0.014084507042253521 0.03161397670549085
1 0.7046948356807512 0.14559068219633944 0.012206572769953052 0.028286189683860232
1 0.7661971830985915 0.21797004991680533 0.018779342723004695 0.04658901830282862
1 0.7333333333333333 0.19717138103161397 0.018779342723004695 0.048252911813643926
1 0.6070422535211267 0.14392678868552414 0.01784037558685446 0.03494176372712147
1 0.6342723004694836 0.1447587354409318 0.01596244131455399 0.033277870216306155
1 0.5075117370892018 0.17221297836938437 0.01596244131455399 0.028286189683860232
1 0.5427230046948357 0.15557404326123128 0.020657276995305163 0.03826955074875208
1 0.4596244131455399 0.1447587354409318 0.014084507042253521 0.026622296173044926
1 0.45868544600938965 0.194675540765391 0.01596244131455399 0.033277870216306155
1 0.43661971830985913 0.18718801996672213 0.013145539906103286 0.03494176372712147
1 0.4892018779342723 0.16638935108153077 0.016901408450704224 0.036605657237936774
1 0.3751173708920188 0.2146422628951747 0.01784037558685446 0.04326123128119801
1 0.9042253521126761 0.18552412645590682 0.015023474178403756 0.04159733777038269
