1 0.9025 0.3308270676691729 0.045 0.08270676691729323
1 0.78125 0.38533834586466165 0.0175 0.03383458646616541
1 0.74 0.4041353383458646 0.02 0.041353383458646614
1 0.70125 0.39285714285714285 0.0225 0.041353383458646614
1 0.64875 0.41353383458646614 0.0225 0.045112781954887216
1 0.64875 0.37781954887218044 0.0175 0.03383458646616541
1 0.56875 0.42857142857142855 0.0275 0.05263157894736842
1 0.58625 0.38533834586466165 0.0175 0.03383458646616541
1 0.5475 0.38345864661654133 0.02 0.03759398496240601
1 0.49375 0.43796992481203006 0.0375 0.05639097744360902
1 0.47625 0.40789473684210525 0.0175 0.041353383458646614
1 0.3925 0.47180451127819545 0.04 0.07894736842105263
1 0.37875000000000003 0.42105263157894735 0.0275 0.03759398496240601
1 0.335 0.38533834586466165 0.02 0.041353383458646614
1 0.375 0.3872180451127819 0.015 0.03007518796992481
1 0.43625 0.3872180451127819 0.0175 0.03007518796992481
1 0.2925 0.43421052631578944 0.025 0.05639097744360902
1 0.26375 0.3890977443609022 0.0275 0.04887218045112782
1 0.245 0.40601503759398494 0.025 0.045112781954887216
1 0.2125 0.48872180451127817 0.055 0.09022556390977443
1 0.15125 0.45300751879699247 0.0325 0.05639097744360902
1 0.1825 0.42105263157894735 0.03 0.05263157894736842
1 0.14 0.4172932330827067 0.02 0.03759398496240601
1 0.05375 0.44360902255639095 0.0325 0.05263157894736842
1 0.02875 0.43045112781954886 0.0325 0.04887218045112782
