1 0.321578947368421 0.199812382739212 0.017894736842105262 0.03189493433395872
1 0.3678947368421053 0.19887429643527205 0.013684210526315788 0.026266416510318948
1 0.3736842105263158 0.18105065666041276 0.01263157894736842 0.024390243902439025
1 0.41 0.17448405253283303 0.013684210526315788 0.0300187617260788
1 0.42894736842105263 0.17917448405253283 0.013684210526315788 0.028142589118198873
1 0.45210526315789473 0.22795497185741087 0.015789473684210527 0.03189493433395872
1 0.45842105263157895 0.17073170731707318 0.011578947368421053 0.0225140712945591
1 0.45 0.1529080675422139 0.011578947368421053 0.024390243902439025
1 0.43842105263157893 0.14634146341463414 0.011578947368421053 0.0300187617260788
1 0.47210526315789475 0.13320825515947468 0.009473684210526315 0.01876172607879925
1 0.47105263157894733 0.16041275797373358 0.011578947368421053 0.024390243902439025
1 0.5042105263157894 0.18574108818011256 0.01263157894736842 0.0300187617260788
1 0.4921052631578947 0.17636022514071295 0.009473684210526315 0.0300187617260788
1 0.4936842105263158 0.13227016885553472 0.010526315789473684 0.020637898686679174
1 0.5073684210526316 0.13227016885553472 0.010526315789473684 0.024390243902439025
1 0.5163157894736842 0.16416510318949343 0.011578947368421053 0.03189493433395872
1 0.541578947368421 0.14165103189493433 0.011578947368421053 0.028142589118198873
1 0.5689473684210526 0.14446529080675422 0.011578947368421053 0.01876172607879925
1 0.5742105263157895 0.12570356472795496 0.013684210526315788 0.0225140712945591
1 0.5926315789473684 0.15666041275797374 0.01263157894736842 0.028142589118198873
1 0.59 0.13133208255159476 0.011578947368421053 0.0225140712945591
1 0.5542105263157895 0.06191369606003752 0.009473684210526315 0.01876172607879925
1 0.6152631578947368 0.10787992495309569 0.009473684210526315 0.020637898686679174
1 0.6284210526315789 0.13414634146341464 0.010526315789473684 0.016885553470919325
1 0.6252631578947369 0.16041275797373358 0.010526315789473684 0.020637898686679174
1 0.653157894736842 0.11163227016885553 0.009473684210526315 0.016885553470919325
1 0.67 0.11350844277673545 0.011578947368421053 0.028142589118198873
1 0.6789473684210526 0.1303939962476548 0.008421052631578947 0.028142589118198873
1 0.6984210526315789 0.12382739212007504 0.009473684210526315 0.0225140712945591
1 0.5642105263157895 0.2401500938086304 0.01894736842105263 0.0450281425891182
1 0.5505263157894736 0.18574108818011256 0.01263157894736842 0.0225140712945591
1 0.63 0.20168855534709193 0.015789473684210527 0.04690431519699812
1 0.6442105263157895 0.1894934333958724 0.014736842105263158 0.03377110694183865
1 0.6636842105263158 0.21575984990619138 0.015789473684210527 0.0375234521575985
1 0.7068421052631578 0.2354596622889306 0.017894736842105262 0.043151969981238276
1 0.7063157894736842 0.1951219512195122 0.014736842105263158 0.03377110694183865
1 0.6905263157894737 0.1801125703564728 0.01263157894736842 0.03377110694183865
1 0.7652631578947369 0.31894934333958724 0.03368421052631579 0.07129455909943715
1 0.7326315789473684 0.17636022514071295 0.016842105263157894 0.03377110694183865
1 0.7247368421052631 0.1472795497185741 0.011578947368421053 0.024390243902439025
1 0.7505263157894737 0.1397748592870544 0.010526315789473684 0.016885553470919325
1 0.761578947368421 0.13227016885553472 0.009473684210526315 0.016885553470919325
1 0.7684210526315789 0.17354596622889307 0.01263157894736842 0.03189493433395872
1 0.7863157894736842 0.1651031894934334 0.010526315789473684 0.026266416510318948
1 0.8052631578947368 0.15853658536585366 0.014736842105263158 0.03189493433395872
1 0.8168421052631579 0.13696060037523453 0.01263157894736842 0.0300187617260788
1 0.7926315789473684 0.21200750469043153 0.014736842105263158 0.04127579737335835
1 0.8136842105263158 0.19230769230769232 0.01263157894736842 0.039399624765478425
1 0.8273684210526315 0.17166979362101314 0.010526315789473684 0.03189493433395872
1 0.8521052631578947 0.1378986866791745 0.011578947368421053 0.028142589118198873
1 0.8826315789473684 0.15196998123827393 0.011578947368421053 0.026266416510318948
1 0.8536842105263158 0.19887429643527205 0.01263157894736842 0.0375234521575985
1 0.8784210526315789 0.2298311444652908 0.013684210526315788 0.043151969981238276
1 0.8868421052631579 0.2045028142589118 0.013684210526315788 0.0225140712945591
1 0.9147368421052632 0.18292682926829268 0.010526315789473684 0.024390243902439025
1 0.9310526315789474 0.22795497185741087 0.015789473684210527 0.043151969981238276
1 0.9357894736842105 0.17073170731707318 0.01263157894736842 0.0225140712945591
1 0.8721052631578947 0.27204502814258913 0.017894736842105262 0.0450281425891182
