1 0.04553415061295972 0.47979139504563234 0.08231173380035026 0.10951760104302477
1 0.09063047285464099 0.4074315514993481 0.05516637478108581 0.09778357235984354
1 0.1554290718038529 0.3376792698826597 0.04115586690017513 0.06779661016949153
1 0.18607705779334502 0.3200782268578879 0.028896672504378284 0.05084745762711864
1 0.22854640980735552 0.35462842242503256 0.04553415061295972 0.07301173402868318
1 0.23161120840630472 0.2907431551499348 0.025394045534150613 0.041720990873533245
1 0.26882661996497376 0.29726205997392435 0.03152364273204904 0.054758800521512385
1 0.2946584938704028 0.2692307692307692 0.03239929947460596 0.04563233376792699
1 0.44702276707530647 0.12842242503259452 0.10070052539404553 0.2073011734028683
1 0.4938704028021016 0.2633637548891786 0.03677758318739054 0.07301173402868318
1 0.5175131348511384 0.3148631029986962 0.05253940455341506 0.08213820078226858
1 0.5385288966725044 0.4119947848761408 0.0840630472854641 0.14602346805736635
1 0.5205779334500875 0.23402868318122555 0.02714535901926445 0.05345501955671447
1 0.5713660245183888 0.288135593220339 0.04290718038528897 0.07040417209908735
1 0.5823117338003503 0.2346805736636245 0.03152364273204904 0.04432855280312907
1 0.6120840630472855 0.2711864406779661 0.028021015761821366 0.05736636245110821
1 0.6401050788091068 0.2803129074315515 0.03327495621716287 0.07040417209908735
1 0.6725043782837128 0.28096479791395046 0.04553415061295972 0.09778357235984354
1 0.7246059544658494 0.3722294654498044 0.07793345008756568 0.1316818774445893
1 0.7171628721541156 0.6981747066492829 0.12784588441331 0.2620599739243807
1 0.7570052539404554 0.23402868318122555 0.03239929947460596 0.0378096479791395
1 0.8161120840630472 0.21968709256844848 0.024518388791593695 0.04302477183833116
1 0.8362521891418564 0.2516297262059974 0.028021015761821366 0.05997392438070404
1 0.8752189141856392 0.22033898305084745 0.028896672504378284 0.054758800521512385
1 0.9549036777583187 0.2438070404172099 0.0446584938704028 0.075619295958279
1 0.9899299474605955 0.20534550195567144 0.01838879159369527 0.04302477183833116
