1 0.0680379746835443 0.40928270042194087 0.08544303797468354 0.12236286919831223
1 0.06645569620253164 0.35548523206751054 0.05379746835443038 0.06540084388185653
1 0.06566455696202532 0.31856540084388185 0.04588607594936709 0.0590717299578059
1 0.24525316455696203 0.2879746835443038 0.03481012658227848 0.04852320675105485
1 0.25158227848101267 0.38080168776371304 0.060126582278481014 0.06962025316455696
1 0.34414556962025317 0.30063291139240506 0.030063291139240507 0.044303797468354424
1 0.40901898734177217 0.2985232067510548 0.03955696202531646 0.04852320675105485
1 0.44936708860759494 0.3143459915611814 0.04113924050632911 0.0590717299578059
1 0.5007911392405063 0.31962025316455694 0.03955696202531646 0.06118143459915611
1 0.5253164556962026 0.2742616033755274 0.028481012658227847 0.04219409282700422
1 0.5814873417721519 0.270042194092827 0.02373417721518987 0.04219409282700422
1 0.5949367088607594 0.3312236286919831 0.04746835443037974 0.0590717299578059
1 0.5981012658227848 0.42088607594936706 0.06645569620253164 0.10759493670886075
1 0.6408227848101266 0.2795358649789029 0.03164556962025317 0.05274261603375527
1 0.7096518987341772 0.28270042194092826 0.030063291139240507 0.04641350210970464
1 0.7080696202531646 0.34282700421940926 0.03955696202531646 0.056962025316455694
1 0.7650316455696202 0.38185654008438813 0.055379746835443035 0.08860759493670885
1 0.7460443037974683 0.2341772151898734 0.030063291139240507 0.050632911392405056
1 0.7594936708860759 0.2985232067510548 0.03164556962025317 0.05274261603375527
1 0.8069620253164557 0.2921940928270042 0.03164556962025317 0.04852320675105485
1 0.944620253164557 0.3143459915611814 0.03481012658227848 0.0590717299578059
