1 0.18815513626834382 0.4411214953271028 0.05345911949685535 0.10467289719626169
1 0.3390985324947589 0.21962616822429906 0.017819706498951784 0.03551401869158879
1 0.33018867924528306 0.20280373831775703 0.01886792452830189 0.03177570093457944
1 0.34905660377358494 0.19345794392523366 0.01886792452830189 0.03551401869158879
1 0.40828092243186587 0.20093457943925233 0.022012578616352203 0.04299065420560748
1 0.42138364779874216 0.1766355140186916 0.01886792452830189 0.03551401869158879
1 0.44654088050314467 0.19345794392523366 0.023060796645702306 0.03925233644859813
1 0.44392033542976944 0.22616822429906544 0.026205450733752623 0.03738317757009346
1 0.47641509433962265 0.23084112149532712 0.02410901467505241 0.04672897196261683
1 0.4727463312368973 0.19532710280373833 0.023060796645702306 0.04299065420560748
1 0.43920335429769397 0.14392523364485982 0.016771488469601678 0.029906542056074768
1 0.4638364779874214 0.13925233644859814 0.015723270440251572 0.028037383177570093
1 0.4638364779874214 0.15140186915887852 0.015723270440251572 0.029906542056074768
1 0.4790356394129979 0.16261682242990655 0.020964360587002098 0.029906542056074768
1 0.4921383647798742 0.13084112149532712 0.011530398322851153 0.029906542056074768
1 0.500524109014675 0.12149532710280374 0.013626834381551364 0.022429906542056077
1 0.5115303983228512 0.15420560747663553 0.020964360587002098 0.03177570093457944
1 0.5366876310272537 0.18130841121495328 0.01886792452830189 0.029906542056074768
1 0.5351153039832285 0.1560747663551402 0.017819706498951784 0.03551401869158879
1 0.5361635220125787 0.1383177570093458 0.013626834381551364 0.029906542056074768
1 0.5455974842767296 0.1280373831775701 0.013626834381551364 0.024299065420560748
1 0.5220125786163522 0.1383177570093458 0.012578616352201259 0.029906542056074768
1 0.5571278825995808 0.16261682242990655 0.013626834381551364 0.029906542056074768
1 0.5733752620545074 0.24299065420560748 0.023060796645702306 0.041121495327102804
1 0.5199161425576521 0.2691588785046729 0.023060796645702306 0.056074766355140186
1 0.5524109014675053 0.28785046728971964 0.025157232704402517 0.059813084112149535
1 0.5759958071278827 0.1355140186915888 0.015723270440251572 0.03551401869158879
1 0.5864779874213837 0.11121495327102804 0.013626834381551364 0.028037383177570093
1 0.6121593291404612 0.09813084112149534 0.010482180293501049 0.024299065420560748
1 0.6163522012578617 0.11588785046728972 0.012578616352201259 0.026168224299065422
1 0.6336477987421384 0.10186915887850467 0.009433962264150945 0.024299065420560748
1 0.6582809224318659 0.10467289719626169 0.010482180293501049 0.026168224299065422
1 0.6546121593291405 0.11869158878504674 0.011530398322851153 0.028037383177570093
1 0.6561844863731656 0.13738317757009347 0.012578616352201259 0.028037383177570093
1 0.6221174004192872 0.15140186915887852 0.013626834381551364 0.03364485981308411
1 0.6268343815513627 0.1336448598130841 0.012578616352201259 0.028037383177570093
1 0.5953878406708596 0.14485981308411217 0.014675052410901468 0.028037383177570093
1 0.5864779874213837 0.16822429906542058 0.013626834381551364 0.03364485981308411
1 0.6755765199161426 0.12242990654205609 0.009433962264150945 0.020560747663551402
1 0.69916142557652 0.12336448598130842 0.012578616352201259 0.03364485981308411
1 0.7206498951781971 0.14392523364485982 0.013626834381551364 0.03364485981308411
1 0.7106918238993711 0.16261682242990655 0.014675052410901468 0.03738317757009346
1 0.7028301886792453 0.19626168224299068 0.017819706498951784 0.041121495327102804
1 0.6713836477987422 0.1794392523364486 0.017819706498951784 0.04485981308411215
1 0.6687631027253669 0.21495327102803738 0.01886792452830189 0.04485981308411215
1 0.6252620545073375 0.22336448598130842 0.02410901467505241 0.04672897196261683
1 0.6242138364779874 0.28598130841121494 0.030398322851153042 0.06355140186915888
1 0.6614255765199162 0.2607476635514019 0.020964360587002098 0.04672897196261683
1 0.6865828092243187 0.3224299065420561 0.031446540880503145 0.07289719626168224
1 0.7384696016771489 0.36261682242990656 0.030398322851153042 0.07476635514018692
1 0.7258909853249477 0.2252336448598131 0.022012578616352203 0.05046728971962617
1 0.7557651991614256 0.12242990654205609 0.012578616352201259 0.03177570093457944
1 0.7531446540880503 0.14579439252336449 0.013626834381551364 0.029906542056074768
1 0.7484276729559749 0.16822429906542058 0.010482180293501049 0.029906542056074768
1 0.7699161425576521 0.18317757009345795 0.015723270440251572 0.03738317757009346
1 0.7678197064989518 0.1336448598130841 0.011530398322851153 0.03177570093457944
1 0.7856394129979036 0.12897196261682242 0.013626834381551364 0.03364485981308411
1 0.7887840670859539 0.15794392523364487 0.017819706498951784 0.03551401869158879
1 0.7835429769392034 0.2121495327102804 0.022012578616352203 0.05046728971962617
1 0.8071278825995808 0.2588785046728972 0.01886792452830189 0.04299065420560748
1 0.8008385744234802 0.288785046728972 0.023060796645702306 0.06542056074766356
1 0.8364779874213837 0.3532710280373832 0.029350104821802937 0.07102803738317758
1 0.8432914046121593 0.3401869158878505 0.02410901467505241 0.052336448598130844
1 0.8653039832285115 0.28504672897196265 0.022012578616352203 0.04672897196261683
1 0.8427672955974843 0.21401869158878506 0.016771488469601678 0.03925233644859813
1 0.8092243186582809 0.18317757009345795 0.014675052410901468 0.03364485981308411
1 0.8259958071278827 0.17289719626168226 0.014675052410901468 0.03177570093457944
1 0.8406708595387841 0.15233644859813084 0.014675052410901468 0.03177570093457944
1 0.8522012578616353 0.18878504672897198 0.014675052410901468 0.03738317757009346
1 0.8663522012578617 0.17570093457943925 0.015723270440251572 0.03364485981308411
1 0.8742138364779874 0.15327102803738318 0.014675052410901468 0.03738317757009346
1 0.8988469601677149 0.1794392523364486 0.011530398322851153 0.03364485981308411
1 0.9082809224318659 0.1691588785046729 0.011530398322851153 0.03177570093457944
1 0.9145702306079665 0.16822429906542058 0.011530398322851153 0.029906542056074768
1 0.8862683438155137 0.22429906542056074 0.015723270440251572 0.04485981308411215
1 0.9439203354297695 0.18317757009345795 0.011530398322851153 0.029906542056074768
1 0.9428721174004193 0.21682242990654207 0.013626834381551364 0.03738317757009346
1 0.929769392033543 0.22710280373831776 0.016771488469601678 0.04299065420560748
1 0.9261006289308177 0.24205607476635516 0.015723270440251572 0.04299065420560748
1 0.9234800838574424 0.28971962616822433 0.020964360587002098 0.048598130841121495
1 0.9156184486373166 0.3355140186915888 0.017819706498951784 0.05794392523364486
