1 0.8461538461538463 0.10821643286573146 0.013574660633484163 0.028056112224448895
1 0.8704751131221721 0.12024048096192384 0.014705882352941178 0.03206412825651302
1 0.8817873303167422 0.10220440881763526 0.010180995475113122 0.028056112224448895
1 0.9360859728506788 0.10721442885771543 0.010180995475113122 0.026052104208416832
1 0.9123303167420815 0.14829659318637273 0.010180995475113122 0.02004008016032064
1 0.8761312217194571 0.1903807615230461 0.014705882352941178 0.03607214428857715
1 0.9151583710407241 0.1943887775551102 0.022624434389140274 0.04809619238476953
1 0.8093891402714933 0.16332665330661322 0.019230769230769232 0.0501002004008016
1 0.8195701357466064 0.13527054108216433 0.01244343891402715 0.026052104208416832
1 0.7997737556561086 0.12124248496993988 0.011312217194570137 0.026052104208416832
1 0.8642533936651584 0.2154308617234469 0.015837104072398193 0.038076152304609215
1 0.782239819004525 0.11923847695390781 0.010180995475113122 0.026052104208416832
1 0.7601809954751132 0.1342685370741483 0.011312217194570137 0.03206412825651302
1 0.7748868778280543 0.13627254509018036 0.013574660633484163 0.03206412825651302
1 0.7256787330316743 0.125250501002004 0.014705882352941178 0.03406813627254509
1 0.7347285067873304 0.14328657314629256 0.014705882352941178 0.038076152304609215
1 0.7511312217194571 0.1753507014028056 0.01809954751131222 0.038076152304609215
1 0.7709276018099548 0.2715430861723447 0.023755656108597287 0.05410821643286573
1 0.7290723981900453 0.18637274549098196 0.016968325791855206 0.04008016032064128
1 0.7324660633484164 0.22344689378757512 0.023755656108597287 0.05410821643286573
1 0.703054298642534 0.219438877755511 0.02149321266968326 0.05410821643286573
1 0.7081447963800905 0.2925851703406813 0.022624434389140274 0.06012024048096192
1 0.6272624434389141 0.07014028056112225 0.010180995475113122 0.028056112224448895
1 0.6538461538461539 0.06012024048096192 0.013574660633484163 0.024048096192384766
1 0.6798642533936652 0.06112224448897795 0.011312217194570137 0.026052104208416832
1 0.6679864253393666 0.11523046092184368 0.010180995475113122 0.026052104208416832
1 0.6402714932126697 0.11422845691382764 0.011312217194570137 0.028056112224448895
1 0.6600678733031675 0.17334669338677353 0.014705882352941178 0.03406813627254509
1 0.6855203619909502 0.1412825651302605 0.013574660633484163 0.03406813627254509
1 0.7121040723981901 0.16633266533066132 0.01244343891402715 0.03206412825651302
1 0.6549773755656109 0.2034068136272545 0.020361990950226245 0.04609218436873747
1 0.623868778280543 0.2094188376753507 0.016968325791855206 0.04609218436873747
1 0.6713800904977376 0.3366733466933867 0.026018099547511313 0.06412825651302605
1 0.6052036199095023 0.250501002004008 0.020361990950226245 0.044088176352705406
1 0.5650452488687784 0.24348697394789579 0.02149321266968326 0.04609218436873747
1 0.619343891402715 0.1342685370741483 0.014705882352941178 0.03206412825651302
1 0.6035067873303168 0.07314629258517033 0.01244343891402715 0.03006012024048096
1 0.5520361990950227 0.08316633266533066 0.011312217194570137 0.022044088176352703
1 0.5729638009049774 0.14629258517034066 0.014705882352941178 0.03607214428857715
1 0.572398190045249 0.1723446893787575 0.015837104072398193 0.03607214428857715
1 0.5288461538461539 0.13326653306613226 0.010180995475113122 0.026052104208416832
1 0.5475113122171946 0.1402805611222445 0.015837104072398193 0.03206412825651302
1 0.5446832579185521 0.16332665330661322 0.01244343891402715 0.03406813627254509
1 0.4309954751131222 0.13827655310621242 0.013574660633484163 0.028056112224448895
1 0.45079185520362 0.14228456913827653 0.01244343891402715 0.028056112224448895
1 0.46606334841628966 0.15130260521042083 0.013574660633484163 0.026052104208416832
1 0.3829185520361991 0.2004008016032064 0.010180995475113122 0.024048096192384766
1 0.40837104072398195 0.22144288577154306 0.013574660633484163 0.03406813627254509
1 0.44117647058823534 0.23547094188376752 0.015837104072398193 0.038076152304609215
1 0.41289592760181 0.2655310621242485 0.01809954751131222 0.0501002004008016
1 0.3467194570135747 0.23346693386773545 0.016968325791855206 0.04208416833667334
1 0.3563348416289593 0.21442885771543085 0.013574660633484163 0.03607214428857715
1 0.2641402714932127 0.26152304609218435 0.01244343891402715 0.03006012024048096
1 0.23303167420814483 0.23847695390781562 0.015837104072398193 0.04008016032064128
1 0.3054298642533937 0.2575150300601202 0.020361990950226245 0.038076152304609215
1 0.4898190045248869 0.2975951903807615 0.022624434389140274 0.058116232464929855
1 0.5339366515837105 0.3106212424849699 0.022624434389140274 0.05611222444889779
1 0.5684389140271494 0.3386773547094188 0.023755656108597287 0.06412825651302605
1 0.1973981900452489 0.375751503006012 0.04411764705882353 0.09418837675350701
