1 0.37621951219512195 0.1782608695652174 0.013414634146341463 0.0391304347826087
1 0.7115853658536585 0.3239130434782609 0.04024390243902439 0.08260869565217391
1 0.42073170731707316 0.175 0.01707317073170732 0.041304347826086954
1 0.4347560975609756 0.1391304347826087 0.015853658536585366 0.034782608695652174
1 0.45 0.14456521739130435 0.01707317073170732 0.03260869565217391
1 0.45426829268292684 0.15978260869565217 0.018292682926829267 0.02826086956521739
1 0.4719512195121951 0.14891304347826087 0.01951219512195122 0.03695652173913044
1 0.500609756097561 0.125 0.023170731707317073 0.03260869565217391
1 0.49085365853658536 0.14456521739130435 0.025609756097560974 0.02826086956521739
1 0.4865853658536585 0.17717391304347826 0.02195121951219512 0.03695652173913044
1 0.5054878048780488 0.18043478260869567 0.015853658536585366 0.021739130434782608
1 0.524390243902439 0.13260869565217392 0.01951219512195122 0.030434782608695653
1 0.5469512195121952 0.12717391304347828 0.015853658536585366 0.02826086956521739
1 0.574390243902439 0.1391304347826087 0.01707317073170732 0.034782608695652174
1 0.599390243902439 0.12717391304347828 0.020731707317073172 0.03695652173913044
1 0.6018292682926829 0.16304347826086957 0.025609756097560974 0.04782608695652174
1 0.6231707317073171 0.14130434782608695 0.01951219512195122 0.043478260869565216
1 0.6304878048780488 0.11956521739130435 0.01707317073170732 0.030434782608695653
1 0.6682926829268293 0.11956521739130435 0.012195121951219513 0.030434782608695653
1 0.7030487804878048 0.11956521739130435 0.013414634146341463 0.034782608695652174
1 0.625609756097561 0.21739130434782608 0.01707317073170732 0.034782608695652174
1 0.6591463414634147 0.18804347826086956 0.018292682926829267 0.05
1 0.6963414634146341 0.175 0.014634146341463414 0.03260869565217391
1 0.6731707317073171 0.2217391304347826 0.01707317073170732 0.034782608695652174
1 0.7103658536585366 0.2358695652173913 0.018292682926829267 0.04565217391304348
1 0.7329268292682927 0.14565217391304347 0.02195121951219512 0.0391304347826087
1 0.7329268292682927 0.17391304347826086 0.012195121951219513 0.034782608695652174
1 0.7524390243902439 0.13043478260869565 0.01707317073170732 0.026086956521739132
1 0.7664634146341464 0.13043478260869565 0.020731707317073172 0.030434782608695653
1 0.7701219512195122 0.1858695652173913 0.025609756097560974 0.04565217391304348
1 0.7969512195121952 0.1673913043478261 0.018292682926829267 0.043478260869565216
1 0.7890243902439025 0.2108695652173913 0.01707317073170732 0.0391304347826087
1 0.8121951219512195 0.14891304347826087 0.01707317073170732 0.03695652173913044
1 0.8201219512195121 0.1358695652173913 0.013414634146341463 0.02826086956521739
1 0.824390243902439 0.18043478260869567 0.00975609756097561 0.034782608695652174
1 0.9048780487804878 0.17717391304347826 0.01707317073170732 0.05
1 0.8707317073170732 0.266304347826087 0.02195121951219512 0.04565217391304348
1 0.926219512195122 0.23043478260869565 0.013414634146341463 0.030434782608695653
1 0.9329268292682927 0.2108695652173913 0.012195121951219513 0.030434782608695653
1 0.9310975609756098 0.17717391304347826 0.015853658536585366 0.02826086956521739
1 0.5420731707317074 0.14347826086956522 0.013414634146341463 0.026086956521739132
1 0.8975609756097561 0.20978260869565218 0.00975609756097561 0.041304347826086954
