1 0.058 0.36647727272727276 0.076 0.10795454545454546
1 0.203 0.3650568181818182 0.05 0.08806818181818182
1 0.332 0.32954545454545453 0.04 0.07954545454545454
1 0.41000000000000003 0.3210227272727273 0.04 0.0625
1 0.466 0.3125 0.028 0.05681818181818182
1 0.484 0.31392045454545453 0.02 0.04261363636363637
1 0.537 0.3153409090909091 0.03 0.05681818181818182
1 0.516 0.30397727272727276 0.02 0.03977272727272727
1 0.609 0.3181818181818182 0.026000000000000002 0.05113636363636364
1 0.705 0.2215909090909091 0.046 0.07954545454545454
1 0.778 0.2272727272727273 0.04 0.08522727272727273
1 0.808 0.24857954545454547 0.036000000000000004 0.05965909090909091
1 0.772 0.40340909090909094 0.076 0.09659090909090909
1 0.786 0.48153409090909094 0.076 0.09375
1 0.737 0.5553977272727273 0.07 0.09375
1 0.10200000000000001 0.20170454545454547 0.04 0.045454545454545456
1 0.093 0.234375 0.022 0.03125
1 0.084 0.26704545454545453 0.028 0.03409090909090909
1 0.033 0.24573863636363638 0.03 0.036931818181818184
1 0.014 0.2713068181818182 0.024 0.048295454545454544
1 0.027 0.19460227272727273 0.026000000000000002 0.04261363636363637
1 0.061 0.19176136363636365 0.022 0.02556818181818182
1 0.148 0.2002840909090909 0.02 0.019886363636363636
1 0.149 0.24147727272727273 0.022 0.02840909090909091
1 0.155 0.23011363636363638 0.014 0.022727272727272728
1 0.148 0.17897727272727273 0.02 0.02840909090909091
1 0.193 0.20170454545454547 0.018000000000000002 0.02840909090909091
1 0.23600000000000002 0.24431818181818182 0.02 0.03409090909090909
1 0.20600000000000002 0.26136363636363635 0.024 0.03409090909090909
1 0.199 0.296875 0.022 0.04261363636363637
1 0.296 0.23579545454545456 0.032 0.05113636363636364
1 0.265 0.2471590909090909 0.022 0.022727272727272728
1 0.263 0.18892045454545456 0.022 0.03125
1 0.228 0.21448863636363638 0.012 0.019886363636363636
1 0.338 0.21448863636363638 0.012 0.02556818181818182
1 0.41600000000000004 0.21022727272727273 0.024 0.03977272727272727
1 0.491 0.2528409090909091 0.022 0.03409090909090909
1 0.451 0.2372159090909091 0.022 0.036931818181818184
1 0.444 0.20170454545454547 0.016 0.022727272727272728
1 0.498 0.21732954545454547 0.012 0.03125
1 0.47800000000000004 0.22585227272727273 0.012 0.02556818181818182
1 0.5680000000000001 0.22869318181818182 0.02 0.03125
1 0.538 0.234375 0.016 0.02556818181818182
1 0.521 0.2471590909090909 0.014 0.022727272727272728
1 0.588 0.234375 0.02 0.02556818181818182
1 0.649 0.24005681818181818 0.014 0.02556818181818182
1 0.621 0.2372159090909091 0.014 0.02556818181818182
1 0.633 0.296875 0.014 0.03125
1 0.609 0.28267045454545453 0.014 0.019886363636363636
1 0.361 0.24005681818181818 0.022 0.03125
1 0.364 0.2059659090909091 0.012 0.02556818181818182
1 0.378 0.19318181818181818 0.012 0.022727272727272728
1 0.395 0.19886363636363638 0.01 0.022727272727272728
