1 0.03680981595092025 0.35909090909090907 0.049079754601226995 0.07272727272727272
1 0.16717791411042945 0.38636363636363635 0.05828220858895706 0.08181818181818182
1 0.2147239263803681 0.36363636363636365 0.03680981595092025 0.07272727272727272
1 0.26226993865030673 0.40909090909090906 0.05828220858895706 0.09090909090909091
1 0.3512269938650307 0.42727272727272725 0.0705521472392638 0.09999999999999999
1 0.3282208588957055 0.38636363636363635 0.04294478527607362 0.06363636363636363
1 0.2852760736196319 0.35454545454545455 0.04294478527607362 0.06363636363636363
1 0.3803680981595092 0.3568181818181818 0.03680981595092025 0.06818181818181818
1 0.40644171779141103 0.40454545454545454 0.052147239263803685 0.08181818181818182
1 0.4601226993865031 0.3840909090909091 0.04294478527607362 0.06818181818181818
1 0.5322085889570553 0.41818181818181815 0.06441717791411043 0.09999999999999999
1 0.4892638036809816 0.35 0.027607361963190184 0.05454545454545454
1 0.5828220858895705 0.3886363636363636 0.03680981595092025 0.06818181818181818
1 0.6196319018404908 0.3795454545454545 0.03067484662576687 0.049999999999999996
1 0.6779141104294478 0.41363636363636364 0.05521472392638037 0.09090909090909091
1 0.6610429447852761 0.3727272727272727 0.03374233128834356 0.05454545454545454
1 0.7423312883435583 0.40454545454545454 0.03680981595092025 0.06363636363636363
1 0.8006134969325154 0.40909090909090906 0.04294478527607362 0.06363636363636363
1 0.8190184049079755 0.3840909090909091 0.03067484662576687 0.05909090909090909
1 0.8711656441717791 0.4113636363636363 0.03680981595092025 0.07727272727272727
1 0.9432515337423313 0.3909090909090909 0.03987730061349693 0.06363636363636363
