1 0.07916666666666668 0.6602067183462532 0.095 0.13178294573643412
1 0.0575 0.5232558139534884 0.05166666666666667 0.09043927648578812
1 0.037500000000000006 0.47545219638242897 0.045000000000000005 0.056847545219638244
1 0.0825 0.4728682170542636 0.035 0.06201550387596899
1 0.20083333333333334 0.516795865633075 0.045000000000000005 0.0723514211886305
1 0.18250000000000002 0.4935400516795866 0.04166666666666667 0.06201550387596899
1 0.24666666666666667 0.5025839793281653 0.043333333333333335 0.06459948320413438
1 0.21250000000000002 0.3798449612403101 0.025 0.046511627906976744
1 0.2866666666666667 0.5749354005167959 0.060000000000000005 0.06976744186046512
1 0.24416666666666667 0.7881136950904393 0.14166666666666666 0.21188630490956073
1 0.32666666666666666 0.5335917312661499 0.043333333333333335 0.07493540051679587
1 0.35500000000000004 0.5012919896640827 0.03666666666666667 0.06718346253229975
1 0.4541666666666667 0.49612403100775193 0.035 0.06201550387596899
1 0.46 0.5180878552971576 0.03666666666666667 0.04909560723514212
1 0.47750000000000004 0.5426356589147288 0.045000000000000005 0.06201550387596899
1 0.4891666666666667 0.5852713178294574 0.065 0.10077519379844961
1 0.5591666666666667 0.7428940568475453 0.11166666666666668 0.23514211886304912
1 0.5366666666666667 0.4806201550387597 0.030000000000000002 0.06201550387596899
1 0.5716666666666667 0.4896640826873385 0.04 0.06459948320413438
1 0.5800000000000001 0.5322997416020672 0.04 0.06718346253229975
1 0.6358333333333334 0.5503875968992248 0.06166666666666667 0.09819121447028424
1 0.6833333333333333 0.5917312661498708 0.06666666666666667 0.10852713178294573
1 0.8350000000000001 0.6434108527131783 0.11666666666666667 0.18604651162790697
1 0.7941666666666667 0.4832041343669251 0.045000000000000005 0.06718346253229975
1 0.8566666666666667 0.49870801033591733 0.04666666666666667 0.0723514211886305
1 0.9341666666666667 0.5116279069767442 0.065 0.08785529715762275
1 0.9433333333333334 0.40826873385012924 0.02666666666666667 0.056847545219638244
