1 0.2672147995889003 0.2314647377938517 0.014388489208633094 0.03616636528028933
1 0.328879753340185 0.244122965641953 0.020554984583761562 0.04701627486437613
1 0.35817060637204523 0.1980108499095841 0.015416238437821172 0.034358047016274866
1 0.3771839671120247 0.18354430379746836 0.01644398766700925 0.027124773960216998
1 0.38335046248715315 0.20976491862567812 0.01644398766700925 0.028933092224231464
1 0.4064748201438849 0.16998191681735986 0.01747173689619733 0.03616636528028933
1 0.4234326824254882 0.15551537070524413 0.014388489208633094 0.028933092224231464
1 0.4398766700924974 0.1763110307414105 0.01644398766700925 0.034358047016274866
1 0.447070914696814 0.21157323688969257 0.018499486125385406 0.04701627486437613
1 0.42189105858170606 0.2206148282097649 0.015416238437821172 0.028933092224231464
1 0.4085303186022611 0.23236889692585894 0.025693730729701953 0.05244122965641953
1 0.5066803699897225 0.21338155515370705 0.022610483042137718 0.05063291139240506
1 0.46454265159301134 0.20976491862567812 0.018499486125385406 0.028933092224231464
1 0.4624871531346352 0.14556962025316456 0.012332990750256938 0.027124773960216998
1 0.48612538540596095 0.15370705244122965 0.014388489208633094 0.0325497287522604
1 0.499486125385406 0.1410488245931284 0.014388489208633094 0.0325497287522604
1 0.5113052415210688 0.1491862567811935 0.013360739979445016 0.027124773960216998
1 0.5164439876670093 0.13471971066907776 0.011305241521068859 0.027124773960216998
1 0.5205549845837616 0.1844484629294756 0.015416238437821172 0.0433996383363472
1 0.5349434737923947 0.16726943942133815 0.013360739979445016 0.03074141048824593
1 0.5318602261048304 0.14466546112115733 0.015416238437821172 0.028933092224231464
1 0.540082219938335 0.1383363471971067 0.011305241521068859 0.027124773960216998
1 0.5601233299075026 0.18987341772151897 0.018499486125385406 0.039783001808318265
1 0.566289825282631 0.14285714285714285 0.014388489208633094 0.02531645569620253
1 0.5801644398766701 0.12658227848101267 0.013360739979445016 0.02531645569620253
1 0.6027749229188079 0.17540687160940324 0.01747173689619733 0.03616636528028933
1 0.5971223021582734 0.14828209764918626 0.01644398766700925 0.02531645569620253
1 0.6176772867420349 0.16998191681735986 0.01644398766700925 0.03616636528028933
1 0.604830421377184 0.11573236889692586 0.011305241521068859 0.02531645569620253
1 0.618191161356629 0.11573236889692586 0.011305241521068859 0.028933092224231464
1 0.6341212744090442 0.13291139240506328 0.014388489208633094 0.027124773960216998
1 0.6300102774922919 0.11754068716094032 0.014388489208633094 0.018083182640144666
1 0.6551901336073999 0.14376130198915008 0.01747173689619733 0.034358047016274866
1 0.656731757451182 0.12025316455696203 0.012332990750256938 0.027124773960216998
1 0.6798561151079137 0.1301989150090416 0.015416238437821172 0.028933092224231464
1 0.6875642343268242 0.11392405063291139 0.012332990750256938 0.028933092224231464
1 0.7081192189105858 0.12386980108499096 0.012332990750256938 0.03074141048824593
1 0.5637204522096608 0.298372513562387 0.025693730729701953 0.04701627486437613
1 0.5683453237410072 0.25949367088607594 0.024665981500513877 0.04159132007233273
1 0.6253854059609455 0.26311030741410485 0.025693730729701953 0.048824593128390596
1 0.6428571428571429 0.1980108499095841 0.019527235354573486 0.04159132007233273
1 0.6747173689619733 0.2260397830018083 0.02158273381294964 0.05063291139240506
1 0.6855087358684481 0.25949367088607594 0.022610483042137718 0.048824593128390596
1 0.7291880781089415 0.28752260397830015 0.03186022610483042 0.05786618444846293
1 0.7004110996916753 0.20976491862567812 0.01747173689619733 0.039783001808318265
1 0.7009249743062693 0.1826401446654611 0.01644398766700925 0.0325497287522604
1 0.736382322713258 0.1491862567811935 0.019527235354573486 0.034358047016274866
1 0.7456320657759506 0.1410488245931284 0.015416238437821172 0.0325497287522604
1 0.7661870503597122 0.14195298372513562 0.015416238437821172 0.034358047016274866
1 0.7420349434737924 0.18896925858951175 0.018499486125385406 0.034358047016274866
1 0.7543679342240494 0.21609403254972875 0.018499486125385406 0.045207956600361664
1 0.7661870503597122 0.25316455696202533 0.02158273381294964 0.054249547920433995
1 0.7934224049331963 0.30831826401446655 0.024665981500513877 0.059674502712477394
1 0.8484069886947585 0.3264014466546112 0.02774922918807811 0.06329113924050633
1 0.8627954779033916 0.28661844484629295 0.025693730729701953 0.05605786618444846
1 0.9244604316546763 0.3444846292947559 0.02774922918807811 0.06690777576853527
1 0.9198355601233299 0.30289330922242313 0.020554984583761562 0.04159132007233273
1 0.9244604316546763 0.24954792043399637 0.019527235354573486 0.0433996383363472
1 0.8895169578622816 0.24321880650994573 0.01747173689619733 0.0379746835443038
1 0.8401849948612539 0.244122965641953 0.02158273381294964 0.0433996383363472
1 0.7975334018499486 0.22151898734177214 0.014388489208633094 0.0379746835443038
1 0.802672147995889 0.16998191681735986 0.014388489208633094 0.03616636528028933
1 0.802672147995889 0.13743218806509946 0.012332990750256938 0.03616636528028933
1 0.8216855087358684 0.1410488245931284 0.013360739979445016 0.0325497287522604
1 0.8124357656731758 0.16365280289330922 0.013360739979445016 0.03074141048824593
1 0.8386433710174718 0.15280289330922242 0.014388489208633094 0.034358047016274866
1 0.8540596094552929 0.162748643761302 0.014388489208633094 0.02531645569620253
1 0.8612538540596095 0.19439421338155516 0.018499486125385406 0.04159132007233273
1 0.8381294964028777 0.20614828209764918 0.01747173689619733 0.0325497287522604
1 0.8689619732785201 0.17811934900542495 0.01747173689619733 0.034358047016274866
1 0.8874614594039054 0.16003616636528029 0.013360739979445016 0.034358047016274866
1 0.9146968139773896 0.17269439421338154 0.012332990750256938 0.034358047016274866
1 0.8926002055498459 0.21609403254972875 0.015416238437821172 0.03074141048824593
1 0.9429599177800617 0.20976491862567812 0.013360739979445016 0.028933092224231464
1 0.9516957862281603 0.18354430379746836 0.012332990750256938 0.03074141048824593
