1 0.08948635634028893 0.5603015075376885 0.04735152487961477 0.10217755443886098
1 0.20345104333868377 0.27721943048576214 0.015248796147672551 0.035175879396984924
1 0.22552166934189405 0.2830820770519263 0.02086677367576244 0.04020100502512563
1 0.27648475120385235 0.23115577889447236 0.015248796147672551 0.03685092127303183
1 0.2945425361155698 0.24120603015075376 0.016051364365971106 0.04355108877721943
1 0.30979133226324235 0.20351758793969849 0.014446227929373997 0.038525963149078725
1 0.33025682182985555 0.2236180904522613 0.01364365971107544 0.04187604690117253
1 0.34630818619582665 0.22529313232830822 0.015248796147672551 0.035175879396984924
1 0.3707865168539326 0.25711892797319935 0.019261637239165328 0.04187604690117253
1 0.39646869983948635 0.228643216080402 0.014446227929373997 0.04187604690117253
1 0.42897271268057785 0.31072026800670016 0.018459069020866775 0.048576214405360134
1 0.3651685393258427 0.19430485762144054 0.01765650080256822 0.03685092127303183
1 0.3888443017656501 0.18090452261306533 0.012038523274478331 0.03015075376884422
1 0.4257624398073836 0.2001675041876047 0.016853932584269662 0.031825795644891124
1 0.47191011235955055 0.24204355108877723 0.01765650080256822 0.04522613065326633
1 0.4931781701444623 0.2001675041876047 0.01043338683788122 0.031825795644891124
1 0.43940609951845905 0.16331658291457288 0.01364365971107544 0.031825795644891124
1 0.4534510433386838 0.15912897822445563 0.009630818619582664 0.02680067001675042
1 0.47592295345104335 0.16750418760469013 0.012841091492776886 0.02680067001675042
1 0.49398073836276085 0.14991624790619765 0.01364365971107544 0.031825795644891124
1 0.5180577849117175 0.16834170854271358 0.01364365971107544 0.038525963149078725
1 0.5501605136436597 0.2185929648241206 0.016853932584269662 0.031825795644891124
1 0.5296950240770465 0.15159128978224456 0.012841091492776886 0.035175879396984924
1 0.554975922953451 0.14991624790619765 0.015248796147672551 0.031825795644891124
1 0.5521669341894061 0.12562814070351758 0.016051364365971106 0.03015075376884422
1 0.5798555377207063 0.12981574539363483 0.01364365971107544 0.031825795644891124
1 0.598314606741573 0.12311557788944724 0.01364365971107544 0.02847571189279732
1 0.5758426966292135 0.19430485762144054 0.012038523274478331 0.03685092127303183
1 0.5999197431781701 0.20268006700167504 0.015248796147672551 0.03350083752093802
1 0.6095505617977528 0.17252931323283083 0.01043338683788122 0.03350083752093802
1 0.6103531300160514 0.1390284757118928 0.012038523274478331 0.02680067001675042
1 0.634430176565008 0.11976549413735343 0.012038523274478331 0.035175879396984924
1 0.6593097913322632 0.17671691792294808 0.01043338683788122 0.031825795644891124
1 0.656099518459069 0.1457286432160804 0.012038523274478331 0.02345058626465662
1 0.6645264847512038 0.1323283082077052 0.009630818619582664 0.03015075376884422
1 0.6918138041733547 0.1373534338358459 0.011235955056179775 0.03685092127303183
1 0.7150882825040128 0.15075376884422112 0.014446227929373997 0.03350083752093802
1 0.6765650080256822 0.17420435510887772 0.012841091492776886 0.02680067001675042
1 0.5742375601926164 0.32663316582914576 0.018459069020866775 0.04020100502512563
1 0.6059390048154093 0.37185929648241206 0.02247191011235955 0.05360134003350084
1 0.6119582664526485 0.2897822445561139 0.020064205457463884 0.05360134003350084
1 0.6629213483146067 0.24455611390284757 0.02086677367576244 0.04690117252931324
1 0.6982343499197432 0.21273031825795646 0.01765650080256822 0.04355108877721943
1 0.7247191011235955 0.25879396984924624 0.016051364365971106 0.04522613065326633
1 0.7223113964686998 0.3919597989949749 0.024077046548956663 0.05360134003350084
1 0.6585072231139647 0.4020100502512563 0.023274478330658106 0.06365159128978225
1 0.7957463884430177 0.45309882747068675 0.03130016051364366 0.07872696817420435
1 0.8587479935794542 0.518425460636516 0.02728731942215088 0.07202680067001675
1 0.8852327447833066 0.39865996649916247 0.01765650080256822 0.05695142378559464
1 0.9542536115569823 0.45226130653266333 0.019261637239165328 0.06700167504187604
1 0.949438202247191 0.37939698492462315 0.014446227929373997 0.05527638190954774
1 0.9731139646869984 0.3592964824120603 0.01364365971107544 0.051926298157453935
1 0.9735152487961477 0.3157453936348409 0.012841091492776886 0.031825795644891124
1 0.9763242375601926 0.2914572864321608 0.01043338683788122 0.02680067001675042
1 0.9719101123595506 0.25963149078726966 0.012841091492776886 0.03015075376884422
1 0.9582664526484751 0.254606365159129 0.012841091492776886 0.03015075376884422
1 0.9317817014446228 0.2663316582914573 0.012841091492776886 0.03685092127303183
1 0.9261637239165329 0.3274706867671692 0.01765650080256822 0.048576214405360134
1 0.8579454253611557 0.3341708542713568 0.02086677367576244 0.051926298157453935
1 0.8908507223113965 0.27889447236180903 0.012841091492776886 0.035175879396984924
1 0.8703852327447833 0.2989949748743719 0.018459069020866775 0.04187604690117253
1 0.9040930979133226 0.25879396984924624 0.015248796147672551 0.035175879396984924
1 0.9081059390048154 0.22529313232830822 0.015248796147672551 0.038525963149078725
1 0.8784109149277689 0.22278056951423786 0.01364365971107544 0.04020100502512563
1 0.8663723916532905 0.22613065326633167 0.016853932584269662 0.03685092127303183
1 0.8326645264847512 0.2051926298157454 0.01364365971107544 0.035175879396984924
1 0.8081861958266453 0.18509212730318259 0.01765650080256822 0.035175879396984924
1 0.8174157303370786 0.2219430485762144 0.015248796147672551 0.038525963149078725
1 0.8057784911717496 0.304857621440536 0.02086677367576244 0.05695142378559464
1 0.7953451043338684 0.24204355108877723 0.016051364365971106 0.04522613065326633
1 0.7784911717495987 0.2018425460636516 0.014446227929373997 0.035175879396984924
1 0.768860353130016 0.17755443886097153 0.012841091492776886 0.03685092127303183
1 0.757223113964687 0.1884422110552764 0.012038523274478331 0.031825795644891124
1 0.7439807383627608 0.22110552763819097 0.01765650080256822 0.03685092127303183
1 0.7508025682182985 0.28559463986599665 0.016853932584269662 0.04187604690117253
