1 0.061875 0.6033333333333334 0.08625000000000001 0.12666666666666668
1 0.12 0.5408333333333334 0.0375 0.058333333333333334
1 0.123125 0.505 0.03875 0.04666666666666667
1 0.196875 0.5675 0.05625 0.08833333333333333
1 0.19625 0.5075000000000001 0.0375 0.04833333333333334
1 0.23750000000000002 0.49750000000000005 0.035 0.058333333333333334
1 0.288125 0.48000000000000004 0.02625 0.043333333333333335
1 0.2625 0.7016666666666667 0.105 0.15000000000000002
1 0.344375 0.5725 0.04625 0.06833333333333334
1 0.39 0.5183333333333333 0.0375 0.05333333333333334
1 0.371875 0.5083333333333334 0.02375 0.04
1 0.39 0.48333333333333334 0.0225 0.03333333333333333
1 0.34375 0.4916666666666667 0.025 0.03666666666666667
1 0.445625 0.535 0.03875 0.05333333333333334
1 0.43062500000000004 0.4891666666666667 0.02375 0.03166666666666667
1 0.433125 0.4691666666666667 0.01375 0.021666666666666667
1 0.4825 0.49083333333333334 0.02 0.03166666666666667
1 0.486875 0.4708333333333334 0.01875 0.021666666666666667
1 0.474375 0.4766666666666667 0.01625 0.02666666666666667
1 0.510625 0.5125000000000001 0.02875 0.04166666666666667
1 0.511875 0.47000000000000003 0.01625 0.02666666666666667
1 0.535625 0.4808333333333334 0.02375 0.04166666666666667
1 0.56 0.49750000000000005 0.0375 0.058333333333333334
1 0.591875 0.49583333333333335 0.02375 0.04166666666666667
1 0.626875 0.48750000000000004 0.02375 0.03833333333333334
1 0.6525 0.4766666666666667 0.0175 0.02666666666666667
1 0.668125 0.4841666666666667 0.02125 0.035
1 0.691875 0.4741666666666667 0.02375 0.03166666666666667
1 0.71 0.4691666666666667 0.02 0.03166666666666667
1 0.7275 0.5025000000000001 0.0275 0.045000000000000005
1 0.7125 0.5275000000000001 0.0375 0.058333333333333334
1 0.66 0.54 0.0325 0.05666666666666667
1 0.6168750000000001 0.5650000000000001 0.04625 0.060000000000000005
1 0.553125 0.63 0.06125 0.09666666666666668
1 0.473125 0.7358333333333333 0.10375000000000001 0.165
1 0.794375 0.5516666666666667 0.03625 0.06666666666666667
1 0.759375 0.5075000000000001 0.02625 0.04166666666666667
1 0.770625 0.49000000000000005 0.01875 0.03666666666666667
1 0.785625 0.48500000000000004 0.02125 0.03333333333333333
1 0.793125 0.4708333333333334 0.01875 0.03166666666666667
1 0.811875 0.4791666666666667 0.01625 0.03166666666666667
1 0.8375 0.48750000000000004 0.0175 0.035
1 0.850625 0.5033333333333334 0.02625 0.04
1 0.859375 0.4783333333333334 0.01625 0.030000000000000002
1 0.910625 0.5141666666666667 0.03625 0.06833333333333334
1 0.935625 0.48000000000000004 0.02375 0.03333333333333333
1 0.9606250000000001 0.4941666666666667 0.01875 0.028333333333333335
1 0.985625 0.5116666666666667 0.02875 0.05
1 0.87375 0.5891666666666667 0.06 0.085
1 0.8675 0.6383333333333334 0.07 0.11
