1 0.036000000000000004 0.6223021582733813 0.064 0.1366906474820144
1 0.031 0.4838129496402878 0.042 0.08273381294964029
1 0.128 0.4802158273381295 0.04 0.07553956834532374
1 0.156 0.4460431654676259 0.032 0.07913669064748202
1 0.218 0.5287769784172662 0.052000000000000005 0.08633093525179857
1 0.17300000000000001 0.7086330935251799 0.094 0.15827338129496404
1 0.243 0.46223021582733814 0.042 0.08273381294964029
1 0.251 0.40827338129496404 0.034 0.0683453237410072
1 0.313 0.44244604316546765 0.034 0.05755395683453238
1 0.331 0.4172661870503597 0.026000000000000002 0.05755395683453238
1 0.304 0.5665467625899281 0.052000000000000005 0.11151079136690648
1 0.329 0.5179856115107914 0.046 0.08633093525179857
1 0.436 0.5485611510791367 0.056 0.08992805755395684
1 0.396 0.4694244604316547 0.036000000000000004 0.0683453237410072
1 0.398 0.4172661870503597 0.032 0.05035971223021583
1 0.436 0.41007194244604317 0.024 0.05035971223021583
1 0.453 0.4388489208633094 0.03 0.06474820143884892
1 0.499 0.46402877697841727 0.038 0.07194244604316546
1 0.47700000000000004 0.4064748201438849 0.022 0.05035971223021583
1 0.489 0.39748201438848924 0.03 0.053956834532374105
1 0.546 0.4136690647482015 0.024 0.05755395683453238
1 0.5640000000000001 0.42266187050359716 0.024 0.046762589928057555
1 0.5700000000000001 0.460431654676259 0.036000000000000004 0.06474820143884892
1 0.593 0.5539568345323741 0.05 0.10071942446043167
1 0.484 0.6492805755395684 0.07200000000000001 0.13309352517985612
1 0.611 0.4910071942446043 0.034 0.06115107913669065
1 0.615 0.4262589928057554 0.03 0.06115107913669065
1 0.663 0.44244604316546765 0.026000000000000002 0.05755395683453238
1 0.68 0.46582733812949645 0.028 0.0683453237410072
1 0.6940000000000001 0.4388489208633094 0.028 0.06474820143884892
1 0.729 0.539568345323741 0.042 0.09352517985611511
1 0.767 0.4946043165467626 0.042 0.08273381294964029
1 0.749 0.4478417266187051 0.038 0.07553956834532374
1 0.796 0.44244604316546765 0.032 0.05755395683453238
1 0.853 0.46582733812949645 0.03 0.0683453237410072
1 0.892 0.46223021582733814 0.028 0.0683453237410072
1 0.916 0.22122302158273383 0.052000000000000005 0.11151079136690648
