1 0.11851851851851852 0.6041666666666666 0.15555555555555556 0.10208333333333333
1 0.07407407407407407 0.7932291666666667 0.14074074074074075 0.171875
1 0.3666666666666667 0.7765625 0.24074074074074076 0.16770833333333332
1 0.6101851851851852 0.7536458333333333 0.2240740740740741 0.16770833333333332
1 0.8425925925925927 0.7588541666666666 0.22592592592592595 0.13020833333333334
1 0.38333333333333336 0.6015625 0.14814814814814814 0.090625
1 0.7000000000000001 0.546875 0.14074074074074075 0.09166666666666666
1 0.587962962962963 0.5885416666666666 0.16111111111111112 0.08125
1 0.5703703703703704 0.2739583333333333 0.14074074074074075 0.0875
1 0.8083333333333333 0.5723958333333333 0.1277777777777778 0.071875
1 0.9027777777777778 0.5515625 0.11296296296296297 0.071875
1 0.962037037037037 0.5317708333333333 0.07592592592592592 0.06979166666666667
