1 0.37488284910965325 0.13245033112582782 0.016869728209934397 0.033112582781456956
1 0.4442361761949391 0.11009933774834436 0.01499531396438613 0.028145695364238412
1 0.21790065604498596 0.22185430463576158 0.01780693533270853 0.029801324503311258
1 0.3392689784442362 0.2673841059602649 0.018744142455482664 0.0380794701986755
1 0.3701968134957826 0.2640728476821192 0.020618556701030927 0.041390728476821195
1 0.39878163074039363 0.271523178807947 0.025304592314901595 0.046357615894039736
1 0.46016869728209936 0.23013245033112584 0.018744142455482664 0.03642384105960265
1 0.48687910028116216 0.23178807947019867 0.019681349578256794 0.03642384105960265
1 0.4943767572633552 0.3021523178807947 0.023430178069353328 0.041390728476821195
1 0.6091846298031866 0.2591059602649007 0.020618556701030927 0.0380794701986755
1 0.4948453608247423 0.1978476821192053 0.020618556701030927 0.028145695364238412
1 0.45735707591377694 0.17798013245033112 0.020618556701030927 0.0347682119205298
1 0.5801312089971884 0.13410596026490065 0.022492970946579195 0.033112582781456956
1 0.7146204311152765 0.18543046357615894 0.025304592314901595 0.029801324503311258
1 0.7563261480787254 0.22764900662251655 0.02436738519212746 0.05132450331125828
