1 0.12 0.33583489681050654 0.0625 0.10881801125703565
1 0.18812500000000001 0.3602251407129456 0.058750000000000004 0.10881801125703565
1 0.228125 0.4146341463414634 0.07375 0.12382739212007504
1 0.284375 0.4099437148217636 0.07125000000000001 0.12570356472795496
1 0.36062500000000003 0.4455909943714822 0.08875 0.1294559099437148
1 0.356875 0.3348968105065666 0.05375 0.08067542213883677
1 0.33 0.3133208255159475 0.0275 0.052532833020637895
1 0.5025000000000001 0.3545966228893058 0.07 0.1125703564727955
1 0.50625 0.27861163227016883 0.04 0.06566604127579738
1 0.5593750000000001 0.3123827392120075 0.051250000000000004 0.08818011257035648
1 0.588125 0.43902439024390244 0.08875 0.16135084427767354
1 0.6 0.3677298311444653 0.0625 0.0900562851782364
1 0.62125 0.31144465290806755 0.0475 0.0675422138836773
1 0.700625 0.34803001876172607 0.04875 0.10318949343339587
1 0.73375 0.4896810506566604 0.11 0.17636022514071295
1 0.7625000000000001 0.3921200750469043 0.0625 0.0975609756097561
1 0.81 0.33771106941838647 0.0575 0.1125703564727955
1 0.86875 0.41181988742964354 0.08 0.13696060037523453
1 0.963125 0.4024390243902439 0.07375 0.17448405253283303
1 0.85875 0.2898686679174484 0.0325 0.06191369606003752
1 0.9025 0.2973733583489681 0.05 0.06566604127579738
1 0.914375 0.3630393996247655 0.04625 0.10318949343339587
1 0.973125 0.300187617260788 0.04125 0.06378986866791744
1 0.945625 0.2926829268292683 0.03375 0.0675422138836773
1 0.67375 0.29174484052532834 0.0375 0.07692307692307693
