1 0.2918181818181818 0.5217983651226158 0.03090909090909091 0.051771117166212535
1 0.9045454545454545 0.9182561307901907 0.04181818181818182 0.05994550408719346
1 0.6481818181818182 0.8950953678474114 0.04181818181818182 0.06267029972752043
1 0.5618181818181818 0.8814713896457765 0.04363636363636364 0.05722070844686648
1 0.5372727272727272 0.9550408719346049 0.05272727272727273 0.07901907356948229
1 0.46090909090909093 0.9645776566757492 0.05272727272727273 0.07084468664850135
1 0.4090909090909091 0.9141689373297003 0.05090909090909091 0.07901907356948229
1 0.4527272727272727 0.9087193460490463 0.04363636363636364 0.06267029972752043
1 0.4672727272727273 0.8773841961852861 0.03636363636363636 0.05994550408719346
1 0.37727272727272726 0.8569482288828337 0.04181818181818182 0.05722070844686648
1 0.30272727272727273 0.9618528610354223 0.06 0.07084468664850135
1 0.3009090909090909 0.9114441416893733 0.056363636363636366 0.06267029972752043
1 0.28363636363636363 0.8596730245231607 0.04363636363636364 0.05722070844686648
1 0.22727272727272727 0.8228882833787465 0.03636363636363636 0.05994550408719346
1 0.16454545454545455 0.874659400544959 0.056363636363636366 0.08719346049046321
1 0.07818181818181819 0.8446866485013623 0.06909090909090909 0.09264305177111716
1 0.02181818181818182 0.7901907356948229 0.04 0.08174386920980926
1 0.06727272727272728 0.7752043596730245 0.04727272727272727 0.07901907356948229
1 0.12454545454545454 0.8215258855585831 0.03090909090909091 0.051771117166212535
1 0.14636363636363636 0.7929155313351498 0.038181818181818185 0.049046321525885554
