1 0.111 0.257372654155496 0.05 0.08579088471849866
1 0.209 0.2225201072386059 0.05 0.07506702412868632
1 0.29 0.225201072386059 0.056 0.08042895442359249
1 0.39 0.21983914209115282 0.052000000000000005 0.09115281501340483
1 0.449 0.2037533512064343 0.046 0.06970509383378017
1 0.296 0.403485254691689 0.148 0.18498659517426275
1 0.56 0.18498659517426275 0.044 0.08042895442359249
1 0.62 0.20509383378016086 0.052000000000000005 0.0777479892761394
1 0.687 0.24664879356568364 0.058 0.096514745308311
1 0.663 0.22386058981233245 0.042 0.07238605898123325
1 0.79 0.2640750670241287 0.06 0.09383378016085792
1 0.889 0.2734584450402145 0.082 0.11796246648793565
