1 0.04736328125 0.427734375 0.0732421875 0.11458333333333333
1 0.14453125 0.3798828125 0.05859375 0.111328125
1 0.157470703125 0.6868489583333333 0.14208984375 0.20703125
1 0.3173828125 0.5524088541666666 0.08984375 0.16341145833333331
1 0.3017578125 0.4534505208333333 0.0849609375 0.115234375
1 0.273193359375 0.36100260416666663 0.05615234375 0.08528645833333333
1 0.449951171875 0.404296875 0.06494140625 0.109375
1 0.504150390625 0.353515625 0.05712890625 0.09244791666666666
1 0.562744140625 0.484375 0.08251953125 0.1328125
1 0.64404296875 0.6988932291666666 0.146484375 0.193359375
1 0.841796875 0.6070963541666666 0.13671875 0.19466145833333331
1 0.8203125 0.47916666666666663 0.0947265625 0.13541666666666666
1 0.644775390625 0.310546875 0.05029296875 0.08203125
1 0.6904296875 0.2952473958333333 0.0498046875 0.07096354166666666
1 0.66455078125 0.21516927083333331 0.0400390625 0.06315104166666666
1 0.767578125 0.294921875 0.044921875 0.06901041666666666
1 0.77490234375 0.22233072916666666 0.041015625 0.05403645833333333
1 0.860107421875 0.22786458333333331 0.05224609375 0.06510416666666666
1 0.844970703125 0.3440755208333333 0.05419921875 0.08528645833333333
1 0.935546875 0.33463541666666663 0.0517578125 0.0703125
1 0.972412109375 0.4111328125 0.05517578125 0.09049479166666666
1 0.925537109375 0.2864583333333333 0.05126953125 0.06380208333333333
