1 0.05501930501930502 0.3466003316749586 0.019305019305019305 0.03648424543946932
1 0.39768339768339767 0.19817578772802655 0.019305019305019305 0.03150912106135987
1 0.5193050193050193 0.07545605306799337 0.015444015444015444 0.024875621890547265
1 0.5067567567567568 0.15091210613598674 0.013513513513513514 0.03316749585406302
1 0.44305019305019305 0.25538971807628524 0.021235521235521235 0.03980099502487562
1 0.47297297297297297 0.22139303482587067 0.021235521235521235 0.04809286898839138
1 0.5936293436293436 0.12686567164179105 0.015444015444015444 0.024875621890547265
1 0.4917953667953668 0.2769485903814262 0.027992277992277992 0.05306799336650083
1 0.5376447876447876 0.27943615257048093 0.02316602316602317 0.05804311774461028
1 0.6602316602316602 0.24212271973466004 0.02316602316602317 0.05970149253731343
1 0.7239382239382239 0.18159203980099503 0.019305019305019305 0.03482587064676617
