      0/29     2.23G    0.0859   0.07501   0.01257    0.1735       173       640    0.6743    0.6054    0.6532    0.2769   0.05197   0.06699   0.00525
      1/29     3.11G   0.06254   0.06715  0.003894    0.1336       136       640    0.7691    0.6082    0.6959    0.3094   0.05419   0.06298   0.00313
      2/29     3.11G   0.05702   0.06674  0.002967    0.1267       162       640    0.7968    0.7852    0.8241    0.3752   0.04724   0.06367  0.002385
      3/29     3.11G   0.04978   0.06456  0.002292    0.1166       130       640    0.9127    0.8112    0.8747    0.4974   0.03975   0.06187  0.002195
      4/29     3.11G   0.04602   0.06297  0.001808    0.1108        43       640    0.8956    0.7941    0.8586      0.49   0.03871    0.0625  0.001935
      5/29     3.11G   0.04464   0.06229  0.001537    0.1085        75       640    0.8961    0.8326    0.8831    0.5154   0.03777    0.0608  0.002138
      6/29     3.11G   0.04326   0.06161  0.001335    0.1062        51       640    0.9166    0.8288    0.8896    0.5104    0.0384   0.06072  0.001738
      7/29     3.11G    0.0425   0.06066  0.001372    0.1045       130       640    0.9106    0.8382    0.8872    0.5391   0.03659   0.05988  0.001515
      8/29     3.11G    0.0418   0.06027  0.001239    0.1033       167       640    0.9089    0.8461    0.8906    0.5414   0.03614   0.05959  0.001485
      9/29     3.11G   0.04118   0.06062  0.001158     0.103        42       640    0.9185    0.8399    0.8981    0.5423   0.03609   0.05959  0.001435
     10/29     3.11G    0.0405   0.05856   0.00112    0.1002        43       640    0.9159     0.846    0.9015    0.5505   0.03608   0.05914  0.001333
     11/29     3.11G   0.04028    0.0598  0.001023    0.1011        51       640    0.9164    0.8492    0.9052    0.5527   0.03584   0.05919   0.00126
     12/29     3.11G   0.03987   0.05926 0.0008737       0.1        53       640    0.9101    0.8473    0.8982    0.5569   0.03552   0.05905  0.001636
     13/29     3.11G   0.03953    0.0588 0.0009024   0.09923       188       640    0.9223    0.8428    0.9004     0.557   0.03538   0.05899  0.001647
     14/29     3.11G   0.03961   0.05892  0.000792   0.09932        81       640    0.9119    0.8617    0.9033    0.5656   0.03516   0.05856   0.00113
     15/29     3.11G   0.03908   0.05867 0.0007382   0.09849        66       640    0.9087    0.8562    0.9015    0.5636   0.03512   0.05868  0.001641
     16/29     3.11G   0.03879   0.05809 0.0007462   0.09762       169       640    0.9129    0.8566    0.9019    0.5652   0.03511   0.05849   0.00143
     17/29     3.11G   0.03839   0.05799 0.0007422   0.09712        37       640    0.9226    0.8387    0.8997    0.5644   0.03501   0.05862  0.001321
     18/29     3.11G   0.03838   0.05804 0.0006486   0.09707        30       640    0.9281    0.8456    0.9026    0.5709   0.03477   0.05869  0.001437
     19/29     3.11G   0.03839   0.05781 0.0006112   0.09681       127       640    0.9144    0.8603    0.9076    0.5731   0.03473   0.05826  0.001381
     20/29     3.11G   0.03804   0.05871 0.0006086   0.09735        42       640    0.9165    0.8579    0.9049    0.5719   0.03461   0.05821  0.001365
     21/29     3.11G   0.03767   0.05592 0.0005894   0.09418        50       640    0.9243    0.8524    0.9034    0.5712   0.03464   0.05834  0.001477
     22/29     3.11G   0.03752     0.057 0.0005234   0.09505       179       640    0.9192    0.8599    0.9103    0.5774   0.03446   0.05807  0.001304
